0,05	-0,0216576582555	-0,0259155555556	1,1831382716
0,1	-0,0249504582555	0,0291168888889	1,24237987654
0,15	-0,0219320582555	0,100613333333	1,1953677037
0,2	-0,0145232582555	0,164030222222	0,860718271605
0,25	-0,00409605825545	0,199244888889	0,243148888889
0,3	0,00715434174455	0,192384888889	-0,480538765432
0,35	0,0167583417445	0,145889333333	-1,10437530864
0,4	0,0225207417445	0,0757648888889	-1,55713530864
0,45	0,0255391417445	-0,0193604444444	-1,74582765432
0,5	0,0208743417445	-0,118449333333	-1,49141481481
0,55	0,0120935417445	-0,183848	-0,870034320988
0,6	0,00111754174455	-0,212964888889	-0,0497138271605
0,65	-0,0112304582555	-0,19208	0,825910123457
0,7	-0,0202856582555	-0,121498222222	1,48726493827
0,75	-0,0244016582555	-0,0256106666667	1,7456582716
0,8	-0,0227552582555	0,0702768888889	1,59355259259
0,85	-0,0164440582555	0,145279555556	1,13918345679
0,9	-0,00711445825545	0,191165333333	0,496206666667
0,95	0,00413594174455	0,200312	-0,270927654321
1	0,0148375417445	0,163268	-1,01400962963
1,05	0,0216975417445	0,093296	-1,59185876543
1,1	0,0258135417445	-0,0103662222222	-1,81273382716
1,15	0,0205999417445	-0,112199111111	-1,50250938272
1,2	0,0126423417445	-0,173939111111	-0,860972345679
1,25	0,00194074174455	-0,201531555556	-0,103916296296
1,3	-0,00930965825545	-0,184610222222	0,655257037037
1,35	-0,0180904582555	-0,129730222222	1,2606308642
1,4	-0,0233040582555	-0,0487822222222	1,62073851852
1,45	-0,0235784582555	0,0455808888889	1,65469975309
1,5	-0,0183648582555	0,131407111111	1,33160222222
1,55	-0,00930965825545	0,189945777778	0,720808148148
1,6	0,00194074174455	0,213117333333	-0,111538518519
1,65	0,0142887417445	0,182171111111	-0,99300617284
1,7	0,0222463417445	0,103509777778	-1,62505777778
1,75	0,0258135417445	-0,00152444444444	-1,78546320988
1,8	0,0214231417445	-0,0951253333333	-1,48387728395
1,85	0,0148375417445	-0,157170222222	-0,956673580247
1,9	0,00495914174455	-0,194976444444	-0,30099308642
1,95	-0,00629125825545	-0,192537333333	0,45191308642
2	-0,0161696582555	-0,146804	1,12597160494
2,05	-0,0222064582555	-0,069972	1,56255555556
2,1	-0,0238528582555	0,0231715555556	1,66223728395
2,15	-0,0197368582555	0,112046666667	1,38326395062
2,2	-0,0115048582555	0,174091555556	0,798385432099
2,25	-0,000803258255455	0,198635111111	0,044717037037
2,3	0,0101727417445	0,178969777778	-0,71902962963
2,35	0,0186791417445	0,120431111111	-1,32736765432
2,4	0,0233439417445	0,0346048888889	-1,64894074074
2,45	0,0225207417445	-0,0599106666667	-1,59744839506
2,5	0,0167583417445	-0,140248888889	-1,18381580247
2,55	0,00715434174455	-0,188726222222	-0,512721481481
2,6	-0,00382165825545	-0,195281333333	0,258054567901
2,65	-0,0139744582555	-0,161438666667	0,983774814815
2,7	-0,0216576582555	-0,0884177777778	1,49895234568
2,75	-0,0235784582555	0,00350622222222	1,66037407407
2,8	-0,0211088582555	0,0920764444444	1,46414419753
2,85	-0,0137000582555	0,162810666667	0,950067654321
2,9	-0,00327285825545	0,196196	0,219858765432
2,95	0,00770314174455	0,186439555556	-0,552865185185
3	0,0170327417445	0,135828	-1,20253259259
3,05	0,0225207417445	0,0553373333333	-1,58711604938
3,1	0,0230695417445	-0,0373488888889	-1,62133135802
3,15	0,0184047417445	-0,121193333333	-1,30323061728
3,2	0,00989834174455	-0,179122222222	-0,702684197531
3,25	-0,00107765825545	-0,198330222222	0,0619940740741
3,3	-0,0117792582555	-0,173024444444	0,825147901235
3,35	-0,0200112582555	-0,108235555556	1,40486024691
3,4	-0,0235784582555	-0,0195128888889	1,66714938272
3,45	-0,0222064582555	0,0743928888889	1,54731111111
3,5	-0,0153464582555	0,149852888889	1,07845975309
3,55	-0,00574245825545	0,190250666667	0,406095061728
3,6	0,00523354174455	0,192384888889	-0,326485185185
3,65	0,0151119417445	0,154578666667	-0,996055061728
3,7	0,0216975417445	0,0881128888889	-1,52224246914
3,75	0,0252647417445	-0,00701244444444	-1,78012765432
3,8	0,0216975417445	-0,112808888889	-1,53181259259
3,85	0,0120935417445	-0,179884444444	-0,847252345679
3,9	0,00166634174455	-0,200159555556	-0,0520851851852
3,95	-0,00930965825545	-0,182018666667	0,690996790123
4	-0,0180904582555	-0,125766666667	1,28578419753
4,05	-0,0230296582555	-0,0426844444444	1,6110837037
4,1	-0,0227552582555	0,0498493333333	1,58711604938
4,15	-0,0175416582555	0,130492444444	1,21405061728
4,2	-0,00848645825545	0,181713777778	0,5831
4,25	0,00221514174455	0,193756888889	-0,169382716049
4,3	0,0126423417445	0,163420444444	-0,887480740741
4,35	0,0200511417445	0,0968022222222	-1,41002641975
4,4	0,0230695417445	0,0106711111111	-1,63886246914
4,45	0,0214231417445	-0,0812528888889	-1,51563654321
4,5	0,0142887417445	-0,156560444444	-1,02468074074
4,55	0,00413594174455	-0,193756888889	-0,293540246914
4,6	-0,00684005825545	-0,187964	0,49264962963
4,65	-0,0164440582555	-0,139181777778	1,15375037037
4,7	-0,0219320582555	-0,0612826666667	1,54426222222
4,75	-0,0230296582555	0,0285071111111	1,60515530864
4,8	-0,0189136582555	0,113266222222	1,3203382716
4,85	-0,0106816582555	0,173024444444	0,737661728395
4,9	1,99417445452E-005	0,193756888889	-0,00829975308642
4,95	0,0104471417445	0,171652444444	-0,745622716049
5	0,0186791417445	0,112656444444	-1,32177802469
5,05	0,0227951417445	0,0277448888889	-1,60981333333
5,1	0,0216975417445	-0,063112	-1,53884197531
5,15	0,0159351417445	-0,140401333333	-1,12309209877
5,2	0,00633114174455	-0,185829777778	-0,455300740741
5,25	-0,00437045825545	-0,189488444444	0,303449135802
5,3	-0,0142488582555	-0,152749333333	0,994530617284
5,35	-0,0211088582555	-0,0811004444444	1,46778592593
5,4	-0,0230296582555	0,00746977777778	1,6157417284
5,45	-0,0202856582555	0,0943631111111	1,41959654321
5,5	-0,0128768582555	0,162658222222	0,904842469136
5,55	-0,00244965825545	0,193452	0,187676049383
5,6	0,00825194174455	0,182171111111	-0,559809876543
5,65	0,0173071417445	0,131712	-1,18025876543
5,7	0,0222463417445	0,057624	-1,60388493827
5,75	0,0244415417445	-0,042532	-1,68112345679
5,8	0,0175815417445	-0,132931555556	-1,27045506173
5,85	0,00907514174455	-0,180036888889	-0,593093580247
5,9	-0,00162645825545	-0,193604444444	0,150327160494
5,95	-0,0120536582555	-0,163877777778	0,855043950617
6	-0,0194624582555	-0,0998511111111	1,36132888889
6,05	-0,0227552582555	-0,0166164444444	1,5925362963
6,1	-0,0213832582555	0,0721062222222	1,5013237037
6,15	-0,0150720582555	0,147871111111	1,06685703704
6,2	-0,00519365825545	0,190098222222	0,369000246914
6,25	0,00578234174455	0,188268888889	-0,414564197531
6,3	0,0153863417445	0,143907555556	-1,09048592593
6,35	0,0214231417445	0,0686	-1,51191012346
6,4	0,0227951417445	-0,02058	-1,60490123457
6,45	0,0192279417445	-0,105948888889	-1,35108123457
6,5	0,0112703417445	-0,168298666667	-0,793473333333
6,55	0,000843141744545	-0,192994666667	-0,0532708641975
6,6	-0,00985845825545	-0,173786666667	0,693029382716
6,65	-0,0180904582555	-0,11662	1,2743508642
6,7	-0,0224808582555	-0,0350622222222	1,57856222222
6,75	-0,0219320582555	0,0544226666667	1,55171506173
6,8	-0,0167184582555	0,134760888889	1,17263654321
6,85	-0,00711445825545	0,183390666667	0,51619382716
6,9	0,00331274174455	0,190860444444	-0,250432345679
6,95	0,0137399417445	0,155645777778	-0,953370617284
7	0,0203255417445	0,0855213333333	-1,42332296296
7,05	0,0227951417445	0,00106711111111	-1,59067308642
7,1	0,0205999417445	-0,0862835555556	-1,43543382716
7,15	0,0134655417445	-0,155950666667	-0,956165432099
7,2	0,00358714174455	-0,191317777778	-0,252210864198
7,25	-0,00738885825545	-0,184457777778	0,525340493827
7,3	-0,0167184582555	-0,133693777778	1,18068222222
7,35	-0,0219320582555	-0,0541177777778	1,54908962963
7,4	-0,0224808582555	0,0352146666667	1,57534395062
7,45	-0,0180904582555	0,11662	1,2701162963
7,5	-0,00985845825545	0,173634222222	0,687439753086
7,55	0,000843141744545	0,192537333333	-0,061570617284
7,6	0,0112703417445	0,166774222222	-0,79576
7,65	0,0189535417445	0,105339111111	-1,34769358025
7,7	0,0227951417445	0,0199702222222	-1,60354617284
7,75	0,0211487417445	-0,069972	-1,49700444444
7,8	0,0151119417445	-0,143450222222	-1,0580491358
7,85	0,00550794174455	-0,185372444444	-0,386361975309
7,9	-0,00519365825545	-0,184915111111	0,359345432099
7,95	-0,0145232582555	-0,145889333333	1,02086962963
8	-0,0211088582555	-0,0745453333333	1,47244395062
8,05	-0,0227552582555	0,0147871111111	1,59761777778
8,1	-0,0194624582555	0,100308444444	1,36141358025
8,15	-0,0117792582555	0,163268	0,824385679012
8,2	-0,00162645825545	0,189640888889	0,113655802469
8,25	0,00880074174455	0,175768444444	-0,624090617284
8,3	0,0175815417445	0,122412888889	-1,23734074074
8,35	0,0222463417445	0,0405502222222	-1,57331135802
8,4	0,0219719417445	-0,0498493333333	-1,55146098765
8,45	0,0167583417445	-0,128510666667	-1,18830444444
8,5	0,00797754174455	-0,179122222222	-0,565822962963
8,55	-0,00272405825545	-0,190708	0,189454567901
8,6	-0,0128768582555	-0,159304444444	0,914666666667
8,65	-0,0202856582555	-0,0897897777778	1,41976592593
8,7	-0,0224808582555	-0,00335377777778	1,5947382716
8,75	-0,0205600582555	0,08232	1,44940790123
8,8	-0,0137000582555	0,153816444444	0,99554691358
8,85	-0,00382165825545	0,191470222222	0,306498024691
8,9	0,00687994174455	0,191317777778	-0,514838765432
8,95	0,0178559417445	0,135828	-1,22785530864
9	0,0216975417445	0,0503066666667	-1,5529854321
9,05	0,0225207417445	-0,0330804444444	-1,53884197531
9,1	0,0184047417445	-0,113571111111	-1,2475037037
9,15	0,0101727417445	-0,169060888889	-0,690149876543
9,2	1,99417445452E-005	-0,189031111111	0,0183780246914
9,25	-0,0104072582555	-0,167841333333	0,737492345679
9,3	-0,0183648582555	-0,108540444444	1,29323703704
9,35	-0,0222064582555	-0,026068	1,55408641975
9,4	-0,0211088582555	0,0605204444444	1,48252222222
9,45	-0,0156208582555	0,134151111111	1,11267506173
9,5	-0,00656565825545	0,180799111111	0,509757283951
9,55	0,00386154174455	0,190708	-0,230360493827
9,6	0,0140143417445	0,161438666667	-1,01087604938
9,65	0,0225207417445	0,0797284444444	-1,55315481481
9,7	0,0225207417445	-0,0166164444444	-1,61116839506
9,75	0,0197767417445	-0,0943631111111	-1,33498987654
9,8	0,0126423417445	-0,157170222222	-0,843695308642
9,85	0,00276394174455	-0,186744444444	-0,169298024691
9,9	-0,00766325825545	-0,177140444444	0,562181234568
9,95	-0,0167184582555	-0,125919111111	1,18195259259
10	-0,0213832582555	-0,0469528888889	1,52173432099
10,05	-0,0216576582555	0,0394831111111	1,53291358025
10,1	-0,0172672582555	0,119973777778	1,20863037037
10,15	-0,00848645825545	0,172414666667	0,601054567901
10,2	0,00166634174455	0,184762666667	-0,125766666667
10,25	0,0115447417445	0,158084888889	-0,812952345679
10,3	0,0189535417445	0,09604	-1,31754345679
10,35	0,0219719417445	0,0138724444444	-1,52486790123
10,4	0,0203255417445	-0,0692097777778	-1,41519259259
10,45	0,0145631417445	-0,139334222222	-1,01223111111
10,5	0,00523354174455	-0,180494222222	-0,371371604938
10,55	-0,00519365825545	-0,180799111111	0,369084938272
10,6	-0,0145232582555	-0,140401333333	1,03298049383
10,65	-0,0205600582555	-0,0678377777778	1,46287382716
10,7	-0,0219320582555	0,0198177777778	1,55628839506
10,75	-0,0183648582555	0,102442666667	1,29577777778
10,8	-0,0106816582555	0,160981333333	0,751974567901
10,85	-0,000803258255455	0,183848	0,0535249382716
10,9	0,00934954174455	0,166469333333	-0,649921481481
10,95	0,0173071417445	0,113113777778	-1,21150987654
11	0,0216975417445	0,0347573333333	-1,51309580247
11,05	0,0211487417445	-0,052136	-1,47845703704
11,1	0,0159351417445	-0,126376444444	-1,1197891358
11,15	0,00742874174455	-0,173939111111	-0,517210123457
11,2	-0,00299845825545	-0,183390666667	0,210542716049
11,25	-0,0126024582555	-0,151834666667	0,904080246914
11,3	-0,0197368582555	-0,0839968888889	1,38512716049
11,35	-0,0216576582555	0,000762222222222	1,53613185185
11,4	-0,0194624582555	0,08232	1,36691851852
11,45	-0,0128768582555	0,148785777778	0,912549382716
11,5	-0,00327285825545	0,182933333333	0,240354074074
11,55	0,00715434174455	0,175616	-0,495020987654
11,6	0,0159351417445	0,128510666667	-1,11504641975
11,65	0,0211487417445	0,0533555555556	-1,47794888889
11,7	0,0216975417445	-0,0326231111111	-1,51555185185
11,75	0,0175815417445	-0,111284444444	-1,22963382716
11,8	0,00962394174455	-0,166469333333	-0,676683950617
11,85	-0,000528858255455	-0,185677333333	0,0354009876543
11,9	-0,0106816582555	-0,163115555556	0,749264444444
11,95	-0,0183648582555	-0,103662222222	1,29459209877
12	-0,0219320582555	-0,021952	1,55323950617
12,05	-0,0208344582555	0,0657035555556	1,46719308642
12,1	-0,0147976582555	0,139181777778	1,03933234568
12,15	-0,00546805825545	0,178969777778	0,383821234568
12,2	0,00468474174455	0,179732	-0,335123703704
12,25	0,0140143417445	0,142688	-0,982843209877
12,3	0,0203255417445	0,0730208888889	-1,42010469136
12,35	0,0219719417445	-0,0125004444444	-1,53960419753
12,4	0,0189535417445	-0,0951253333333	-1,31678123457
12,45	0,0115447417445	-0,155950666667	-0,806346419753
12,5	0,00194074174455	-0,182323555556	-0,12949308642
12,55	-0,00821205825545	-0,170432888889	0,581744938272
12,6	-0,0167184582555	-0,119821333333	1,17992
12,65	-0,0213832582555	-0,04116	1,51072444444
12,7	-0,0211088582555	0,0451235555556	1,51030098765
12,75	-0,0164440582555	0,122108	1,19931432099
12,8	-0,00793765825545	0,174853777778	0,630527160494
12,85	0,00221514174455	0,194671555556	-0,143975308642
12,9	0,0137399417445	0,163877777778	-0,958028641975
12,95	0,0208743417445	0,0844542222222	-1,46355135802
13	0,0222463417445	-0,00228666666667	-1,53697876543
13,05	0,0200511417445	-0,0789662222222	-1,3340582716
13,1	0,0140143417445	-0,143145333333	-0,916445185185
13,15	0,00468474174455	-0,180036888889	-0,289898518519
13,2	-0,00574245825545	-0,176225777778	0,423880246914
13,25	-0,0145232582555	-0,133693777778	1,04720864198
13,3	-0,0202856582555	-0,0621973333333	1,44331012346
13,35	-0,0213832582555	0,0240862222222	1,51512839506
13,4	-0,0175416582555	0,103204888889	1,25029851852
13,45	-0,0101328582555	0,159609333333	0,722078518518
13,5	-0,000254458255455	0,182476	0,0271012345679
13,55	0,00989834174455	0,163115555556	-0,681003209877
13,6	0,0175815417445	0,107016	-1,21862395062
13,65	0,0214231417445	0,0298791111111	-1,48142123457
13,7	0,0208743417445	-0,0542702222222	-1,42298419753
13,75	0,0153863417445	-0,124547111111	-1,06380814815
13,8	0,00742874174455	-0,169518222222	-0,482910123457
13,85	-0,00299845825545	-0,178817333333	0,230529876543
13,9	-0,0123280582555	-0,144517333333	0,896203950617
13,95	-0,0186392582555	-0,0801857777778	1,35006493827
14	-0,0211088582555	0,00259155555556	1,50615111111
14,05	-0,0183648582555	0,0846066666667	1,32059234568
14,1	-0,0117792582555	0,146346666667	0,849454320988
14,15	-0,00244965825545	0,176530666667	0,203089876543
14,2	0,00742874174455	0,168603555556	-0,490362962963
14,25	0,0159351417445	0,12348	-1,08438814815
14,3	0,0208743417445	0,0512213333333	-1,45338839506
14,35	0,0216975417445	-0,0352146666667	-1,49717382716
14,4	0,0170327417445	-0,113876	-1,17958123457
14,45	0,00907514174455	-0,163877777778	-0,601562716049
14,5	-0,000803258255455	-0,17836	0,0894340740741
14,55	-0,0104072582555	-0,153054222222	0,742827901235
14,6	-0,0172672582555	-0,0977168888889	1,23818765432
14,65	-0,0211088582555	-0,0201226666667	1,49480246914
14,7	-0,0197368582555	0,0661608888889	1,41112740741
14,75	-0,0137000582555	0,134913333333	1,00452419753
14,8	-0,00491925825545	0,173481777778	0,409990864198
14,85	0,00495914174455	0,178055111111	-0,262289135802
14,9	0,0140143417445	0,150005333333	-0,963110123457
14,95	0,0219719417445	0,0780515555556	-1,52664641975
15	0,0233439417445	-0,0240862222222	-1,62725975309
15,05	0,0184047417445	-0,105948888889	-1,2596145679
15,1	0,0112703417445	-0,155645777778	-0,702345432099
15,15	0,00194074174455	-0,178055111111	-0,0680918518519
15,2	-0,00793765825545	-0,164944888889	0,599445432099
15,25	-0,0161696582555	-0,114638222222	1,16696222222
15,3	-0,0205600582555	-0,0368915555556	1,46990320988
15,35	-0,0200112582555	0,0460382222222	1,44347950617
15,4	-0,0156208582555	0,120126222222	1,10505283951
15,45	-0,00684005825545	0,166469333333	0,524154814815
15,5	0,00248954174455	0,176835555556	-0,164894074074
15,55	0,0123679417445	0,149395555556	-0,832854814815
15,6	0,0189535417445	0,0861311111111	-1,31915259259
15,65	0,0216975417445	0,00487822222222	-1,50411851852
15,7	0,0195023417445	-0,0778991111111	-1,35684024691
15,75	0,0131911417445	-0,143145333333	-0,910347407407
15,8	0,00386154174455	-0,176683111111	-0,272113333333
15,85	-0,00601685825545	-0,172262222222	0,41761308642
15,9	-0,0147976582555	-0,132016888889	1,02874592593
15,95	-0,0205600582555	-0,0605204444444	1,42044345679
16	-0,0213832582555	0,0239337777778	1,48362320988
16,05	-0,0178160582555	0,101070666667	1,22379012346
16,1	-0,0104072582555	0,156560444444	0,70742691358
16,15	-0,000803258255455	0,178207555556	0,0401437037037
16,2	0,00907514174455	0,160981333333	-0,639419753086
16,25	0,0167583417445	0,107473333333	-1,16992641975
16,3	0,0203255417445	0,0371964444444	-1,50047679012
16,35	0,0216975417445	-0,0551848888889	-1,51191012346
16,4	0,0142887417445	-0,135065777778	-1,07049876543
16,45	0,00605674174455	-0,170585333333	-0,411430617284
16,5	-0,00382165825545	-0,175920888889	0,276771358025
16,55	-0,0131512582555	-0,141468444444	0,917292098765
16,6	-0,0191880582555	-0,076832	1,36293802469
16,65	-0,0216576582555	0,00625022222222	1,5186854321
16,7	-0,0189136582555	0,0937533333333	1,26478074074
16,75	-0,0104072582555	0,144212444444	0,742404444444
16,8	-0,00327285825545	0,165402222222	0,208256049383
16,85	0,00660554174455	0,166774222222	-0,374674567901
16,9	0,0148375417445	0,133084	-1,02154716049
16,95	0,0216975417445	0,0600631111111	-1,53037283951
17	0,0219719417445	-0,0373488888889	-1,64072567901
17,05	0,0175815417445	-0,125919111111	-1,25952987654
17,1	0,00770314174455	-0,177292888889	-0,547783703704
17,15	-0,00217525825545	-0,181561333333	0,219181234568
17,2	-0,0117792582555	-0,149700444444	0,862496790123
17,25	-0,0183648582555	-0,0881128888889	1,3076345679
17,3	-0,0216576582555	-0,00457333333333	1,42645654321
17,35	-0,0180904582555	0,0673804444444	1,24453950617
17,4	-0,0142488582555	0,12348	0,924067407407
17,45	-0,00546805825545	0,167079111111	0,42489654321
17,5	0,00413594174455	0,172414666667	-0,214438518519
17,55	0,0129167417445	0,146956444444	-0,871812839506
17,6	0,0205999417445	0,0811004444444	-1,40316641975
17,65	0,0222463417445	-0,0103662222222	-1,55501802469
17,7	0,0189535417445	-0,0916191111111	-1,3139017284
17,75	0,0120935417445	-0,150615111111	-0,825486666667
17,8	0,00276394174455	-0,179427111111	-0,186236296296
17,85	-0,00711445825545	-0,174244	0,545242962963
17,9	-0,0167184582555	-0,122870222222	1,20177037037
17,95	-0,0208344582555	-0,0391782222222	1,52800148148
18	-0,0205600582555	0,0464955555556	1,46914098765
18,05	-0,0156208582555	0,119211555556	1,10920271605
18,1	-0,00766325825545	0,166316888889	0,524493580247
18,15	0,00248954174455	0,177140444444	-0,181747654321
18,2	0,0118191417445	0,146346666667	-0,843441234568
18,25	0,0184047417445	0,0839968888889	-1,30026641975
18,3	0,0208743417445	0,00472577777778	-1,47210518519
18,35	0,0189535417445	-0,0759173333333	-1,32838395062
18,4	0,0126423417445	-0,140401333333	-0,889259259259
18,45	0,00358714174455	-0,173176888889	-0,251109876543
18,5	-0,00629125825545	-0,167079111111	0,431248395062
18,55	-0,0145232582555	-0,125919111111	1,01528
18,6	-0,0200112582555	-0,0571666666667	1,38826074074
18,65	-0,0208344582555	0,0253057777778	1,45897802469
18,7	-0,0172672582555	0,102442666667	1,20431111111
18,75	-0,00958405825545	0,156103111111	0,698110864198
18,8	-0,000254458255455	0,176530666667	0,0697009876543
18,85	0,00934954174455	0,163572888889	-0,582507160494
18,9	0,0173071417445	0,117839555556	-1,18559432099
18,95	0,0227951417445	0,0373488888889	-1,57602148148
19	0,0219719417445	-0,0615875555556	-1,50047679012
19,05	0,0148375417445	-0,127596	-1,06372345679
19,1	0,00852634174455	-0,171957333333	-0,475796049383
19,15	-0,00354725825545	-0,183390666667	0,27270617284
19,2	-0,0123280582555	-0,141316	0,940074074074
19,25	-0,0183648582555	-0,0777466666667	1,35167407407
19,3	-0,0208344582555	0,00396355555556	1,4938708642
19,35	-0,0180904582555	0,0859786666667	1,29137382716
19,4	-0,0112304582555	0,145432	0,798893580247
19,45	-0,00217525825545	0,171804888889	0,152020987654
19,5	0,00742874174455	0,161286222222	-0,514161234568
19,55	0,0153863417445	0,115857777778	-1,0669417284
19,6	0,0200511417445	0,045276	-1,39164839506
19,65	0,0203255417445	-0,0355195555556	-1,41714049383
19,7	0,0162095417445	-0,108997777778	-1,1345254321
19,75	0,00852634174455	-0,159914222222	-0,591399753086
19,8	-0,00135205825545	-0,173786666667	0,0880790123457
19,85	-0,0104072582555	-0,149548	0,737831111111
19,9	-0,0175416582555	-0,0940582222222	1,23649382716
19,95	-0,0208344582555	-0,015092	1,46719308642
20	-0,0191880582555	0,0670755555556	1,35616271605
20,05	-0,0134256582555	0,133084	0,94109037037
20,1	-0,00464485825545	0,169060888889	0,328348395062
20,15	0,00495914174455	0,168603555556	-0,351384444444
20,2	0,0137399417445	0,130949777778	-0,956419506173
20,25	0,0192279417445	0,0646364444444	-1,3550617284
20,3	0,0208743417445	-0,0170737777778	-1,45288024691
20,35	0,0173071417445	-0,0943631111111	-1,22379012346
20,4	0,0104471417445	-0,148938222222	-0,748840987654
20,45	0,00139194174455	-0,175920888889	-0,106965185185
20,5	-0,00876085825545	-0,163420444444	0,604780987654
20,55	-0,0167184582555	-0,110217333333	1,18635654321
20,6	-0,0208344582555	-0,0317084444444	1,46787061728
20,65	-0,0200112582555	0,0512213333333	1,40155728395
20,7	-0,0150720582555	0,119668888889	1,05017283951
20,75	-0,00711445825545	0,164030222222	0,502219753086
20,8	0,00276394174455	0,174244	-0,151851604938
20,85	0,0118191417445	0,146956444444	-0,767303703704
20,9	0,0184047417445	0,0939057777778	-1,26833777778
20,95	0,0227951417445	0,00884177777778	-1,50310222222
21	0,0189535417445	-0,0728684444444	-1,36564814815
21,05	0,0145631417445	-0,134608444444	-1,00511703704
21,1	0,00550794174455	-0,185677333333	-0,365019753086
21,15	-0,00656565825545	-0,181408888889	0,464955555556
21,2	-0,0147976582555	-0,129272888889	1,1034437037
21,25	-0,0200112582555	-0,0577764444444	1,44195506173
21,3	-0,0211088582555	0,0259155555556	1,48413135802
21,35	-0,0172672582555	0,104119555556	1,19956839506
21,4	-0,00958405825545	0,156560444444	0,659152839506
21,45	-0,000254458255455	0,175463555556	-0,0155832098765
21,5	0,00962394174455	0,154426222222	-0,67871654321
21,55	0,0164839417445	0,101070666667	-1,18559432099
21,6	0,0205999417445	0,0262204444444	-1,44923851852
21,65	0,0195023417445	-0,0570142222222	-1,39342691358
21,7	0,0142887417445	-0,126224	-1,02281753086
21,75	0,00578234174455	-0,168451111111	-0,427183209877
21,8	-0,00409605825545	-0,173176888889	0,269996049383
21,85	-0,0131512582555	-0,138876888889	0,906197530864
21,9	-0,0191880582555	-0,0745453333333	1,34439061728
21,95	-0,0213832582555	0,00777466666667	1,48353851852
22	-0,0183648582555	0,0885702222222	1,27612938272
22,05	-0,0115048582555	0,146346666667	0,80262
22,1	-0,00244965825545	0,173481777778	0,194451358025
22,15	0,00715434174455	0,166926666667	-0,456655802469
22,2	0,0153863417445	0,128510666667	-1,09057061728
22,25	0,0216975417445	0,0527457777778	-1,55586493827
22,3	0,0219719417445	-0,0478675555556	-1,56602790123
22,35	0,0156607417445	-0,125004444444	-1,1145382716
22,4	0,00770314174455	-0,163877777778	-0,501372839506
22,45	-0,00162645825545	-0,175006222222	0,141773333333
22,5	-0,0112304582555	-0,150310222222	0,773401481481
22,55	-0,0180904582555	-0,0923813333333	1,26274814815
22,6	-0,0213832582555	-0,0126528888889	1,48057432099
22,65	-0,0194624582555	0,0698195555556	1,3625145679
22,7	-0,0137000582555	0,135675555556	0,953878765432
22,75	-0,00464485825545	0,172262222222	0,36315654321
22,8	0,00495914174455	0,173329333333	-0,280751851852
22,85	0,0137399417445	0,144669777778	-0,917038024691
22,9	0,0211487417445	0,0775942222222	-1,42908197531
22,95	0,0225207417445	-0,0129577777778	-1,60083604938
23	0,0195023417445	-0,0977168888889	-1,39656049383
23,05	0,0123679417445	-0,168298666667	-0,823962222222
23,1	0,000568741744545	-0,191470222222	-0,00736814814815
23,15	-0,00903525825545	-0,163877777778	0,722163209877
23,2	-0,0167184582555	-0,108997777778	1,22463703704
23,25	-0,0208344582555	-0,0321657777778	1,47727135802
23,3	-0,0202856582555	0,0515262222222	1,41603950617
23,35	-0,0150720582555	0,121650666667	1,05830320988
23,4	-0,00711445825545	0,166316888889	0,479268395062
23,45	0,00303834174455	0,174701333333	-0,214946666667
23,5	0,0120935417445	0,142230666667	-0,848522716049
23,55	0,0184047417445	0,080948	-1,27265703704
23,6	0,0208743417445	0,00350622222222	-1,42222197531
23,65	0,0186791417445	-0,0734782222222	-1,27748444444
23,7	0,0126423417445	-0,131407111111	-0,920849135802
23,75	0,00523354174455	-0,174548888889	-0,346811111111
23,8	-0,00656565825545	-0,176530666667	0,425658765432
23,85	-0,0147976582555	-0,126833777778	1,09082469136
23,9	-0,0200112582555	-0,0545751111111	1,4738837037
23,95	-0,0208344582555	0,0327755555556	1,54290716049
24	-0,0164440582555	0,112504	1,28010987654
24,05	-0,00903525825545	0,174853777778	0,69370691358
24,1	0,00303834174455	0,191927555556	-0,107134567901
24,15	0,0123679417445	0,159152	-0,823284691358
24,2	0,0197767417445	0,100156	-1,32338716049
24,25	0,0233439417445	0,0182933333333	-1,5751745679
24,3	0,0222463417445	-0,0737831111111	-1,44449580247
24,35	0,0148375417445	-0,142383111111	-0,951676790123
24,4	0,00633114174455	-0,173329333333	-0,320133333333
24,45	-0,00354725825545	-0,174396444444	0,330635061728
24,5	-0,0126024582555	-0,138876888889	0,929487654321
24,55	-0,0186392582555	-0,0745453333333	1,34972617284
24,6	-0,0208344582555	0,00777466666667	1,48658740741
24,65	-0,0178160582555	0,0887226666667	1,27994049383
24,7	-0,0109560582555	0,146956444444	0,798131358025
24,75	-0,00190085825545	0,174548888889	0,15862691358
24,8	0,00797754174455	0,165097333333	-0,52906691358
24,85	0,0162095417445	0,117687111111	-1,11360666667
24,9	0,0208743417445	0,0431417777778	-1,44508864198
24,95	0,0208743417445	-0,0403977777778	-1,44839160494
25	0,0164839417445	-0,115095555556	-1,12690320988
25,05	0,00825194174455	-0,163268	-0,558031358025
25,1	-0,00135205825545	-0,175006222222	0,118906666667
25,15	-0,0106816582555	-0,150462666667	0,772046419753
25,2	-0,0178160582555	-0,091924	1,27214888889
25,25	-0,0208344582555	-0,0111284444444	1,4827762963
25,3	-0,0189136582555	0,0704293333333	1,35531580247
25,35	-0,0131512582555	0,136285333333	0,933214074074
25,4	-0,00409605825545	0,172567111111	0,299638024691
25,45	0,00578234174455	0,168908444444	-0,397710617284
25,5	0,0142887417445	0,128510666667	-0,994361234568
25,55	0,0197767417445	0,060368	-1,36979802469
25,6	0,0208743417445	-0,0211897777778	-1,43890617284
25,65	0,0173071417445	-0,0954302222222	-1,20913851852
25,7	0,0107215417445	-0,152749333333	-0,718436790123
25,75	0,000568741744545	-0,175158666667	-0,0470037037037
25,8	-0,00848645825545	-0,157322666667	0,627647654321
25,85	-0,0164440582555	-0,106863555556	1,16755506173
25,9	-0,0202856582555	-0,0303364444444	1,45372716049
25,95	-0,0197368582555	0,0524408888889	1,40655407407
26	-0,0145232582555	0,123175111111	1,04686987654
26,05	-0,00629125825545	0,166316888889	0,460636296296
26,1	0,00358714174455	0,173329333333	-0,22510962963
26,15	0,0126423417445	0,141620888889	-0,859447901235
26,2	0,0189535417445	0,0798808888889	-1,30890493827
26,25	0,0214231417445	-0,000609777777778	-1,47777950617
26,3	0,0189535417445	-0,0820151111111	-1,30898962963
26,35	0,0123679417445	-0,143602666667	-0,847675802469
26,4	0,00331274174455	-0,173939111111	-0,205969382716
26,45	-0,00656565825545	-0,166164444444	0,483164197531
26,5	-0,0147976582555	-0,121955555556	1,07574962963
26,55	-0,0200112582555	-0,0484773333333	1,42442395062
26,6	-0,0200112582555	0,0344524444444	1,44187037037
26,65	-0,0161696582555	0,108388	1,14968518519
26,7	-0,00821205825545	0,158694666667	0,628663950617
26,75	0,00111754174455	0,175463555556	-0,00584370370371
26,8	0,0107215417445	0,157475111111	-0,643061481481
26,85	0,0178559417445	0,110369777778	-1,22734716049
26,9	0,0233439417445	0,0289644444444	-1,62107728395
26,95	0,0219719417445	-0,074088	-1,52893308642
27	0,0142887417445	-0,145279555556	-0,974374074074
27,05	0,00550794174455	-0,174091555556	-0,300146172839
27,1	-0,00409605825545	-0,173024444444	0,354772098765
27,15	-0,0131512582555	-0,137504888889	0,952947160494
27,2	-0,0191880582555	-0,071344	1,37674271605
27,25	-0,0211088582555	0,0134151111111	1,49073728395
27,3	-0,0175416582555	0,0923813333333	1,25868296296
27,35	-0,0109560582555	0,149548	0,767219012346
27,4	-0,00135205825545	0,175616	0,114333333333
27,45	0,00825194174455	0,162048444444	-0,56336691358
27,5	0,0162095417445	0,114638222222	-1,12436246914
27,55	0,0208743417445	0,0399404444444	-1,44602024691
27,6	0,0205999417445	-0,0440564444444	-1,43323185185
27,65	0,0159351417445	-0,116315111111	-1,10530691358
27,7	0,00797754174455	-0,163877777778	-0,544988888889
27,75	-0,00190085825545	-0,175920888889	0,13762345679
27,8	-0,0112304582555	-0,148938222222	0,791440740741
27,85	-0,0180904582555	-0,0899422222222	1,27714567901
27,9	-0,0211088582555	-0,00990888888889	1,48574049383
27,95	-0,0191880582555	0,0725635555556	1,36031259259
28	-0,0131512582555	0,138267111111	0,942699506173
28,05	-0,00409605825545	0,174244	0,335885925926
28,1	0,00578234174455	0,173481777778	-0,334615555556
28,15	0,0142887417445	0,141620888889	-0,999527407407
28,2	0,0216975417445	0,0705817777778	-1,53511555556
28,25	0,0230695417445	-0,0330804444444	-1,61150716049
28,3	0,0170327417445	-0,112808888889	-1,2063437037
28,35	0,0101727417445	-0,15778	-0,638742222222
28,4	0,000568741744545	-0,178512444444	8,46913580258E-005
28,45	-0,00930965825545	-0,160219111111	0,665081234568
28,5	-0,0169928582555	-0,106406222222	1,19152271605
28,55	-0,0208344582555	-0,030184	1,45948617284
28,6	-0,0202856582555	0,0525933333333	1,40943358025
28,65	-0,0150720582555	0,123327555556	1,05245950617
28,7	-0,00684005825545	0,166926666667	0,470206419753
28,75	0,00303834174455	0,175158666667	-0,224940246914
28,8	0,0123679417445	0,142992888889	-0,880027901235
28,85	0,0186791417445	0,0785088888889	-1,3298237037
28,9	0,0208743417445	-0,00243911111111	-1,47930395062
28,95	0,0184047417445	-0,0827773333333	-1,30145209877
29	0,0118191417445	-0,14406	-0,842086172839
29,05	0,00276394174455	-0,174853777778	-0,195128888889
29,1	-0,00738885825545	-0,164944888889	0,489092592593
29,15	-0,0150720582555	-0,121040888889	1,05847259259
29,2	-0,0205600582555	-0,0509164444444	1,4173945679
29,25	-0,0208344582555	0,0338426666667	1,45948617284
29,3	-0,0167184582555	0,108845333333	1,17018049383
29,35	-0,00903525825545	0,161133777778	0,625869135802
29,4	0,000843141744545	0,177750222222	-0,0674990123457
29,45	0,0104471417445	0,153664	-0,742743209877
29,5	0,0175815417445	0,09604	-1,24250691358
29,55	0,0208743417445	0,0179884444444	-1,46507580247
29,6	0,0195023417445	-0,0632644444444	-1,37242345679
29,65	0,0140143417445	-0,131254666667	-0,984198271605
29,7	0,00523354174455	-0,170890222222	-0,374928641975
29,75	-0,00464485825545	-0,172719555556	0,326739259259
29,8	-0,0137000582555	-0,134760888889	0,950745185185
29,85	-0,0191880582555	-0,0692097777778	1,36666444444
29,9	-0,0213832582555	0,0135675555556	1,49200765432
29,95	-0,0178160582555	0,0951253333333	1,26554296296
30	-0,0106816582555	0,150615111111	0,781023703704
30,05	-0,00162645825545	0,177750222222	0,16464
30,1	0,00852634174455	0,168908444444	-0,504252345679
30,15	0,0164839417445	0,126986222222	-1,13681209877
30,2	0,0227951417445	0,0496968888889	-1,59245160494
30,25	0,0227951417445	-0,0528982222222	-1,59202814815
30,3	0,0162095417445	-0,130797333333	-1,12504
30,35	0,00797754174455	-0,170585333333	-0,485366172839
30,4	-0,00190085825545	-0,179579555556	0,189031111111
30,45	-0,0115048582555	-0,151072444444	0,828535555556
30,5	-0,0183648582555	-0,0903995555556	1,30433160494
30,55	-0,0213832582555	-0,00945155555556	1,5065745679
30,6	-0,0194624582555	0,0745453333333	1,36683382716
30,65	-0,0131512582555	0,140248888889	0,916191111111
30,7	-0,00409605825545	0,173786666667	0,276178518519
30,75	0,00578234174455	0,169365777778	-0,406941975309
30,8	0,0142887417445	0,129120444444	-0,99554691358
30,85	0,0197767417445	0,0618924444444	-1,38394148148
30,9	0,0211487417445	-0,0208848888889	-1,48345382716
30,95	0,0175815417445	-0,100460888889	-1,24716493827
31	0,0101727417445	-0,15778	-0,720554074074
31,05	0,000294341744545	-0,178969777778	-0,0340459259259
31,1	-0,00930965825545	-0,161133777778	0,655002962963
31,15	-0,0172672582555	-0,107778222222	1,20227851852
31,2	-0,0211088582555	-0,0300315555556	1,48319975309
31,25	-0,0205600582555	0,0545751111111	1,42704938272
31,3	-0,0150720582555	0,125766666667	1,05245950617
31,35	-0,00684005825545	0,168908444444	0,452844691358
31,4	0,00331274174455	0,175311111111	-0,247722222222
31,45	0,0123679417445	0,141620888889	-0,887904197531
31,5	0,0186791417445	0,0780515555556	-1,32482691358
31,55	0,0208743417445	-0,00259155555556	-1,47405308642
31,6	0,0184047417445	-0,0826248888889	-1,30153679012
31,65	0,0118191417445	-0,14406	-0,850555308642
31,7	0,00276394174455	-0,174853777778	-0,218927160494
31,75	-0,00711445825545	-0,169213333333	0,482063209877
31,8	-0,0158952582555	-0,123022666667	1,0897237037
31,85	-0,0205600582555	-0,0490871111111	1,43772049383
31,9	-0,0211088582555	0,0336902222222	1,46922567901
31,95	-0,0169928582555	0,110674666667	1,18398518519
32	-0,00903525825545	0,162963111111	0,642214567901
32,05	0,000843141744545	0,179579555556	-0,0204953086419
32,1	0,0104471417445	0,158694666667	-0,655087654321
32,15	0,0175815417445	0,111741777778	-1,21371185185
32,2	0,0230695417445	0,0320133333333	-1,59812592593
32,25	0,0216975417445	-0,0650937777778	-1,58355901235
32,3	0,0159351417445	-0,147566222222	-1,10158049383
32,35	0,00495914174455	-0,186744444444	-0,343169382716
32,4	-0,00464485825545	-0,180036888889	0,41032962963
32,45	-0,0142488582555	-0,140096444444	1,03128666667
32,5	-0,0200112582555	-0,0684475555556	1,42933604938
32,55	-0,0216576582555	0,0163115555556	1,50547358025
32,6	-0,0180904582555	0,0952777777778	1,26232469136
32,65	-0,0112304582555	0,152444444444	0,767727160494
32,7	-0,00162645825545	0,178664888889	0,111115061728
32,75	0,00825194174455	0,165554666667	-0,585556049383
32,8	0,0164839417445	0,115248	-1,16188074074
32,85	0,0208743417445	0,038416	-1,47693259259
32,9	0,0205999417445	-0,0458857777778	-1,46389012346
32,95	0,0159351417445	-0,121040888889	-1,12944395062
33	0,00742874174455	-0,169823111111	-0,534487160494
33,05	-0,00272405825545	-0,179122222222	0,174548888889
33,1	-0,0120536582555	-0,149700444444	0,828959012346
33,15	-0,0189136582555	-0,0894848888889	1,31474864198
33,2	-0,0219320582555	-0,00746977777778	1,53316765432
33,25	-0,0197368582555	0,0772893333333	1,41671703704
33,3	-0,0137000582555	0,147413777778	0,978862716049
33,35	-0,00382165825545	0,188268888889	0,256106666667
33,4	0,00770314174455	0,173176888889	-0,49349654321
33,45	0,0142887417445	0,131712	-1,08709827161
33,5	0,0222463417445	0,0583862222222	-1,49404024691
33,55	0,0211487417445	-0,0349097777778	-1,51165604938
33,6	0,0175815417445	-0,106711111111	-1,1978745679
33,65	0,00989834174455	-0,161743555556	-0,680156296296
33,7	1,99417445452E-005	-0,181561333333	-0,00423456790124
33,75	-0,00985845825545	-0,163115555556	0,685661234568
33,8	-0,0178160582555	-0,107625777778	1,24191407407
33,85	-0,0216576582555	-0,02744	1,51987111111
33,9	-0,0208344582555	0,0591484444444	1,44669777778
33,95	-0,0150720582555	0,130492444444	1,05296765432
34	-0,00656565825545	0,172414666667	0,455385432099
34,05	0,00358714174455	0,179427111111	-0,233832839506
34,1	0,0129167417445	0,147718666667	-0,890021481482
34,15	0,0195023417445	0,0861311111111	-1,40782444444
34,2	0,0230695417445	-0,00640266666667	-1,60269925926
34,25	0,0186791417445	-0,0954302222222	-1,33532864198
34,3	0,0118191417445	-0,150005333333	-0,804483209877
34,35	0,00276394174455	-0,178207555556	-0,175311111111
34,4	-0,00738885825545	-0,170432888889	0,507385925926
34,45	-0,0158952582555	-0,124852	1,10911802469
34,5	-0,0211088582555	-0,0498493333333	1,47693259259
34,55	-0,0213832582555	0,0371964444444	1,50242469136
34,6	-0,0169928582555	0,114943111111	1,17907308642
34,65	-0,00876085825545	0,165707111111	0,596481234568
34,7	0,00111754174455	0,179122222222	-0,101544938272
34,75	0,0107215417445	0,153968888889	-0,764000740741
34,8	0,0178559417445	0,0958875555556	-1,25885234568
34,85	0,0211487417445	0,0172262222222	-1,48548641975
34,9	0,0197767417445	-0,0657035555556	-1,39410444444
34,95	0,0140143417445	-0,135065777778	-0,992667407408
35	0,00495914174455	-0,173329333333	-0,379840740741
35,05	-0,00464485825545	-0,177140444444	0,328941234568
35,1	-0,0145232582555	-0,139181777778	0,993514320988
35,15	-0,0200112582555	-0,0673804444444	1,41697111111
35,2	-0,0216576582555	0,0160066666667	1,51800790123
35,25	-0,0183648582555	0,097412	1,30043580247
35,3	-0,0109560582555	0,156865333333	0,814307407407
35,35	-0,00135205825545	0,184000444444	0,177259012346
35,4	0,00852634174455	0,179732	-0,566754567901
35,45	0,0186791417445	0,127900888889	-1,28061802469
35,5	0,0230695417445	0,0378062222222	-1,66985950617
35,55	0,0227951417445	-0,0606728888889	-1,57788469136
35,6	0,0159351417445	-0,136895111111	-1,08802987654
35,65	0,00742874174455	-0,174701333333	-0,436838024691
35,7	-0,00272405825545	-0,180341777778	0,231292098765
35,75	-0,0120536582555	-0,149852888889	0,846998271605
35,8	-0,0189136582555	-0,0899422222222	1,31178444444
35,85	-0,0219320582555	-0,00884177777778	1,52859432099
35,9	-0,0200112582555	0,0765271111111	1,41502320988
35,95	-0,0137000582555	0,146804	0,973357777778
36	-0,00382165825545	0,182933333333	0,31386617284
36,05	0,00633114174455	0,177750222222	-0,369677777778
36,1	0,0148375417445	0,144669777778	-1,00926691358
36,15	0,0225207417445	0,0731733333333	-1,51860074074
36,2	0,0233439417445	-0,0236288888889	-1,65283654321
36,25	0,0195023417445	-0,108997777778	-1,38360271605
36,3	0,0118191417445	-0,175616	-0,780261481482
36,35	1,99417445452E-005	-0,196958222222	0,0392120987654
36,4	-0,0101328582555	-0,167536444444	0,78204
36,45	-0,0178160582555	-0,107930666667	1,2870545679
36,5	-0,0216576582555	-0,0289644444444	1,53054222222
36,55	-0,0211088582555	0,0574715555556	1,4638054321
36,6	-0,0153464582555	0,130644888889	1,0812545679
36,65	-0,00684005825545	0,174853777778	0,469105432099
36,7	0,00358714174455	0,182476	-0,258647407407
36,75	0,0131911417445	0,147566222222	-0,943122962963
36,8	0,0197767417445	0,0786613333333	-1,40333580247
36,85	0,0216975417445	-0,00655511111111	-1,53596246914
36,9	0,0189535417445	-0,0884177777778	-1,33617555556
36,95	0,0120935417445	-0,151377333333	-0,857161234568
37	0,00248954174455	-0,181713777778	-0,192757530864
37,05	-0,00766325825545	-0,173024444444	0,524408888889
37,1	-0,0164440582555	-0,125156888889	1,13698148148
37,15	-0,0213832582555	-0,0484773333333	1,4902291358
37,2	-0,0216576582555	0,0378062222222	1,50632049383
37,25	-0,0172672582555	0,115705333333	1,19084518519
37,3	-0,00903525825545	0,167841333333	0,612233827161
37,35	0,00111754174455	0,181713777778	-0,0844372839506
37,4	0,0107215417445	0,157475111111	-0,74774
37,45	0,0181303417445	0,100460888889	-1,25834419753
37,5	0,0214231417445	0,0248484444444	-1,56365654321
37,55	0,0216975417445	-0,069972	-1,52198839506
37,6	0,0137399417445	-0,148480888889	-1,02442666667
37,65	0,00468474174455	-0,181104	-0,306836790123
37,7	-0,00574245825545	-0,177445333333	0,407111358025
37,75	-0,0145232582555	-0,136437777778	1,01849827161
37,8	-0,0205600582555	-0,0673804444444	1,41781802469
37,85	-0,0219320582555	0,0175311111111	1,5186854321
37,9	-0,0186392582555	0,0983266666667	1,2854454321
37,95	-0,0112304582555	0,157932444444	0,766710864198
38	-0,00135205825545	0,181713777778	0,0825740740741
38,05	0,00852634174455	0,166469333333	-0,612149135803
38,1	0,0167583417445	0,115400444444	-1,18085160494
38,15	0,0211487417445	0,0381111111111	-1,49827481481
38,2	0,0208743417445	-0,0472577777778	-1,49590345679
38,25	0,0162095417445	-0,125461777778	-1,15552888889
38,3	0,00715434174455	-0,175463555556	-0,526272098765
38,35	-0,00327285825545	-0,181408888889	0,196822716049
38,4	-0,0123280582555	-0,152139555556	0,84936962963
38,45	-0,0197368582555	-0,0910093333333	1,35014962963
38,5	-0,0224808582555	-0,00625022222222	1,57322666667
38,55	-0,0205600582555	0,0821675555556	1,42349234568
38,6	-0,0134256582555	0,151072444444	0,924744938272
38,65	-0,00382165825545	0,182171111111	0,23451037037
38,7	0,00633114174455	0,174701333333	-0,474356296296
38,75	0,0151119417445	0,130644888889	-1,07922197531
38,8	0,0205999417445	0,0577764444444	-1,45880864198
38,85	0,0214231417445	-0,0280497777778	-1,52571481481
38,9	0,0175815417445	-0,108540444444	-1,25766666667
38,95	0,00962394174455	-0,165707111111	-0,703277037037
39	-0,000528858255455	-0,185677333333	0,0133812345679
39,05	-0,0106816582555	-0,163877777778	0,721485679012
39,1	-0,0183648582555	-0,106406222222	1,26088493827
39,15	-0,0222064582555	-0,0268302222222	1,52961061728
39,2	-0,0213832582555	0,0600631111111	1,46897160494
39,25	-0,0156208582555	0,133236444444	1,09167160494
39,3	-0,00684005825545	0,178055111111	0,486467160494
39,35	0,00358714174455	0,186287111111	-0,234002222222
39,4	0,0131911417445	0,157322666667	-0,97369654321
39,45	0,0216975417445	0,079576	-1,4902291358
39,5	0,0216975417445	-0,0135675555556	-1,55036
39,55	0,0189535417445	-0,0841493333333	-1,34904864198
39,6	0,0137399417445	-0,155036	-0,935161975309
39,65	0,00221514174455	-0,193756888889	-0,199109382716
39,7	-0,00821205825545	-0,177750222222	0,596735308642
39,75	-0,0169928582555	-0,124699555556	1,20337950617
39,8	-0,0216576582555	-0,0458857777778	1,52740864198
39,85	-0,0219320582555	0,0410075555556	1,52334345679
39,9	-0,0172672582555	0,119973777778	1,19152271605
39,95	-0,00876085825545	0,171042666667	0,599276049383
40	0,00139194174455	0,184305333333	-0,10332345679
40,05	0,0112703417445	0,159152	-0,776958518519
40,1	0,0186791417445	0,0993937777778	-1,28451382716
40,15	0,0216975417445	0,0237813333333	-1,58262740741
40,2	0,0222463417445	-0,0725635555556	-1,53799506173
40,25	0,0137399417445	-0,152139555556	-1,02044617284
40,3	0,00468474174455	-0,182933333333	-0,283800740741
40,35	-0,00574245825545	-0,178969777778	0,449118271605
40,4	-0,0147976582555	-0,135828	1,09480518519
40,45	-0,0211088582555	-0,0557946666667	1,43551851852
40,5	-0,0200112582555	0,0228666666667	1,43374
40,55	-0,0183648582555	0,0925337777778	1,24648740741
40,6	-0,0109560582555	0,158237333333	0,796691604938
40,65	-0,000803258255455	0,184610222222	0,0905350617284
40,7	0,00934954174455	0,168298666667	-0,646449135803
40,75	0,0175815417445	0,113266222222	-1,23293679012
40,8	0,0216975417445	0,0330804444444	-1,53071160494
40,85	0,0211487417445	-0,053508	-1,49234641975
40,9	0,0159351417445	-0,129730222222	-1,12453185185
40,95	0,00687994174455	-0,175616	-0,514330617284
41	-0,00299845825545	-0,185982222222	0,214353827161
41,05	-0,0134256582555	-0,154731111111	0,934653827161
41,1	-0,0202856582555	-0,0827773333333	1,42755753086
41,15	-0,0222064582555	0,00350622222222	1,56636666667
41,2	-0,0197368582555	0,086436	1,38961580247
41,25	-0,0128768582555	0,152596888889	0,94668
41,3	-0,00327285825545	0,188573777778	0,304211358025
41,35	0,00715434174455	0,190708	-0,490786419753
41,4	0,0181303417445	0,140401333333	-1,2563962963
41,45	0,0233439417445	0,0461906666667	-1,62344864198
41,5	0,0222463417445	-0,0442088888889	-1,51351925926
41,55	0,0175815417445	-0,109912444444	-1,20431111111
41,6	0,0115447417445	-0,170280444444	-0,717420493827
41,65	-0,000803258255455	-0,196653333333	0,0508148148148
41,7	-0,0109560582555	-0,164182666667	0,803805679012
41,75	-0,0180904582555	-0,104576888889	1,31754345679
41,8	-0,0222064582555	-0,0236288888889	1,58313555556
41,85	-0,0211088582555	0,0682951111111	1,49200765432
41,9	-0,0145232582555	0,141468444444	1,03823135802
41,95	-0,00546805825545	0,180189333333	0,375267407407
42	0,00495914174455	0,181256444444	-0,352061975309
42,05	0,0142887417445	0,142535555556	-1,0100291358
42,1	0,0205999417445	0,0710391111111	-1,44398765432
42,15	0,0219719417445	-0,0152444444444	-1,55510271605
42,2	0,0189535417445	-0,0983266666667	-1,32728296296
42,25	0,0112703417445	-0,160219111111	-0,803551604938
42,3	0,00139194174455	-0,185372444444	-0,111284444444
42,35	-0,00876085825545	-0,172567111111	0,60884617284
42,4	-0,0175416582555	-0,119973777778	1,21108641975
42,45	-0,0219320582555	-0,0394831111111	1,53121975309
42,5	-0,0216576582555	0,0468004444444	1,5170762963
42,55	-0,0169928582555	0,125461777778	1,17492320988
42,6	-0,00793765825545	0,175768444444	0,558539506173
42,65	0,00221514174455	0,186439555556	-0,181747654321
42,7	0,0123679417445	0,156408	-0,887565432099
42,75	0,0195023417445	0,0882653333333	-1,37454074074
42,8	0,0216975417445	0,005488	-1,54222962963
42,85	0,0200511417445	-0,0777466666667	-1,40460617284
42,9	0,0134655417445	-0,147566222222	-0,960484691358
42,95	0,00386154174455	-0,183543111111	-0,28896691358
43	-0,00656565825545	-0,178969777778	0,447339753086
43,05	-0,0156208582555	-0,135065777778	1,09040123457
43,1	-0,0213832582555	-0,0600631111111	1,49090666667
43,15	-0,0222064582555	0,0286595555556	1,54417753086
43,2	-0,0180904582555	0,108388	1,25656567901
43,25	-0,0104072582555	0,164487555556	0,712423703704
43,3	-0,000254458255455	0,185829777778	0,0201565432099
43,35	0,00989834174455	0,166621777778	-0,677192098766
43,4	0,0178559417445	0,111436888889	-1,22565333333
43,45	0,0216975417445	0,0365866666667	-1,56340246914
43,5	0,0225207417445	-0,0573191111111	-1,58000197531
43,55	0,0156607417445	-0,141925777778	-1,14519654321
43,6	0,00633114174455	-0,183848	-0,427521975309
43,65	-0,00437045825545	-0,184915111111	0,32843308642
43,7	-0,0137000582555	-0,146651555556	0,982589135803
43,75	-0,0202856582555	-0,0780515555556	1,41891901235
43,8	-0,0222064582555	0,00746977777778	1,55374765432
43,85	-0,0194624582555	0,0910093333333	1,35455358025
43,9	-0,0123280582555	0,155340888889	0,855975555556
43,95	-0,00244965825545	0,184305333333	0,168620493827
44	0,00770314174455	0,173634222222	-0,555575308642
44,05	0,0164839417445	0,124547111111	-1,1704345679
44,1	0,0214231417445	0,0457333333333	-1,52181901235
44,15	0,0214231417445	-0,0423795555556	-1,52088740741
44,2	0,0167583417445	-0,120278666667	-1,18279950617
44,25	0,00825194174455	-0,170890222222	-0,593093580247
44,3	-0,00190085825545	-0,183543111111	0,104424444444
44,35	-0,0115048582555	-0,160066666667	0,789831604938
44,4	-0,0194624582555	-0,0993937777778	1,33498987654
44,45	-0,0224808582555	-0,0144822222222	1,58584567901
44,5	-0,0211088582555	0,0748502222222	1,46507580247
44,55	-0,0142488582555	0,146651555556	0,996478518519
44,6	-0,00491925825545	0,182628444444	0,321234320988
44,65	0,00550794174455	0,180799111111	-0,409313333333
44,7	0,0148375417445	0,138419555556	-1,05508493827
44,75	0,0205999417445	0,0657035555556	-1,46787061728
44,8	0,0219719417445	-0,0211897777778	-1,56458814815
44,85	0,0184047417445	-0,105186666667	-1,31110691358
44,9	0,0104471417445	-0,165097333333	-0,753583703704
44,95	0,000294341744545	-0,186896888889	-0,0370101234568
45	-0,00985845825545	-0,168603555556	0,679224691358
45,05	-0,0180904582555	-0,113113777778	1,2495362963
45,1	-0,0222064582555	-0,0324706666667	1,54578666667
45,15	-0,0216576582555	0,0554897777778	1,50327160494
45,2	-0,0161696582555	0,131712	1,13113777778
45,25	-0,00711445825545	0,177140444444	0,533132098765
45,3	0,00276394174455	0,188878666667	-0,17022962963
45,35	0,0131911417445	0,164030222222	-0,92008691358
45,4	0,0216975417445	0,0870457777778	-1,45118641975
45,45	0,0219719417445	0,00106711111111	-1,59338320988
45,5	0,0214231417445	-0,0797284444444	-1,48650271605
45,55	0,0145631417445	-0,162505777778	-1,02188592593
45,6	0,00303834174455	-0,198635111111	-0,216555802469
45,65	-0,00766325825545	-0,182476	0,580305185185
45,7	-0,0164440582555	-0,131559555556	1,18542493827
45,75	-0,0219320582555	-0,053508	1,52334345679
45,8	-0,0222064582555	0,0341475555556	1,53232074074
45,85	-0,0180904582555	0,112199111111	1,23090419753
45,9	-0,0101328582555	0,167993777778	0,667621975309
45,95	0,000294341744545	0,185677333333	-0,0507301234568
46	0,0101727417445	0,161896	-0,749772592593
46,05	0,0178559417445	0,103662222222	-1,28171901235
46,1	0,0214231417445	0,023324	-1,54925901235
46,15	0,0205999417445	-0,0652462222222	-1,47557753086
46,2	0,0142887417445	-0,139181777778	-1,05178197531
46,25	0,00523354174455	-0,179579555556	-0,400759506173
46,3	-0,00519365825545	-0,181866222222	0,324198518519
46,35	-0,0145232582555	-0,144974666667	0,987924691358
46,4	-0,0211088582555	-0,0746977777778	1,44110814815
46,45	-0,0227552582555	0,0134151111111	1,55713530864
46,5	-0,0194624582555	0,0955826666667	1,32220148148
46,55	-0,0123280582555	0,156560444444	0,812528888889
46,6	-0,00244965825545	0,183848	0,130509382716
46,65	0,00770314174455	0,171042666667	-0,5831
46,7	0,0162095417445	0,120583555556	-1,17526197531
46,75	0,0208743417445	0,0429893333333	-1,51216419753
46,8	0,0208743417445	-0,043904	-1,5219037037
46,85	0,0162095417445	-0,123175111111	-1,1910145679
46,9	0,00742874174455	-0,175006222222	-0,576155308642
46,95	-0,00299845825545	-0,186134666667	0,168366419753
47	-0,0128768582555	-0,155950666667	0,86351308642
47,05	-0,0200112582555	-0,0913142222222	1,35616271605
47,1	-0,0227552582555	-0,00792711111111	1,54798864198
47,15	-0,0208344582555	0,0765271111111	1,41603950617
47,2	-0,0145232582555	0,145889333333	0,987077777778
47,25	-0,00491925825545	0,184152888889	0,339612345679
47,3	0,00550794174455	0,182171111111	-0,374335802469
47,35	0,0145631417445	0,146499111111	-1,05533901235
47,4	0,0222463417445	0,0669231111111	-1,50903061728
47,45	0,0214231417445	-0,0214946666667	-1,58067950617
47,5	0,0195023417445	-0,0995462222222	-1,38961580247
47,55	0,0118191417445	-0,175006222222	-0,851656296296
47,6	-0,000254458255455	-0,200312	-0,00271012345679
47,65	-0,0106816582555	-0,1715	0,784241975309
47,7	-0,0186392582555	-0,109150222222	1,30594074074
47,75	-0,0222064582555	-0,0291168888889	1,53223604938
47,8	-0,0216576582555	0,0539653333333	1,48472419753
47,85	-0,0167184582555	0,131407111111	1,13698148148
47,9	-0,00738885825545	0,180951555556	0,492734320988
47,95	0,00331274174455	0,185982222222	-0,275500987654
48	0,0129167417445	0,149243111111	-0,957605185185
48,05	0,0195023417445	0,0807955555556	-1,41341407407
48,1	0,0216975417445	-0,00472577777778	-1,55849037037
48,15	0,0189535417445	-0,0885702222222	-1,37064493827
48,2	0,0120935417445	-0,153816444444	-0,888158271605
48,25	0,00221514174455	-0,185829777778	-0,203598024691
48,3	-0,00821205825545	-0,176225777778	0,529236296296
48,35	-0,0169928582555	-0,128053333333	1,14494246914
48,4	-0,0222064582555	-0,0510688888889	1,50420320988
48,45	-0,0224808582555	0,0358244444444	1,53545432099
48,5	-0,0183648582555	0,115705333333	1,24547111111
48,55	-0,00985845825545	0,171042666667	0,694299753086
48,6	0,000294341744545	0,189336	0,0154985185185
48,65	0,0101727417445	0,175616	-0,725550864198
48,7	0,0197767417445	0,11662	-1,41273654321
48,75	0,0236183417445	0,0198177777778	-1,75429679012
48,8	0,0219719417445	-0,0821675555556	-1,57991728395
48,85	0,0140143417445	-0,155188444444	-1,00427012346
48,9	0,00468474174455	-0,186896888889	-0,285494567901
48,95	-0,00601685825545	-0,182628444444	0,425404691358
49	-0,0150720582555	-0,141163555556	1,04288938272
49,05	-0,0213832582555	-0,0701244444444	1,45042419753
49,1	-0,0227552582555	0,0167688888889	1,54815802469
49,15	-0,0194624582555	0,0984791111111	1,31153037037
49,2	-0,0120536582555	0,159152	0,797369135803
49,25	-0,00217525825545	0,185677333333	0,106287654321
49,3	0,00825194174455	0,170737777778	-0,60452691358
49,35	0,0164839417445	0,118449333333	-1,16797851852
49,4	0,0208743417445	0,043904	-1,49014444444
49,45	0,0211487417445	-0,0388733333333	-1,56348716049
49,5	0,0175815417445	-0,128053333333	-1,26545827161
49,55	0,00687994174455	-0,184305333333	-0,566754567901
49,6	-0,00327285825545	-0,187659111111	0,226210617284
49,65	-0,0131512582555	-0,155798222222	0,906536296296
49,7	-0,0202856582555	-0,0890275555556	1,3814854321
49,75	-0,0227552582555	-0,00533555555556	1,55340888889
49,8	-0,0208344582555	0,0791186666667	1,40799382716
49,85	-0,0142488582555	0,147871111111	0,963110123457
49,9	-0,00464485825545	0,184152888889	0,303533827161
49,95	0,00578234174455	0,180189333333	-0,420069135803
50	0,0145631417445	0,142688	-1,11936567901
50,05	0,0222463417445	0,0594533333333	-1,58897925926
50,1	0,0211487417445	-0,0385684444444	-1,57957851852
50,15	0,0170327417445	-0,112199111111	-1,22743185185
50,2	0,00934954174455	-0,167536444444	-0,678547160494
50,25	-0,00107765825545	-0,187506666667	0,0332837037037
50,3	-0,0112304582555	-0,165097333333	0,751127654321
50,35	-0,0191880582555	-0,104576888889	1,29035753086
50,4	-0,0224808582555	-0,0234764444444	1,53223604938
50,45	-0,0216576582555	0,0612826666667	1,45889333333
50,5	-0,0158952582555	0,134151111111	1,09294197531
50,55	-0,00711445825545	0,180036888889	0,490108888889
50,6	0,00358714174455	0,188421333333	-0,244758024691
50,65	0,0131911417445	0,158237333333	-1,00537111111
50,7	0,0216975417445	0,0794235555556	-1,55044469136
50,75	0,0219719417445	-0,0189031111111	-1,62124666667
50,8	0,0186791417445	-0,0977168888889	-1,32474222222
50,85	0,0115447417445	-0,158084888889	-0,819304197531
50,9	0,00166634174455	-0,186592	-0,148802716049
50,95	-0,00876085825545	-0,175616	0,570311604938
51	-0,0175416582555	-0,125309333333	1,18339234568
51,05	-0,0224808582555	-0,0461906666667	1,53257481481
51,1	-0,0224808582555	0,0416173333333	1,54621012346
51,15	-0,0180904582555	0,122565333333	1,21565975309
51,2	-0,00903525825545	0,175158666667	0,601308641975
51,25	0,00111754174455	0,187354222222	-0,132203209877
51,3	0,0112703417445	0,160371555556	-0,830398765432
51,35	0,0186791417445	0,0968022222222	-1,34566098765
51,4	0,0216975417445	0,0140248888889	-1,57051654321
51,45	0,0203255417445	-0,0737831111111	-1,45940148148
51,5	0,0137399417445	-0,146499111111	-1,00503234568
51,55	0,00413594174455	-0,183695555556	-0,324621975309
51,6	-0,00629125825545	-0,180341777778	0,40389308642
51,65	-0,0153464582555	-0,139944	1,0469545679
51,7	-0,0216576582555	-0,067228	1,47523876543
51,75	-0,0227552582555	0,0216471111111	1,56679012346
51,8	-0,0191880582555	0,103967111111	1,30568666667
51,85	-0,0115048582555	0,164487555556	0,74901037037
51,9	-0,00107765825545	0,185829777778	0,0262543209877
51,95	0,00880074174455	0,165554666667	-0,67058617284
52	0,0167583417445	0,112504	-1,21455876543
52,05	0,0211487417445	0,0336902222222	-1,50149308642
52,1	0,0203255417445	-0,050764	-1,46888691358
52,15	0,0156607417445	-0,125156888889	-1,13545703704
52,2	0,00687994174455	-0,175311111111	-0,538552345679
52,25	-0,00354725825545	-0,185372444444	0,202073580247
52,3	-0,0134256582555	-0,153206666667	0,89908345679
52,35	-0,0202856582555	-0,086436	1,3841108642
52,4	-0,0227552582555	-0,00213422222222	1,56052296296
52,45	-0,0205600582555	0,0832346666667	1,40164197531
52,5	-0,0137000582555	0,150615111111	0,939227160494
52,55	-0,00409605825545	0,185067555556	0,277194814815
52,6	0,00633114174455	0,180494222222	-0,442004197531
52,65	0,0153863417445	0,139791555556	-1,10742419753
52,7	0,0222463417445	0,0582337777778	-1,51207950617
52,75	0,0211487417445	-0,0277448888889	-1,54663358025
52,8	0,0189535417445	-0,103967111111	-1,33583679012
52,85	0,0109959417445	-0,175463555556	-0,791525432099
52,9	-0,000803258255455	-0,197872888889	0,0451404938272
52,95	-0,0112304582555	-0,166926666667	0,815747160494
53	-0,0186392582555	-0,103814666667	1,32279432099
53,05	-0,0222064582555	-0,0237813333333	1,54485506173
53,1	-0,0213832582555	0,0628071111111	1,45584444444
53,15	-0,0153464582555	0,135218222222	1,04830962963
53,2	-0,00656565825545	0,176835555556	0,416850864198
53,25	0,00386154174455	0,180646666667	-0,306413333333
53,3	0,0131911417445	0,143602666667	-0,964380493827
53,35	0,0195023417445	0,0753075555556	-1,40613061728
53,4	0,0214231417445	-0,00990888888889	-1,53452271605
53,45	0,0184047417445	-0,0923813333333	-1,3207617284
53,5	0,0112703417445	-0,153511555556	-0,824893827161
53,55	0,00166634174455	-0,180951555556	-0,168789876543
53,6	-0,00821205825545	-0,172567111111	0,535757530864
53,65	-0,0172672582555	-0,124394666667	1,15400444444
53,7	-0,0219320582555	-0,0461906666667	1,51165604938
53,75	-0,0222064582555	0,0410075555556	1,52605358025
53,8	-0,0175416582555	0,120431111111	1,1972817284
53,85	-0,00903525825545	0,172414666667	0,590637530864
53,9	0,00139194174455	0,184305333333	-0,136437777778
53,95	0,0109959417445	0,156560444444	-0,81634
54	0,0184047417445	0,0954302222222	-1,31728938272
54,05	0,0214231417445	0,0131102222222	-1,53198197531
54,1	0,0197767417445	-0,0711915555556	-1,41764864198
54,15	0,0137399417445	-0,141163555556	-0,996563209877
54,2	0,00441034174455	-0,180494222222	-0,345794814815
54,25	-0,00601685825545	-0,178969777778	0,383821234568
54,3	-0,0150720582555	-0,138419555556	1,02628987654
54,35	-0,0211088582555	-0,0673804444444	1,44788345679
54,4	-0,0224808582555	0,0196653333333	1,54595604938
54,45	-0,0189136582555	0,101375555556	1,29992765432
54,5	-0,0115048582555	0,161896	0,762899753087
54,55	-0,00107765825545	0,184000444444	0,072157037037
54,6	0,00852634174455	0,167231555556	-0,597836296296
54,65	0,0167583417445	0,119516444444	-1,15603703704
54,7	0,0214231417445	0,0471053333333	-1,5540017284
54,75	0,0227951417445	-0,0500017777778	-1,60659506173
54,8	0,0159351417445	-0,135828	-1,17839555556
54,85	0,00715434174455	-0,17836	-0,486551851852
54,9	-0,00327285825545	-0,184610222222	0,245096790123
54,95	-0,0128768582555	-0,151224888889	0,906620987654
55	-0,0197368582555	-0,0859786666667	1,36725728395
55,05	-0,0222064582555	-0,00259155555556	1,53706345679
55,1	-0,0200112582555	0,0811004444444	1,37826716049
55,15	-0,0134256582555	0,147871111111	0,914920740741
55,2	-0,00382165825545	0,181104	0,246875308642
55,25	0,00633114174455	0,174244	-0,465971851852
55,3	0,0151119417445	0,13034	-1,07761283951
55,35	0,0205999417445	0,0567093333333	-1,45355777778
55,4	0,0211487417445	-0,0272875555556	-1,52224246914
55,45	0,0178559417445	-0,108845333333	-1,26080024691
55,5	0,00934954174455	-0,167384	-0,680325679012
55,55	-0,000803258255455	-0,182628444444	0,0429385185185
55,6	-0,0104072582555	-0,160219111111	0,71860617284
55,65	-0,0180904582555	-0,105034222222	1,24682617284
55,7	-0,0219320582555	-0,0259155555556	1,5255454321
55,75	-0,0211088582555	0,0618924444444	1,46304320988
55,8	-0,0150720582555	0,134608444444	1,06702641975
55,85	-0,00629125825545	0,176530666667	0,457248641975
55,9	0,00386154174455	0,183848	-0,252295555556
55,95	0,0134655417445	0,154578666667	-0,991481728395
56	0,0216975417445	0,0759173333333	-1,5102162963
56,05	0,0216975417445	-0,0185982222222	-1,56009950617
56,1	0,0186791417445	-0,093296	-1,27943234568
56,15	0,0118191417445	-0,151834666667	-0,815577777778
56,2	0,00248954174455	-0,182171111111	-0,179037530864
56,25	-0,00793765825545	-0,175006222222	0,551764197531
56,3	-0,0169928582555	-0,123022666667	1,18229135802
56,35	-0,0213832582555	-0,0431417777778	1,50742148148
56,4	-0,0213832582555	0,0414648888889	1,49548
56,45	-0,0169928582555	0,118601777778	1,17373753086
56,5	-0,00848645825545	0,169975555556	0,589621234568
56,55	0,00166634174455	0,182171111111	-0,106457037037
56,6	0,0112703417445	0,157170222222	-0,764762962963
56,65	0,0186791417445	0,0989364444445	-1,26664395062
56,7	0,0216975417445	0,0240862222222	-1,56966962963
56,75	0,0222463417445	-0,0711915555556	-1,54019703704
56,8	0,0140143417445	-0,152139555556	-1,03611407407
56,85	0,00468474174455	-0,184152888889	-0,298367654321
56,9	-0,00574245825545	-0,179884444444	0,430570864198
56,95	-0,0147976582555	-0,137504888889	1,05991234568
57	-0,0208344582555	-0,0643315555556	1,45152518519
57,05	-0,0216576582555	0,02058	1,52918716049
57,1	-0,0186392582555	0,101528	1,28536074074
57,15	-0,0106816582555	0,161591111111	0,746723703704
57,2	-0,000803258255455	0,182628444444	0,0503066666667
57,25	0,00907514174455	0,166164444444	-0,642722716049
57,3	0,0173071417445	0,113113777778	-1,20321012346
57,35	0,0214231417445	0,0352146666667	-1,50344098765
57,4	0,0211487417445	-0,0506115555556	-1,47820296296
57,45	0,0159351417445	-0,125919111111	-1,12859703704
57,5	0,00742874174455	-0,173786666667	-0,528050617284
57,55	-0,00299845825545	-0,183695555556	0,193265679012
57,6	-0,0126024582555	-0,153054222222	0,87850345679
57,65	-0,0197368582555	-0,0879604444444	1,37259283951
57,7	-0,0222064582555	-0,00320133333333	1,56535037037
57,75	-0,0200112582555	0,0820151111111	1,42137506173
57,8	-0,0134256582555	0,151072444444	0,972172098766
57,85	-0,00382165825545	0,191775111111	0,248653827161
57,9	0,00825194174455	0,177750222222	-0,526102716049
57,95	0,0151119417445	0,131254666667	-1,13249283951
58	0,0225207417445	0,0565568888889	-1,52054864198
58,05	0,0216975417445	-0,0367391111111	-1,53680938272
58,1	0,0178559417445	-0,111132	-1,21709950617
58,15	0,00989834174455	-0,166621777778	-0,675159506173
58,2	-0,000254458255455	-0,185677333333	0,0271012345679
58,25	-0,0104072582555	-0,163877777778	0,724449876543
58,3	-0,0180904582555	-0,106406222222	1,26139308642
58,35	-0,0219320582555	-0,0268302222222	1,52901777778
58,4	-0,0211088582555	0,0600631111111	1,46532987654
58,45	-0,0153464582555	0,133236444444	1,07515679012
58,5	-0,00656565825545	0,176988	0,451574320988
58,55	0,00386154174455	0,182933333333	-0,279396790123
58,6	0,0134655417445	0,147261333333	-0,958875555556
58,65	0,0200511417445	0,0771368888889	-1,40655407407
58,7	0,0216975417445	-0,00701244444445	-1,53037283951
58,75	0,0192279417445	-0,0885702222222	-1,33812345679
58,8	0,0120935417445	-0,151834666667	-0,869018024691
58,85	0,00276394174455	-0,183085777778	-0,210542716049
58,9	-0,00766325825545	-0,177292888889	0,535249382716
58,95	-0,0169928582555	-0,125614222222	1,17848024691
59	-0,0213832582555	-0,0457333333333	1,51351925926
59,05	-0,0216576582555	0,0393306666667	1,51368864198
59,1	-0,0172672582555	0,118144444444	1,19677358025
59,15	-0,00876085825545	0,170432888889	0,60926962963
59,2	0,00139194174455	0,184305333333	-0,106626419753
59,25	0,0112703417445	0,158542222222	-0,795675308642
59,3	0,0186791417445	0,0978693333333	-1,31432518519
59,35	0,0219719417445	0,0152444444444	-1,54417753086
59,4	0,0203255417445	-0,0705817777778	-1,4327237037
59,45	0,0142887417445	-0,141011111111	-1,00460888889
59,5	0,00495914174455	-0,180494222222	-0,34943654321
59,55	-0,00546805825545	-0,178969777778	0,379671358025
59,6	-0,0145232582555	-0,138572	1,01553407407
59,65	-0,0205600582555	-0,0681426666667	1,42654123457
59,7	-0,0219320582555	0,0169213333333	1,5265617284
59,75	-0,0186392582555	0,0972595555556	1,31097140741
59,8	-0,0115048582555	0,159152	0,830034592591
59,85	-0,00135205825545	0,187049333333	0,209026740735
59,9	0,00907514174455	0,175524533333	-0,294954592603
59,95	0,0173071417445	0,142001999999	-0,527000444451
60	0,0216975417445	0,111589333331	-0,601088444444
