0,05	0,6097168	0,0829297777778	-0,257072148148
0,1	0,6138328	0,0759935555556	-0,447094148148
0,15	0,6182232	0,0554288	-0,728760666667
0,2	0,6217904	-0,00350622222222	-0,858338444444
0,25	0,6176744	-0,0580813333333	-0,465150345679
0,3	0,613284	-0,0614351111111	0,173905234568
0,35	0,6099912	-0,0282022222222	0,596227160494
0,4	0,61054	0,010976	0,703531111111
0,45	0,61054	0,0560995555556	0,457333333333
0,5	0,6171256	0,07546	-0,150327160494
0,55	0,6209672	0,0388733333333	-0,689980493827
0,6	0,6220648	-0,0198177777778	-0,712423703704
0,65	0,6174	-0,0513737777778	-0,318693580247
0,7	0,6154792	-0,0510688888889	0,12991654321
0,75	0,611912	-0,0344524444444	0,492903703704
0,8	0,6110888	0,00304888888889	0,681850123457
0,85	0,6113632	0,0518311111111	0,471984938272
0,9	0,6176744	0,0707342222222	-0,13203382716
0,95	0,6212416	0,0339951111111	-0,64568691358
1	0,621516	-0,0160066666667	-0,703869876543
1,05	0,6190464	-0,0544226666667	-0,349605925926
1,1	0,614656	-0,0597582222222	0,20622345679
1,15	0,6113632	-0,0278973333333	0,627054814815
1,2	0,6110888	0,0208848888889	0,654918271605
1,25	0,6141072	0,0557946666667	0,281344691358
1,3	0,6182232	0,056252	-0,254920987654
1,35	0,6212416	0,0231715555556	-0,632644444444
1,4	0,6212416	-0,0248484444444	-0,619686666667
1,45	0,6179488	-0,0559471111111	-0,229005432099
1,5	0,6141072	-0,0527457777778	0,277194814815
1,55	0,6113632	-0,02058	0,615621481481
1,6	0,6113632	0,0263728888889	0,57454617284
1,65	0,6152048	0,0501542222222	0,219350617284
1,7	0,6171256	0,0528982222222	-0,253565925926
1,75	0,6217904	0,024696	-0,675498271605
1,8	0,6212416	-0,0324706666667	-0,700312839506
1,85	0,6176744	-0,071344	-0,206816296296
1,9	0,6113632	-0,0567093333333	0,385684444444
1,95	0,6110888	-0,0172262222222	0,67829308642
2	0,6097168	0,0245435555556	0,636879012346
2,05	0,6135584	0,0608253333333	0,253735308642
2,1	0,6174	0,0606728888889	-0,337240987654
2,15	0,621516	0,0204275555556	-0,758157037037
2,2	0,6204184	-0,0381111111111	-0,688879506173
2,25	0,6165768	-0,072716	-0,12517382716
2,3	0,6102656	-0,0504591111111	0,462160740741
2,35	0,6108144	-0,00746977777778	0,674990123457
2,4	0,6099912	0,030184	0,549138765432
2,45	0,6138328	0,0602155555556	0,11831382716
2,5	0,6176744	0,0522884444444	-0,477320493827
2,55	0,621516	-0,00167688888889	-0,759935555556
2,6	0,6174	-0,0538128888889	-0,447509135802
2,65	0,6135584	-0,057624	0,122887160494
2,7	0,6102656	-0,0292693333333	0,493157777778
2,75	0,6108144	0,00289644444444	0,598344444444
2,8	0,6102656	0,0388733333333	0,456147654321
2,85	0,6149304	0,0632644444444	0,0055049382716
2,9	0,6184976	0,0472577777778	-0,558031358025
2,95	0,6217904	-0,00945155555556	-0,758157037037
3	0,6171256	-0,0577764444444	-0,368915555556
3,05	0,6135584	-0,0571666666667	0,259155555556
3,1	0,6097168	-0,019208	0,649582716049
3,15	0,6113632	0,0280497777778	0,605035061728
3,2	0,6135584	0,0541177777778	0,247891604938
3,25	0,6176744	0,0571666666667	-0,219689382716
3,3	0,6206928	0,0283546666667	-0,586911111111
3,35	0,6212416	-0,0157017777778	-0,631628148148
3,4	0,618772	-0,0515262222222	-0,30954691358
3,45	0,614656	-0,0556422222222	0,205291851852
3,5	0,6116376	-0,0254582222222	0,595803703704
3,55	0,6113632	0,0208848888889	0,616807160494
3,6	0,6143816	0,053508	0,257546419753
3,65	0,6182232	0,0528982222222	-0,247298765432
3,7	0,6209672	0,0224093333333	-0,607745185185
3,75	0,6212416	-0,0237813333333	-0,614774567901
3,8	0,6179488	-0,0567093333333	-0,237474567901
3,85	0,6138328	-0,0522884444444	0,262035061728
3,9	0,611912	-0,0254582222222	0,634084197531
3,95	0,6099912	0,0256106666667	0,664488395062
4	0,6149304	0,0646364444444	0,21266
4,05	0,6190464	0,0524408888889	-0,362479012346
4,1	0,6212416	0,0143297777778	-0,660761975309
4,15	0,6206928	-0,0303364444444	-0,585301975309
4,2	0,6174	-0,0573191111111	-0,202751111111
4,25	0,6135584	-0,0528982222222	0,249500740741
4,3	0,6113632	-0,0280497777778	0,589282469136
4,35	0,6097168	0,0176835555556	0,636116790123
4,4	0,613284	0,0559471111111	0,251363950617
4,45	0,6171256	0,0553373333333	-0,363918765432
4,5	0,6212416	0,00701244444444	-0,71471037037
4,55	0,6179488	-0,0445137777778	-0,498916790123
4,6	0,614656	-0,0560995555556	0,0144822222222
4,65	0,6108144	-0,0339951111111	0,396270864198
4,7	0,6113632	-0,00609777777778	0,545158271605
4,75	0,6099912	0,026068	0,497900493827
4,8	0,6135584	0,0585386666667	0,131864444444
4,85	0,6176744	0,0522884444444	-0,449118271605
4,9	0,6212416	-0,000457333333333	-0,730462962963
4,95	0,6174	-0,0495444444444	-0,441411358025
5	0,6141072	-0,0567093333333	0,115942469136
5,05	0,6099912	-0,0265253333333	0,483926419753
5,1	0,6116376	0,00670755555556	0,531184197531
5,15	0,6110888	0,0323182222222	0,38331308642
5,2	0,614656	0,0542702222222	0,0216809876543
5,25	0,6179488	0,0440564444444	-0,480708148148
5,3	0,6212416	-0,00655511111111	-0,695485432099
5,35	0,6171256	-0,0533555555556	-0,357058765432
5,4	0,6135584	-0,0541177777778	0,232139012346
5,45	0,6099912	-0,0176835555556	0,589451851852
5,5	0,6116376	0,0248484444444	0,530167901235
5,55	0,6135584	0,046648	0,19936345679
5,6	0,6174	0,0437515555556	-0,155916790123
5,65	0,6182232	0,0283546666667	-0,445730617284
5,7	0,6209672	-0,00350622222222	-0,614012345679
5,75	0,618772	-0,0486297777778	-0,429300493827
5,8	0,6149304	-0,0663133333333	0,13677654321
5,85	0,6097168	-0,0355195555556	0,688371358025
5,9	0,6097168	0,0278973333333	0,731225185185
5,95	0,6141072	0,0623497777778	0,257969876543
6	0,6179488	0,0547275555556	-0,283800740741
6,05	0,6204184	0,0236288888889	-0,611217530864
6,1	0,6209672	-0,0208848888889	-0,600631111111
6,15	0,6176744	-0,0515262222222	-0,248907901235
6,2	0,6143816	-0,0501542222222	0,214946666667
6,25	0,611912	-0,0277448888889	0,597412839506
6,3	0,6099912	0,0242386666667	0,636794320988
6,35	0,6149304	0,0611302222222	0,178021234568
6,4	0,618772	0,0469528888889	-0,383143703704
6,45	0,6209672	0,00350622222222	-0,586233580247
6,5	0,6182232	-0,0278973333333	-0,434551358025
6,55	0,6174	-0,0423795555556	-0,162692098765
6,6	0,6138328	-0,0468004444444	0,176581481481
6,65	0,6116376	-0,0268302222222	0,512298024691
6,7	0,6099912	0,0152444444444	0,587165185185
6,75	0,613284	0,0519835555556	0,245096790123
6,8	0,6168512	0,0527457777778	-0,338511358025
6,85	0,6209672	0,00655511111111	-0,67744617284
6,9	0,6176744	-0,0432942222222	-0,459281234568
6,95	0,6143816	-0,0516786666667	0,0341306172839
7	0,6110888	-0,028812	0,361123950617
7,05	0,611912	-0,00594533333333	0,473085925926
7,1	0,6102656	0,0213422222222	0,444714320988
7,15	0,6135584	0,0510688888889	0,142535555556
7,2	0,6168512	0,0486297777778	-0,37602962963
7,25	0,6206928	0,00335377777778	-0,668807654321
7,3	0,6174	-0,0457333333333	-0,424134320988
7,35	0,6138328	-0,052136	0,0999358024691
7,4	0,61054	-0,0236288888889	0,429808641975
7,45	0,611912	0,00381111111111	0,48189382716
7,5	0,6110888	0,0282022222222	0,37772345679
7,55	0,6143816	0,0516786666667	0,0459874074074
7,6	0,6176744	0,0437515555556	-0,454538518519
7,65	0,6209672	-0,00518311111111	-0,69802617284
7,7	0,6171256	-0,0538128888889	-0,386446666667
7,75	0,613284	-0,0565568888889	0,19978691358
7,8	0,6099912	-0,0254582222222	0,620702962963
7,85	0,6097168	0,026068	0,612572592593
7,9	0,6138328	0,0544226666667	0,209526419753
7,95	0,6171256	0,0437515555556	-0,185474074074
8	0,6179488	0,0289644444444	-0,446831604938
8,05	0,6206928	-0,00182933333333	-0,608168641975
8,1	0,618772	-0,0464955555556	-0,431417777778
8,15	0,6149304	-0,0652462222222	0,126867654321
8,2	0,6097168	-0,0341475555556	0,668299506173
8,25	0,6099912	0,0272875555556	0,699550617284
8,3	0,6141072	0,0588435555556	0,24738345679
8,35	0,6176744	0,0522884444444	-0,260849382716
8,4	0,620144	0,0231715555556	-0,576748148148
8,45	0,6204184	-0,0169213333333	-0,604696296296
8,5	0,6182232	-0,0500017777778	-0,32199654321
8,55	0,614656	-0,0614351111111	0,204614320988
8,6	0,6099912	-0,0298791111111	0,69158962963
8,65	0,6099912	0,0324706666667	0,669485185185
8,7	0,6149304	0,0621973333333	0,143297777778
8,75	0,6184976	0,0461906666667	-0,400420740741
8,8	0,6206928	0,00350622222222	-0,591907901235
8,85	0,6179488	-0,0271351111111	-0,453776296296
8,9	0,6174	-0,0435991111111	-0,199617530864
8,95	0,6138328	-0,0556422222222	0,220451604938
9	0,6097168	-0,0251533333333	0,650260246914
9,05	0,6099912	0,0294217777778	0,654156049383
9,1	0,6135584	0,0646364444444	0,171415308642
9,15	0,618772	0,0530506666667	-0,44073382716
9,2	0,6209672	-0,000304888888889	-0,659576296296
9,25	0,6174	-0,0343	-0,429046419753
9,3	0,6163024	-0,0428368888889	-0,116789382716
9,35	0,6135584	-0,0492395555556	0,261188148148
9,4	0,6094424	-0,0179884444444	0,601732098765
9,45	0,6108144	0,0303364444444	0,536011604938
9,5	0,6138328	0,0522884444444	0,11577308642
9,55	0,6171256	0,0472577777778	-0,409398024691
9,6	0,6206928	0	-0,679394074074
9,65	0,6171256	-0,0471053333333	-0,411091851852
9,7	0,6138328	-0,0519835555556	0,100359259259
9,75	0,6108144	-0,0304888888889	0,49307308642
9,8	0,6097168	0,0134151111111	0,551679506173
9,85	0,613284	0,0381111111111	0,302094074074
9,9	0,6143816	0,0432942222222	-0,00550493827161
9,95	0,6174	0,0426844444444	-0,390935308642
10	0,6206928	0,00335377777778	-0,682358271605
10,05	0,618772	-0,0513737777778	-0,455131358025
10,1	0,613284	-0,0623497777778	0,161929876543
10,15	0,6102656	-0,0266777777778	0,620957037037
10,2	0,6099912	0,0234764444444	0,605289135802
10,25	0,6138328	0,0515262222222	0,207832592593
10,3	0,6171256	0,0399404444444	-0,166841975309
10,35	0,6174	0,02744	-0,399319753086
10,4	0,6204184	0,00121955555556	-0,571836049383
10,45	0,618772	-0,0434466666667	-0,425912839506
10,5	0,6149304	-0,0618924444444	0,103577530864
10,55	0,6102656	-0,0343	0,625699753086
10,6	0,6097168	0,0265253333333	0,638996296296
10,65	0,614656	0,0556422222222	0,140418271605
10,7	0,6179488	0,0344524444444	-0,294641234568
10,75	0,6179488	0,008232	-0,407450123457
10,8	0,6179488	-0,00807955555556	-0,407111358025
10,85	0,6179488	-0,0341475555556	-0,295996296296
10,9	0,614656	-0,0547275555556	0,121362716049
10,95	0,6099912	-0,0282022222222	0,601732098765
11	0,6099912	0,0307937777778	0,59123037037
11,05	0,6149304	0,0565568888889	0,0869780246914
11,1	0,6182232	0,0332328888889	-0,345794814815
11,15	0,6182232	0,00335377777778	-0,438870617284
11,2	0,6176744	-0,0147871111111	-0,380518271605
11,25	0,6171256	-0,0350622222222	-0,24094691358
11,3	0,6143816	-0,052136	0,139232592593
11,35	0,6097168	-0,0265253333333	0,57022691358
11,4	0,6102656	0,0253057777778	0,586657037037
11,45	0,613284	0,0568617777778	0,121447407407
11,5	0,6184976	0,0388733333333	-0,389495555556
11,55	0,6182232	-0,00259155555556	-0,517464197531
11,6	0,6171256	-0,02744	-0,323012839506
11,65	0,614656	-0,0343	-0,0688540740741
11,7	0,6138328	-0,0358244444444	0,217148641975
11,75	0,6099912	-0,015092	0,498408641975
11,8	0,6110888	0,0278973333333	0,477066419753
11,85	0,6138328	0,049392	0,110098765432
11,9	0,6171256	0,0451235555556	-0,37001654321
11,95	0,6204184	0,00121955555556	-0,613165432099
12	0,6171256	-0,0416173333333	-0,352400740741
12,05	0,6138328	-0,0390257777778	0,0538637037037
12,1	0,613284	-0,0298791111111	0,351892592593
12,15	0,6097168	0,00228666666667	0,489516049383
12,2	0,6135584	0,0332328888889	0,320302716049
12,25	0,6143816	0,0382635555556	0,027609382716
12,3	0,6171256	0,0396355555556	-0,333091111111
12,35	0,620144	0,00518311111111	-0,629595555556
12,4	0,618772	-0,0464955555556	-0,451150864198
12,45	0,6135584	-0,060368	0,122463703704
12,5	0,61054	-0,0289644444444	0,592331358025
12,55	0,6097168	0,021952	0,598005679012
12,6	0,6138328	0,0519835555556	0,173532592593
12,65	0,6174	0,0350622222222	-0,217826172839
12,7	0,6171256	0,015092	-0,343
12,75	0,6182232	0,00182933333333	-0,414987654321
12,8	0,6184976	-0,0286595555556	-0,367306419753
12,85	0,6154792	-0,0544226666667	0,0355703703704
12,9	0,61054	-0,0327755555556	0,539399259259
12,95	0,6102656	0,0237813333333	0,580559259259
13	0,614656	0,0503066666667	0,13804691358
13,05	0,6176744	0,0320133333333	-0,255429135802
13,1	0,6176744	0,00929911111111	-0,373997037037
13,15	0,6179488	-0,00625022222222	-0,399319753086
13,2	0,6179488	-0,0333853333333	-0,298028888889
13,25	0,614656	-0,0539653333333	0,123988148148
13,3	0,6099912	-0,0263728888889	0,596565925926
13,35	0,6102656	0,0320133333333	0,56421382716
13,4	0,6152048	0,0545751111111	0,0606390123457
13,45	0,6182232	0,0298791111111	-0,338341975309
13,5	0,6179488	0,00213422222222	-0,39957382716
13,55	0,6174	-0,0111284444444	-0,361801481481
13,6	0,6176744	-0,0339951111111	-0,25424345679
13,65	0,6141072	-0,0524408888889	0,13550617284
13,7	0,6099912	-0,0245435555556	0,559301728395
13,75	0,61054	0,0240862222222	0,569972839506
13,8	0,613284	0,0553373333333	0,127968641975
13,85	0,6184976	0,0388733333333	-0,370355308642
13,9	0,6182232	-0,000914666666667	-0,506623703704
13,95	0,6174	-0,026068	-0,321911851852
14	0,6149304	-0,0344524444444	-0,0493750617284
14,05	0,6138328	-0,0339951111111	0,271605185185
14,1	0,6099912	-0,00365866666667	0,479099012346
14,15	0,613284	0,0295742222222	0,356804691358
14,2	0,6138328	0,043904	-0,0112639506173
14,25	0,6190464	0,0291168888889	-0,388309876543
14,3	0,6179488	-0,009604	-0,470629876543
14,35	0,6171256	-0,0323182222222	-0,244673333333
14,4	0,6138328	-0,0353671111111	0,0487822222222
14,45	0,613284	-0,0268302222222	0,318439506173
14,5	0,6099912	0,00320133333333	0,425658765432
14,55	0,6138328	0,0291168888889	0,257969876543
14,6	0,6141072	0,0321657777778	-0,00762222222222
14,65	0,6171256	0,0277448888889	-0,271943950617
14,7	0,6176744	0,00457333333333	-0,47334
14,75	0,6184976	-0,0323182222222	-0,383059012346
14,8	0,6138328	-0,0536604444444	0,0826587654321
14,85	0,61054	-0,0248484444444	0,542532839506
14,9	0,6102656	0,0245435555556	0,538806419753
14,95	0,6143816	0,049392	0,128307407407
15	0,6174	0,0321657777778	-0,233070617284
15,05	0,6174	0,0118906666667	-0,340713333333
15,1	0,6179488	-0,00152444444444	-0,386531358025
15,15	0,6182232	-0,0286595555556	-0,325553580247
15,2	0,6152048	-0,0513737777778	0,0507301234568
15,25	0,6108144	-0,0307937777778	0,518226419753
15,3	0,6102656	0,0228666666667	0,554135555556
15,35	0,614656	0,0492395555556	0,119414814815
15,4	0,6176744	0,0294217777778	-0,263390123457
15,45	0,6174	0,00609777777778	-0,34986
15,5	0,6174	-0,00609777777778	-0,353755802469
15,55	0,6176744	-0,0297266666667	-0,274145925926
15,6	0,614656	-0,0503066666667	0,106372345679
15,65	0,6102656	-0,0259155555556	0,56294345679
15,7	0,6102656	0,0298791111111	0,556591604938
15,75	0,6149304	0,0553373333333	0,0637725925926
15,8	0,6184976	0,0303364444444	-0,359091358025
15,85	0,6179488	-0,00106711111111	-0,412277530864
15,9	0,6171256	-0,0141773333333	-0,329872839506
15,95	0,6171256	-0,0324706666667	-0,204614320988
16	0,6141072	-0,0481724444444	0,156763703704
16,05	0,6099912	-0,0202751111111	0,53677382716
16,1	0,6110888	0,0256106666667	0,51534691358
16,15	0,6135584	0,0519835555556	0,0851995061728
16,2	0,6184976	0,0346048888889	-0,370101234568
16,25	0,6179488	-0,00350622222222	-0,474356296296
16,3	0,6171256	-0,026068	-0,280328395062
16,35	0,614656	-0,0320133333333	-0,0210881481481
16,4	0,6138328	-0,030184	0,267709382716
16,45	0,6102656	-0,00167688888889	0,447255061728
16,5	0,6135584	0,0282022222222	0,338172592593
16,55	0,6138328	0,042532	0,00872320987654
16,6	0,6190464	0,0298791111111	-0,339697037037
16,65	0,6176744	-0,001372	-0,474864444444
16,7	0,618772	-0,0304888888889	-0,326315802469
16,75	0,6138328	-0,0419222222222	0,00330296296296
16,8	0,6135584	-0,0298791111111	0,322504691358
16,85	0,6099912	-0,000609777777778	0,444375555556
16,9	0,6135584	0,0280497777778	0,284647654321
16,95	0,6141072	0,0317084444444	0,0121108641975
17	0,6168512	0,0271351111111	-0,230360493827
17,05	0,6174	0,00853688888889	-0,421678271605
17,1	0,618772	-0,0272875555556	-0,343084691358
17,15	0,6135584	-0,0407026666667	0,0288797530864
17,2	0,613284	-0,0239337777778	0,38458345679
17,25	0,6102656	0,0105186666667	0,472747160494
17,3	0,6143816	0,0429893333333	0,176242716049
17,35	0,6171256	0,0289644444444	-0,169382716049
17,4	0,6171256	0,012348	-0,28684962963
17,45	0,6176744	0,00167688888889	-0,369254320988
17,5	0,6184976	-0,0265253333333	-0,340882716049
17,55	0,6152048	-0,0516786666667	0,0365019753086
17,6	0,6108144	-0,0298791111111	0,506539012346
17,65	0,61054	0,0222568888889	0,53508
17,7	0,614656	0,0464955555556	0,121108641975
17,75	0,6174	0,0289644444444	-0,242132592593
17,8	0,6174	0,00731733333333	-0,339442962963
17,85	0,6174	-0,00564044444444	-0,353586419753
17,9	0,6176744	-0,0294217777778	-0,269826666667
17,95	0,614656	-0,0495444444444	0,11492617284
18	0,6102656	-0,0237813333333	0,557184444444
18,05	0,61054	0,0317084444444	0,514838765432
18,1	0,6154792	0,0513737777778	0,0249839506173
18,15	0,6182232	0,0236288888889	-0,317677283951
18,2	0,6171256	0,001372	-0,331227901235
18,25	0,6174	-0,00731733333333	-0,306921481481
18,3	0,6174	-0,0285071111111	-0,235611358025
18,35	0,614656	-0,0463431111111	0,105948888889
18,4	0,61054	-0,0222568888889	0,491125185185
18,45	0,6113632	0,0216471111111	0,50120345679
18,5	0,6135584	0,0489346666667	0,0976491358025
18,55	0,6184976	0,0324706666667	-0,343084691358
18,6	0,6176744	-0,00350622222222	-0,444206172839
18,65	0,6171256	-0,0242386666667	-0,267031851852
18,7	0,614656	-0,030184	-0,0336224691358
18,75	0,6141072	-0,030184	0,24094691358
18,8	0,6102656	-0,00365866666667	0,429978024691
18,85	0,6135584	0,0259155555556	0,342745925926
18,9	0,6135584	0,0410075555556	0,0338765432099
18,95	0,618772	0,0312511111111	-0,315729382716
19	0,6176744	0,000457333333333	-0,468936049383
19,05	0,618772	-0,0295742222222	-0,321827160494
19,1	0,6138328	-0,0405502222222	0,0191402469136
19,15	0,6135584	-0,026068	0,327586172839
19,2	0,61054	0,002744	0,414987654321
19,25	0,6141072	0,0272875555556	0,248484444444
19,3	0,6143816	0,0298791111111	-0,00194790123457
19,35	0,6171256	0,0259155555556	-0,233324691358
19,4	0,6176744	0,00655511111111	-0,416258024691
19,45	0,618772	-0,0286595555556	-0,322758765432
19,5	0,6135584	-0,0394831111111	0,0424303703704
19,55	0,6135584	-0,0227142222222	0,370948148148
19,6	0,61054	0,00914666666667	0,451828395062
19,65	0,6143816	0,0410075555556	0,167942962963
19,7	0,6171256	0,0275924444444	-0,173871358025
19,75	0,6171256	0,00990888888889	-0,285579259259
19,8	0,6174	-0,00106711111111	-0,340882716049
19,85	0,6179488	-0,0251533333333	-0,304465432099
19,9	0,6152048	-0,0484773333333	0,0409059259259
19,95	0,6108144	-0,028812	0,488923209877
20	0,61054	0,0224093333333	0,518734567901
20,05	0,614656	0,0460382222222	0,109590617284
20,1	0,6174	0,02744	-0,236966419753
20,15	0,6171256	0,00716488888889	-0,314797777778
20,2	0,6174	-0,00442088888889	-0,319117037037
20,25	0,6174	-0,0250008888889	-0,250517037037
20,3	0,6152048	-0,0443613333333	0,0832516049383
20,35	0,6108144	-0,0234764444444	0,49561382716
20,4	0,6110888	0,0278973333333	0,476388888889
20,45	0,6154792	0,0463431111111	0,0381111111111
20,5	0,6179488	0,023324	-0,288204691358
20,55	0,6174	0,00106711111111	-0,318354814815
20,6	0,6171256	-0,008232	-0,280751851852
20,65	0,6174	-0,0263728888889	-0,199448148148
20,7	0,614656	-0,0429893333333	0,133558271605
20,75	0,61054	-0,0131102222222	0,443528641975
20,8	0,613284	0,0196653333333	0,399827901235
20,85	0,613284	0,038416	0,101968395062
20,9	0,6182232	0,0318608888889	-0,252803703704
20,95	0,6174	0,00503066666667	-0,432857530864
21	0,618772	-0,0236288888889	-0,343338765432
21,05	0,6143816	-0,0378062222222	-0,0580135802469
21,1	0,6141072	-0,0314035555556	0,268048148148
21,15	0,6102656	-0,00426844444444	0,440649135802
21,2	0,6135584	0,0253057777778	0,339781728395
21,25	0,6135584	0,0388733333333	0,0368407407407
21,3	0,6184976	0,0291168888889	-0,27567037037
21,35	0,6171256	0,00396355555556	-0,423710864198
21,4	0,6190464	-0,0240862222222	-0,326823950617
21,45	0,6141072	-0,0381111111111	-0,0268471604938
21,5	0,6141072	-0,0275924444444	0,284986419753
21,55	0,61054	-0,000609777777778	0,406857283951
21,6	0,6141072	0,026068	0,258054567901
21,65	0,6143816	0,0289644444444	-8,46913580247E-005
21,7	0,6171256	0,0240862222222	-0,228412592593
21,75	0,6174	0,00518311111111	-0,394746419753
21,8	0,6184976	-0,0272875555556	-0,302517530864
21,85	0,6135584	-0,0376537777778	0,0403130864198
21,9	0,6135584	-0,0222568888889	0,358244444444
21,95	0,61054	0,00899422222222	0,441326666667
22	0,6143816	0,0399404444444	0,168112345679
22,05	0,6168512	0,0285071111111	-0,181324197531
22,1	0,6174	0,00884177777778	-0,304126666667
22,15	0,6171256	-0,00396355555556	-0,334276790123
22,2	0,6179488	-0,0298791111111	-0,215370123457
22,25	0,613284	-0,0367391111111	0,112216049383
22,3	0,6130096	-0,0175311111111	0,395678024691
22,35	0,6108144	0,0149395555556	0,424727160494
22,4	0,614656	0,0429893333333	0,106711111111
22,45	0,6176744	0,0245435555556	-0,216301728395
22,5	0,6168512	0,00609777777778	-0,277025432099
22,55	0,6174	-0,00198177777778	-0,301162469136
22,6	0,6176744	-0,0240862222222	-0,255683209877
22,65	0,6152048	-0,0437515555556	0,0757140740741
22,7	0,6110888	-0,0225617777778	0,476304197531
22,75	0,6113632	0,0262204444444	0,454961975309
22,8	0,6154792	0,0440564444444	0,0330296296296
22,85	0,6179488	0,0211897777778	-0,276686666667
22,9	0,6171256	0,000457333333333	-0,298537037037
22,95	0,6171256	-0,00807955555556	-0,260934074074
23	0,6171256	-0,0253057777778	-0,17878345679
23,05	0,614656	-0,0396355555556	0,134913333333
23,1	0,6108144	-0,0112808888889	0,417697777778
23,15	0,6135584	0,0185982222222	0,378824444444
23,2	0,613284	0,037044	0,105356049383
23,25	0,6182232	0,0326231111111	-0,247298765432
23,3	0,6176744	0,00487822222222	-0,435821728395
23,35	0,618772	-0,024696	-0,331312592593
23,4	0,6143816	-0,037044	-0,0293879012346
23,45	0,6141072	-0,0277448888889	0,280497777778
23,5	0,6108144	-0,000914666666667	0,413632592593
23,55	0,6141072	0,0245435555556	0,30184
23,6	0,6138328	0,0368915555556	0,0177851851852
23,65	0,618772	0,02744	-0,286256790123
23,7	0,6174	0,000457333333333	-0,417782469136
23,75	0,618772	-0,0259155555556	-0,295911604938
23,8	0,6141072	-0,0368915555556	-8,46913580247E-005
23,85	0,6141072	-0,0259155555556	0,295234074074
23,9	0,6108144	0,000457333333333	0,414394814815
23,95	0,6141072	0,0272875555556	0,276432592593
24	0,6143816	0,0361293333333	-0,0354856790123
24,05	0,618772	0,0221044444444	-0,316152839506
24,1	0,6171256	-0,00442088888889	-0,400081975309
24,15	0,6182232	-0,0285071111111	-0,244588641975
24,2	0,6135584	-0,0362817777778	0,0742743209877
24,25	0,6135584	-0,0201226666667	0,35756691358
24,3	0,6108144	0,00929911111111	0,421170123457
24,35	0,6143816	0,0391782222222	0,15261382716
24,4	0,6171256	0,0259155555556	-0,167942962963
24,45	0,6168512	0,00929911111111	-0,261018765432
24,5	0,6174	0,000609777777778	-0,312341728395
24,55	0,6182232	-0,02744	-0,216725185185
24,6	0,6135584	-0,032928	0,0952777777778
24,65	0,6138328	-0,0158542222222	0,352485432099
24,7	0,6113632	0,0131102222222	0,382042716049
24,75	0,6152048	0,0390257777778	0,0903656790123
24,8	0,6176744	0,0213422222222	-0,204868395062
24,85	0,6171256	0,00350622222222	-0,237813333333
24,9	0,6171256	-0,00243911111111	-0,22121382716
24,95	0,6176744	-0,0182933333333	-0,16294617284
25	0,6152048	-0,0289644444444	0,0712254320988
25,05	0,613284	-0,0120431111111	0,299807407407
25,1	0,6135584	0,0134151111111	0,286764938272
25,15	0,6152048	0,0278973333333	0,0510688888889
25,2	0,6176744	0,0172262222222	-0,18005382716
25,25	0,6171256	-0,000152444444445	-0,234256296296
25,3	0,6168512	-0,00701244444444	-0,227819753086
25,35	0,6171256	-0,0224093333333	-0,181493580247
25,4	0,6149304	-0,0391782222222	0,10933654321
25,45	0,6108144	-0,0126528888889	0,401182962963
25,5	0,6135584	0,0175311111111	0,374759259259
25,55	0,613284	0,0352146666667	0,11662
25,6	0,6179488	0,0318608888889	-0,211897777778
25,65	0,6174	0,008232	-0,407704197531
25,7	0,6190464	-0,0208848888889	-0,34215308642
25,75	0,614656	-0,0359768888889	-0,0601308641975
25,8	0,6143816	-0,0280497777778	0,250517037037
25,85	0,6110888	-0,00304888888889	0,392798518519
25,9	0,6141072	0,021952	0,295657530864
25,95	0,6138328	0,0343	0,0233748148148
26	0,6184976	0,0253057777778	-0,267709382716
26,05	0,6171256	0	-0,392459753086
26,1	0,6184976	-0,0253057777778	-0,271012345679
26,15	0,6138328	-0,0344524444444	0,013635308642
26,2	0,6141072	-0,0227142222222	0,278465185185
26,25	0,6110888	0,000609777777778	0,380857037037
26,3	0,6141072	0,024696	0,268471604938
26,35	0,6141072	0,035672	-0,0199024691358
26,4	0,618772	0,0231715555556	-0,311664197531
26,45	0,6171256	-0,00442088888889	-0,408635802469
26,5	0,6182232	-0,0297266666667	-0,243402962963
26,55	0,613284	-0,0362817777778	0,08918
26,6	0,6135584	-0,0189031111111	0,375267407407
26,65	0,6108144	0,0105186666667	0,444290864198
26,7	0,6143816	0,0414648888889	0,189369876543
26,75	0,6168512	0,0362817777778	-0,202920493827
26,8	0,6190464	0,00899422222222	-0,373742962963
26,85	0,6171256	-0,010976	-0,319455802469
26,9	0,6179488	-0,02744	-0,134743950617
26,95	0,6138328	-0,030184	0,154815802469
27	0,6135584	-0,00625022222222	0,320048641975
27,05	0,6135584	0,012348	0,265507407407
27,1	0,6149304	0,0269826666667	0,065042962963
27,15	0,6174	0,0190555555556	-0,14922617284
27,2	0,6171256	0,00365866666667	-0,209780493827
27,25	0,6171256	-0,00320133333333	-0,21393037037
27,3	0,6174	-0,0182933333333	-0,170568395062
27,35	0,6152048	-0,0291168888889	0,0386192592593
27,4	0,613284	-0,0160066666667	0,263813580247
27,45	0,613284	0,00426844444444	0,333345185185
27,5	0,613284	0,030184	0,149734320988
27,55	0,6179488	0,0257631111111	-0,161082962963
27,6	0,6168512	0,001372	-0,252380246914
27,65	0,6168512	-0,00518311111111	-0,207155061728
27,7	0,6168512	-0,0182933333333	-0,133388888889
27,75	0,6149304	-0,026068	0,0794404938272
27,8	0,6130096	-0,0102137777778	0,272198024691
27,85	0,6138328	0,00838444444444	0,307090864198
27,9	0,6135584	0,0309462222222	0,121532098765
27,95	0,6182232	0,0269826666667	-0,190724938272
28	0,6171256	0,00487822222222	-0,361886172839
28,05	0,618772	-0,0199702222222	-0,300823703704
28,1	0,614656	-0,0338426666667	-0,0470037037037
28,15	0,6143816	-0,026068	0,238406172839
28,2	0,6113632	-0,00289644444444	0,371117530864
28,25	0,6141072	0,02058	0,287865925926
28,3	0,6138328	0,0338426666667	0,0281175308642
28,35	0,6184976	0,0251533333333	-0,263220740741
28,4	0,6171256	0	-0,39017308642
28,45	0,6184976	-0,0253057777778	-0,270504197531
28,5	0,6138328	-0,0344524444444	0,013635308642
28,55	0,6141072	-0,0227142222222	0,277872345679
28,6	0,6110888	0,000609777777778	0,378062222222
28,65	0,6141072	0,0245435555556	0,261780987654
28,7	0,6141072	0,0350622222222	-0,0279481481481
28,75	0,618772	0,0213422222222	-0,302178765432
28,8	0,6168512	-0,005488	-0,355619012346
28,85	0,6179488	-0,0259155555556	-0,16421654321
28,9	0,613284	-0,0269826666667	0,136691851852
28,95	0,6141072	-0,004116	0,289051604938
29	0,6135584	0,00929911111111	0,267878765432
29,05	0,614656	0,0268302222222	0,130001234568
29,1	0,6168512	0,0300315555556	-0,150665925926
29,15	0,6190464	0,00670755555556	-0,327332098765
29,2	0,6171256	-0,0120431111111	-0,301755308642
29,25	0,6179488	-0,030184	-0,117636296296
29,3	0,613284	-0,030184	0,184119012346
29,35	0,6135584	-0,00365866666667	0,322928148148
29,4	0,6135584	0,0126528888889	0,242556049383
29,45	0,6149304	0,0253057777778	0,0505607407407
29,5	0,6171256	0,0172262222222	-0,140757037037
29,55	0,6168512	0,00350622222222	-0,188099506173
29,6	0,6168512	-0,00182933333333	-0,195806419753
29,65	0,6174	-0,0173786666667	-0,14321308642
29,7	0,6149304	-0,0263728888889	0,089264691358
29,75	0,613284	-0,00838444444444	0,307344938272
29,8	0,6138328	0,0160066666667	0,298367654321
29,85	0,6154792	0,0297266666667	0,102984691358
29,9	0,6174	0,0286595555556	-0,154985185185
29,95	0,6190464	0,0115857777778	-0,344947901235
30	0,6190464	-0,0147871111111	-0,336732839506
30,05	0,6171256	-0,0317084444444	-0,126444197531
30,1	0,6149304	-0,0295742222222	0,140841728395
30,15	0,6135584	-0,0120431111111	0,296589135802
30,2	0,6138328	0,00503066666667	0,317846666667
30,25	0,6135584	0,0286595555556	0,142027407407
30,3	0,6179488	0,0265253333333	-0,169552098765
30,35	0,6171256	0,00579288888889	-0,35756691358
30,4	0,618772	-0,0208848888889	-0,300654320988
30,45	0,6143816	-0,0336902222222	-0,0387039506173
30,5	0,6143816	-0,0248484444444	0,234764444444
30,55	0,6113632	-0,00304888888889	0,357058765432
30,6	0,6141072	0,0190555555556	0,284817037037
30,65	0,6135584	0,0327755555556	0,0460720987654
30,7	0,6182232	0,0272875555556	-0,251194567901
30,75	0,6174	0,000152444444444	-0,379925432099
30,8	0,6182232	-0,0256106666667	-0,213422222222
30,85	0,6135584	-0,0275924444444	0,0870627160494
30,9	0,6143816	-0,00762222222222	0,23408691358
30,95	0,6135584	0,00304888888889	0,224093333333
31	0,614656	0,0134151111111	0,186405679012
31,05	0,6143816	0,0286595555556	0,00855382716049
31,1	0,618772	0,0196653333333	-0,248907901235
31,15	0,6171256	-0,00442088888889	-0,335885925926
31,2	0,6182232	-0,026068	-0,17963037037
31,25	0,6135584	-0,028812	0,108997777778
31,3	0,6141072	-0,00716488888889	0,259663703704
31,35	0,6135584	0,00533555555556	0,235441975309
31,4	0,614656	0,016464	0,160913580247
31,45	0,6149304	0,0280497777778	-0,0437007407407
31,5	0,618772	0,0144822222222	-0,271435802469
31,55	0,6168512	-0,00853688888889	-0,304296049383
31,6	0,6176744	-0,0263728888889	-0,123225925926
31,65	0,613284	-0,0254582222222	0,157271851852
31,7	0,6141072	-0,00304888888889	0,295996296296
31,75	0,6135584	0,0111284444444	0,27312962963
31,8	0,6149304	0,0286595555556	0,13118691358
31,85	0,6171256	0,0298791111111	-0,120261728395
31,9	0,618772	0,0138724444444	-0,308615308642
31,95	0,618772	-0,00884177777778	-0,326993333333
32	0,6176744	-0,0265253333333	-0,172262222222
32,05	0,6154792	-0,0303364444444	0,0791864197531
32,1	0,6138328	-0,0157017777778	0,270419506173
32,15	0,6138328	0,00198177777778	0,329618765432
32,2	0,6135584	0,0265253333333	0,190132098765
32,25	0,6176744	0,0278973333333	-0,0897728395062
32,3	0,6171256	0,0120431111111	-0,268725679012
32,35	0,618772	-0,00457333333333	-0,311240740741
32,4	0,6171256	-0,0272875555556	-0,170060246914
32,45	0,6149304	-0,0280497777778	0,10162962963
32,5	0,6135584	-0,0118906666667	0,27312962963
32,55	0,6138328	0,00487822222222	0,305227654321
32,6	0,6135584	0,0280497777778	0,131779753086
32,65	0,6179488	0,024696	-0,165317530864
32,7	0,6168512	0,00442088888889	-0,316322222222
32,75	0,6184976	-0,0181408888889	-0,237982716049
32,8	0,6143816	-0,0277448888889	0,013550617284
32,85	0,6143816	-0,0115857777778	0,187845432099
32,9	0,6138328	-0,00198177777778	0,220536296296
32,95	0,6141072	0,00929911111111	0,224855555556
33	0,6141072	0,0283546666667	0,0664827160494
33,05	0,6182232	0,0225617777778	-0,200718518519
33,1	0,6171256	0,00152444444444	-0,327670864198
33,15	0,6184976	-0,0217995555556	-0,220282222222
33,2	0,6141072	-0,0285071111111	0,0505607407407
33,25	0,6143816	-0,0106711111111	0,222822962963
33,3	0,6135584	0,00182933333333	0,229852345679
33,35	0,614656	0,0125004444444	0,185135308642
33,4	0,6143816	0,0266777777778	0,00872320987654
33,45	0,6184976	0,017836	-0,232647160494
33,5	0,6168512	-0,00442088888889	-0,30954691358
33,55	0,6179488	-0,0242386666667	-0,160998271605
33,6	0,6135584	-0,0268302222222	0,120346419753
33,65	0,6141072	-0,005488	0,281175308642
33,7	0,6135584	0,00853688888889	0,278719259259
33,75	0,614656	0,0268302222222	0,151936296296
33,8	0,6168512	0,030184	-0,106626419753
33,85	0,6184976	0,0155493333333	-0,332498271605
33,9	0,6190464	-0,0112808888889	-0,371879753086
33,95	0,6174	-0,0364342222222	-0,119414814815
34	0,6135584	-0,0269826666667	0,213845679012
34,05	0,6141072	-0,00320133333333	0,330973827161
34,1	0,6138328	0,0128053333333	0,283377283951
34,15	0,6152048	0,0291168888889	0,118991358025
34,2	0,6174	0,0297266666667	-0,139571358025
34,25	0,6190464	0,0126528888889	-0,333853333333
34,3	0,6190464	-0,0126528888889	-0,335970617284
34,35	0,6174	-0,0298791111111	-0,145923209877
34,4	0,6152048	-0,0297266666667	0,110945679012
34,45	0,6138328	-0,0144822222222	0,285918024691
34,5	0,6138328	0,00213422222222	0,354602716049
34,55	0,613284	0,0294217777778	0,229005432099
34,6	0,6176744	0,0373488888889	-0,122463703704
34,65	0,618772	0,0120431111111	-0,372557283951
34,7	0,618772	-0,0140248888889	-0,341899012346
34,75	0,6168512	-0,0300315555556	-0,127121728395
34,8	0,6149304	-0,0277448888889	0,130255308642
34,85	0,6135584	-0,0120431111111	0,286934320988
34,9	0,6138328	0,00426844444444	0,332837037037
34,95	0,613284	0,0297266666667	0,182001728395
35	0,6176744	0,0350622222222	-0,186151604938
35,05	0,618772	0,00472577777778	-0,415241728395
35,1	0,6182232	-0,0275924444444	-0,250517037037
35,15	0,6141072	-0,0265253333333	0,0566585185185
35,2	0,6149304	-0,0105186666667	0,186659753086
35,25	0,6138328	-0,00320133333333	0,204868395062
35,3	0,6143816	0,00716488888889	0,219011851852
35,35	0,6138328	0,0265253333333	0,0768997530864
35,4	0,6182232	0,0228666666667	-0,196229876543
35,45	0,6171256	0	-0,327840246914
35,5	0,6182232	-0,0230191111111	-0,202497037037
35,55	0,6138328	-0,0271351111111	0,0670755555556
35,6	0,6143816	-0,00899422222222	0,218842469136
35,65	0,6135584	0,00182933333333	0,225871851852
35,7	0,614656	0,0118906666667	0,209441728395
35,75	0,6141072	0,0285071111111	0,0610624691358
35,8	0,6182232	0,0286595555556	-0,254497530864
35,85	0,618772	-0,00320133333333	-0,425065925926
35,9	0,6179488	-0,0349097777778	-0,201565432099
35,95	0,613284	-0,0304888888889	0,168027654321
36	0,6138328	-0,004116	0,30226345679
36,05	0,6138328	0,009604	0,230699259259
36,1	0,6152048	0,0155493333333	0,157864691358
36,15	0,614656	0,0286595555556	0,00508148148148
36,2	0,618772	0,0259155555556	-0,289475061728
36,25	0,6190464	-0,00792711111111	-0,413886666667
36,3	0,6176744	-0,035672	-0,161167654321
36,35	0,6135584	-0,0285071111111	0,195552345679
36,4	0,6141072	-0,00365866666667	0,331905432099
36,45	0,6138328	0,0125004444444	0,280921234568
36,5	0,6152048	0,0285071111111	0,111453827161
36,55	0,6174	0,0278973333333	-0,139317283951
36,6	0,618772	0,0112808888889	-0,313273333333
36,65	0,618772	-0,0112808888889	-0,31556
36,7	0,6174	-0,0280497777778	-0,146685432099
36,75	0,6152048	-0,0291168888889	0,0987501234568
36,8	0,6138328	-0,0144822222222	0,274484691358
36,85	0,6138328	0,00167688888889	0,346472345679
36,9	0,613284	0,0280497777778	0,233578765432
36,95	0,6174	0,0373488888889	-0,106457037037
37	0,618772	0,0134151111111	-0,364088148148
37,05	0,618772	-0,0134151111111	-0,337495061728
37,1	0,6168512	-0,0291168888889	-0,11492617284
37,15	0,6149304	-0,0253057777778	0,137454074074
37,2	0,6138328	-0,00868933333333	0,257631111111
37,25	0,6143816	0,00381111111111	0,272367407407
37,3	0,6135584	0,0253057777778	0,131017530864
37,35	0,6179488	0,0250008888889	-0,153291358025
37,4	0,6171256	0,00426844444444	-0,315390617284
37,45	0,6184976	-0,0190555555556	-0,230953333333
37,5	0,6143816	-0,0266777777778	0,017192345679
37,55	0,614656	-0,0114333333333	0,178529382716
37,6	0,6138328	-0,00259155555556	0,215370123457
37,65	0,6143816	0,00792711111111	0,237389876543
37,7	0,6138328	0,0278973333333	0,107134567901
37,75	0,6179488	0,0306413333333	-0,218334320988
37,8	0,618772	0	-0,410583703704
37,85	0,6179488	-0,0307937777778	-0,222907654321
37,9	0,6138328	-0,0283546666667	0,100105185185
37,95	0,6143816	-0,00945155555556	0,241031604938
38	0,6135584	0,00213422222222	0,239761234568
38,05	0,614656	0,012348	0,218927160494
38,1	0,6141072	0,0300315555556	0,0661439506173
38,15	0,6184976	0,0294217777778	-0,250940493827
38,2	0,618772	-0,00198177777778	-0,415326419753
38,25	0,6182232	-0,0317084444444	-0,210627407407
38,3	0,6138328	-0,0292693333333	0,128815555556
38,35	0,6143816	-0,00716488888889	0,273468395062
38,4	0,6138328	0,00625022222222	0,241624444444
38,45	0,6152048	0,0157017777778	0,174972345679
38,5	0,6149304	0,0283546666667	0,00389580246913
38,55	0,618772	0,0245435555556	-0,288882222222
38,6	0,6190464	-0,00838444444445	-0,407450123457
38,65	0,6176744	-0,0358244444444	-0,157017777778
38,7	0,6135584	-0,0285071111111	0,195044197531
38,75	0,6141072	-0,00381111111111	0,325468888889
38,8	0,6138328	0,0118906666667	0,270588888889
38,85	0,6152048	0,0266777777778	0,108997777778
38,9	0,6171256	0,0263728888889	-0,122717777778
38,95	0,6184976	0,0121955555556	-0,294725925926
39	0,618772	-0,0106711111111	-0,30099308642
39,05	0,6171256	-0,0266777777778	-0,123818765432
39,1	0,6152048	-0,0251533333333	0,109929382716
39,15	0,6141072	-0,0106711111111	0,252464938272
39,2	0,6143816	0,00243911111111	0,307260246914
39,25	0,6135584	0,0266777777778	0,198008395062
39,3	0,6176744	0,0353671111111	-0,142450864198
39,35	0,6190464	0,00868933333333	-0,395339259259
39,4	0,618772	-0,0231715555556	-0,291761728395
39,45	0,6152048	-0,0283546666667	-0,01372
39,5	0,6152048	-0,0172262222222	0,163115555556
39,55	0,6138328	-0,00731733333333	0,237135802469
39,6	0,6143816	0,00518311111111	0,278295802469
39,65	0,6135584	0,0278973333333	0,153968888889
39,7	0,6179488	0,0332328888889	-0,184542469136
39,75	0,618772	0,00426844444444	-0,407873580247
39,8	0,6184976	-0,0272875555556	-0,261357530864
39,85	0,6143816	-0,0294217777778	0,0493750617284
39,9	0,614656	-0,012348	0,20707037037
39,95	0,6138328	-0,00259155555556	0,234256296296
40	0,6143816	0,008232	0,252464938272
40,05	0,6138328	0,0289644444444	0,125851358025
40,1	0,6179488	0,0339951111111	-0,215200740741
40,15	0,6193208	0,00198177777778	-0,431417777778
40,2	0,6182232	-0,0314035555556	-0,236288888889
40,25	0,6141072	-0,0282022222222	0,102815308642
40,3	0,614656	-0,008232	0,235187901235
40,35	0,6141072	0,00198177777778	0,220282222222
40,4	0,6149304	0,0105186666667	0,203259259259
40,45	0,6143816	0,0278973333333	0,0623328395062
40,5	0,6184976	0,0280497777778	-0,253735308642
40,55	0,6190464	-0,00442088888889	-0,415834567901
40,6	0,6179488	-0,0346048888889	-0,18606691358
40,65	0,6135584	-0,0285071111111	0,168451111111
40,7	0,6143816	-0,00487822222222	0,302178765432
40,75	0,6138328	0,00853688888889	0,269064444444
40,8	0,6149304	0,0248484444444	0,135760246914
40,85	0,6168512	0,0277448888889	-0,108743703704
40,9	0,6184976	0,0134151111111	-0,319794567901
40,95	0,618772	-0,0118906666667	-0,354518024691
41	0,6174	-0,0364342222222	-0,106880493827
41,05	0,613284	-0,0265253333333	0,222230123457
41,1	0,6141072	-0,00182933333333	0,326993333333
41,15	0,6138328	0,0128053333333	0,269911358025
41,2	0,6152048	0,0278973333333	0,116027160494
41,25	0,6171256	0,0297266666667	-0,139571358025
41,3	0,6190464	0,0131102222222	-0,353332345679
41,35	0,6190464	-0,0147871111111	-0,363749382716
41,4	0,6174	-0,0371964444444	-0,103238765432
41,45	0,6135584	-0,0272875555556	0,211220246914
41,5	0,6141072	-0,00304888888889	0,295149382716
41,55	0,6143816	0,00487822222222	0,279227407407
41,6	0,6135584	0,0269826666667	0,176835555556
41,65	0,6176744	0,0344524444444	-0,13076345679
41,7	0,618772	0,00990888888889	-0,350876296296
41,75	0,6184976	-0,0140248888889	-0,30997037037
41,8	0,6168512	-0,0280497777778	-0,106457037037
41,85	0,6149304	-0,0253057777778	0,130424691358
41,9	0,6138328	-0,0100613333333	0,267285925926
41,95	0,6141072	0,00426844444444	0,304888888889
42	0,6135584	0,0278973333333	0,165825679012
42,05	0,6176744	0,0330804444444	-0,183695555556
42,1	0,618772	0,00396355555556	-0,407534814815
42,15	0,6182232	-0,0282022222222	-0,247976296296
42,2	0,6141072	-0,0278973333333	0,0674990123457
42,25	0,614656	-0,0103662222222	0,210796790123
42,3	0,6138328	-0,001372	0,231376790123
42,35	0,6143816	0,0100613333333	0,240692839506
42,4	0,6141072	0,0298791111111	0,0948543209877
42,45	0,6182232	0,0310986666667	-0,236373580247
42,5	0,6190464	-0,000304888888889	-0,423964938272
42,55	0,6182232	-0,0321657777778	-0,223161728395
42,6	0,6138328	-0,0285071111111	0,109251851852
42,65	0,614656	-0,00853688888889	0,235357283951
42,7	0,6138328	0,000914666666667	0,22638
42,75	0,614656	0,0114333333333	0,206562222222
42,8	0,6143816	0,0277448888889	0,05488
42,85	0,6182232	0,0268302222222	-0,248992592593
42,9	0,618772	-0,00426844444444	-0,397710617284
42,95	0,6176744	-0,0327755555556	-0,176835555556
43	0,6135584	-0,0265253333333	0,148887407407
43,05	0,6143816	-0,00518311111111	0,260764691358
43,1	0,6138328	0,00579288888889	0,227904444444
43,15	0,6149304	0,0163115555556	0,164978765432
43,2	0,6152048	0,0269826666667	-0,00127037037037
43,25	0,6182232	0,0234764444444	-0,270842962963
43,3	0,6190464	-0,00625022222222	-0,394577037037
43,35	0,6176744	-0,0358244444444	-0,148125185185
43,4	0,613284	-0,0262204444444	0,207832592593
43,45	0,6143816	-0,000609777777778	0,310732592593
43,5	0,6141072	0,012348	0,236542962963
43,55	0,6154792	0,0248484444444	0,0850301234568
43,6	0,6171256	0,0239337777778	-0,123310617284
43,65	0,6184976	0,0103662222222	-0,27397654321
43,7	0,6184976	-0,0103662222222	-0,275839753086
43,75	0,6171256	-0,0240862222222	-0,128476790123
43,8	0,6154792	-0,0253057777778	0,0763916049383
43,85	0,6141072	-0,0138724444444	0,232308395062
43,9	0,6141072	-0,000152444444444	0,310647901235
43,95	0,613284	0,0253057777778	0,202920493827
44	0,6174	0,0332328888889	-0,13592962963
44,05	0,6184976	0,00686	-0,36874617284
44,1	0,6182232	-0,0227142222222	-0,24611308642
44,15	0,614656	-0,0248484444444	0,0319286419753
44,2	0,6149304	-0,00990888888889	0,166249135802
44,25	0,6143816	-0,00289644444444	0,188946419753
44,3	0,614656	0,00472577777778	0,232139012346
44,35	0,6138328	0,0262204444444	0,139740740741
44,4	0,6179488	0,0324706666667	-0,180816049383
44,45	0,6190464	0,00381111111111	-0,402114567901
44,5	0,6184976	-0,0282022222222	-0,246451851852
44,55	0,6143816	-0,0278973333333	0,0623328395062
44,6	0,6149304	-0,0106711111111	0,195975802469
44,65	0,6141072	-0,00259155555556	0,205884691358
44,7	0,614656	0,00609777777778	0,225871851852
44,75	0,6138328	0,0259155555556	0,113147654321
44,8	0,6179488	0,0300315555556	-0,203343950617
44,85	0,618772	0	-0,396355555556
44,9	0,6179488	-0,030184	-0,210288641975
44,95	0,6138328	-0,0265253333333	0,0998511111111
45	0,614656	-0,00807955555556	0,215370123457
45,05	0,6138328	0,000457333333333	0,206731604938
45,1	0,614656	0,00945155555556	0,198770617284
45,15	0,6141072	0,0259155555556	0,0690234567901
45,2	0,6179488	0,0268302222222	-0,225194320988
45,25	0,6184976	-0,00259155555556	-0,384498765432
45,3	0,6176744	-0,0310986666667	-0,181070123457
45,35	0,6135584	-0,0266777777778	0,147532345679
45,4	0,6141072	-0,00350622222222	0,261611604938
45,45	0,6141072	0,00777466666667	0,200803209877
45,5	0,6152048	0,0129577777778	0,147701728395
45,55	0,614656	0,026068	0,0124496296296
45,6	0,6184976	0,0239337777778	-0,264237037037
45,65	0,618772	-0,00777466666667	-0,378655061728
45,7	0,6174	-0,0332328888889	-0,136099012346
45,75	0,6135584	-0,024696	0,188184197531
45,8	0,6143816	-0,00182933333333	0,291761728395
45,85	0,6141072	0,0106711111111	0,239761234568
45,9	0,6152048	0,024696	0,0982419753087
45,95	0,6171256	0,0253057777778	-0,134828641975
46	0,6184976	0,009604	-0,315475308642
46,05	0,6184976	-0,0138724444444	-0,322928148148
46,1	0,6171256	-0,0350622222222	-0,0896034567901
46,15	0,613284	-0,0253057777778	0,201565432099
46,2	0,6141072	-0,002744	0,278041728395
46,25	0,6141072	0,00396355555556	0,276178518519
46,3	0,613284	0,0280497777778	0,168535802469
46,35	0,6176744	0,0338426666667	-0,158034074074
46,4	0,6184976	0,00746977777778	-0,375944938272
46,45	0,6184976	-0,0214946666667	-0,264067654321
46,5	0,6149304	-0,0256106666667	-0,00186320987655
46,55	0,6152048	-0,01372	0,145669135802
46,6	0,6141072	-0,00686	0,202073580247
46,65	0,6143816	0,00350622222222	0,257800493827
46,7	0,6135584	0,0259155555556	0,157441234568
46,75	0,6176744	0,0326231111111	-0,167604197531
46,8	0,618772	0,00442088888889	-0,388140493827
46,85	0,6182232	-0,0262204444444	-0,238575555556
46,9	0,6143816	-0,0259155555556	0,0545412345679
46,95	0,6149304	-0,0100613333333	0,182679259259
47	0,6141072	-0,00243911111111	0,196145185185
47,05	0,614656	0,00594533333333	0,218419012346
47,1	0,6138328	0,0254582222222	0,107219259259
47,15	0,6179488	0,0286595555556	-0,198347160494
47,2	0,6184976	0	-0,381026419753
47,25	0,6179488	-0,028812	-0,205715308642
47,3	0,6138328	-0,026068	0,0923135802469
47,35	0,614656	-0,00807955555556	0,206731604938
47,4	0,6138328	0	0,201480740741
47,45	0,614656	0,008232	0,208594814815
47,5	0,6138328	0,0263728888889	0,0929911111111
47,55	0,6179488	0,0297266666667	-0,216047654321
47,6	0,618772	-0,001372	-0,390765925926
47,65	0,6176744	-0,0300315555556	-0,18522
47,7	0,6138328	-0,0243911111111	0,124411604938
47,75	0,614656	-0,00503066666667	0,226972839506
47,8	0,6141072	0,00442088888889	0,19123308642
47,85	0,6152048	0,0112808888889	0,153037283951
47,9	0,614656	0,0239337777778	0,0214269135802
47,95	0,6182232	0,0224093333333	-0,243826419753
48	0,6184976	-0,00686	-0,365951358025
48,05	0,6174	-0,0327755555556	-0,147193580247
48,1	0,613284	-0,0251533333333	0,161082962963
48,15	0,6143816	-0,00350622222222	0,249754814815
48,2	0,6141072	0,001372	0,259917777778
48,25	0,613284	0,0242386666667	0,189285185185
48,3	0,6171256	0,032928	-0,104085679012
48,35	0,6182232	0,0111284444444	-0,333006419753
48,4	0,6182232	-0,012348	-0,321403703704
48,45	0,6168512	-0,0317084444444	-0,08918
48,5	0,6135584	-0,0227142222222	0,185304691358
48,55	0,6141072	-0,00182933333333	0,255937283951
48,6	0,6143816	0,00457333333333	0,249585432099
48,65	0,6135584	0,0250008888889	0,166249135802
48,7	0,6174	0,0326231111111	-0,113994567901
48,75	0,6184976	0,0100613333333	-0,318100740741
48,8	0,6182232	-0,0115857777778	-0,28253037037
48,85	0,6168512	-0,0240862222222	-0,106033580247
48,9	0,6152048	-0,0228666666667	0,104763209877
48,95	0,6141072	-0,00975644444445	0,236119506173
49	0,6143816	0,002744	0,285409876543
49,05	0,6135584	0,0266777777778	0,155747407407
49,1	0,6179488	0,0306413333333	-0,18394962963
49,15	0,6184976	0,00121955555556	-0,375775555556
49,2	0,6179488	-0,0265253333333	-0,205884691358
49,25	0,6141072	-0,0239337777778	0,0728345679012
49,3	0,6149304	-0,00731733333333	0,165656296296
49,35	0,6143816	-0,00365866666667	0,171161234568
49,4	0,6143816	0,00350622222222	0,231715555556
49,45	0,6135584	0,0268302222222	0,138385679012
49,5	0,6179488	0,0318608888889	-0,192249382716
49,55	0,618772	0,00121955555556	-0,391358765432
49,6	0,6179488	-0,0280497777778	-0,209526419753
49,65	0,6141072	-0,0245435555556	0,0865545679012
49,7	0,6149304	-0,00762222222222	0,194536049383
49,75	0,6141072	0	0,186405679012
49,8	0,6149304	0,00746977777778	0,188268888889
49,85	0,6141072	0,0239337777778	0,0766456790124
49,9	0,6179488	0,0262204444444	-0,210203950617
49,95	0,6184976	-0,00259155555556	-0,372557283951
50	0,6176744	-0,0306413333333	-0,173447901235
50,05	0,6135584	-0,0253057777778	0,140248888889
50,1	0,6143816	-0,00365866666667	0,239337777778
50,15	0,6141072	0,00579288888889	0,185304691358
50,2	0,6152048	0,0106711111111	0,150581234568
50,25	0,6143816	0,0243911111111	0,0335377777778
50,3	0,6182232	0,0248484444444	-0,243911111111
50,35	0,618772	-0,00716488888889	-0,365951358025
50,4	0,6171256	-0,0320133333333	-0,118313827161
50,45	0,6135584	-0,0211897777778	0,19123308642
50,5	0,614656	0,000457333333333	0,268471604938
50,55	0,6143816	0,0108235555556	0,209611111111
50,6	0,6154792	0,0228666666667	0,0843525925926
50,65	0,6171256	0,023324	-0,113909876543
50,7	0,6184976	0,0100613333333	-0,268556296296
50,75	0,6184976	-0,0106711111111	-0,271435802469
50,8	0,6171256	-0,0248484444444	-0,112893580247
50,85	0,6152048	-0,0234764444444	0,0921441975309
50,9	0,6143816	-0,0111284444444	0,216894567901
50,95	0,6143816	-0,00106711111111	0,284901728395
51	0,613284	0,0236288888889	0,19894
51,05	0,6174	0,0326231111111	-0,127037037037
51,1	0,6184976	0,00686	-0,362394320988
51,15	0,6182232	-0,0225617777778	-0,24738345679
51,2	0,614656	-0,0243911111111	0,0155832098765
51,25	0,6152048	-0,0126528888889	0,155408641975
51,3	0,6138328	-0,00457333333333	0,200464444444
51,35	0,614656	0,00579288888889	0,225617777778
51,4	0,6138328	0,0231715555556	0,129154320988
51,45	0,6174	0,0295742222222	-0,149141481481
51,5	0,6184976	0,00533555555556	-0,352739506173
51,55	0,6182232	-0,0239337777778	-0,220282222222
51,6	0,6143816	-0,023324	0,0521698765432
51,65	0,6152048	-0,00807955555556	0,161252345679
51,7	0,6143816	-0,00243911111111	0,167858271605
51,75	0,6149304	0,004116	0,202666419753
51,8	0,6138328	0,0234764444444	0,112046666667
51,85	0,6179488	0,0280497777778	-0,185558765432
51,9	0,6184976	-0,000152444444444	-0,370778765432
51,95	0,6179488	-0,0286595555556	-0,195467654321
52	0,6138328	-0,0254582222222	0,105017283951
52,05	0,614656	-0,00609777777778	0,211050864198
52,1	0,6141072	0,00182933333333	0,18352617284
52,15	0,6149304	0,00807955555556	0,176073333333
52,2	0,6141072	0,0239337777778	0,0674143209877
52,25	0,6179488	0,0259155555556	-0,213676296296
52,3	0,6184976	-0,00350622222222	-0,362055555556
52,35	0,6174	-0,0292693333333	-0,159897283951
52,4	0,6138328	-0,0237813333333	0,138978518519
52,45	0,6143816	-0,00381111111111	0,242979506173
52,5	0,6141072	0,00777466666667	0,189878024691
52,55	0,6154792	0,0131102222222	0,125004444444
52,6	0,6149304	0,0227142222222	-0,0013550617284
52,65	0,6182232	0,0207324444444	-0,238575555556
52,7	0,6184976	-0,00686	-0,344355061728
52,75	0,6174	-0,0309462222222	-0,13550617284
52,8	0,6135584	-0,023324	0,149310864198
52,85	0,614656	-0,00350622222222	0,22765037037
52,9	0,6143816	-0,000304888888889	0,25212617284
52,95	0,613284	0,0228666666667	0,205969382716
53	0,6171256	0,0343	-0,0883330864198
53,05	0,6184976	0,0126528888889	-0,340882716049
53,1	0,6184976	-0,0125004444444	-0,340713333333
53,15	0,6171256	-0,0339951111111	-0,0896881481482
53,2	0,613284	-0,0221044444444	0,193773827161
53,25	0,614656	-0,001372	0,244419259259
53,3	0,6143816	0,001372	0,258816790123
53,35	0,613284	0,0262204444444	0,196060493827
53,4	0,6176744	0,0355195555556	-0,113740493827
53,45	0,618772	0,0106711111111	-0,33741037037
53,5	0,6184976	-0,0126528888889	-0,288712839506
53,55	0,6168512	-0,0240862222222	-0,0967175308642
53,6	0,6154792	-0,0214946666667	0,103577530864
53,65	0,6143816	-0,009604	0,21867308642
53,7	0,614656	0,00182933333333	0,263305432099
53,75	0,6138328	0,023324	0,153630123457
53,8	0,6176744	0,028812	-0,154392345679
53,85	0,6184976	0,00259155555556	-0,347488641975
53,9	0,6179488	-0,0243911111111	-0,200803209877
53,95	0,6143816	-0,0222568888889	0,0569125925926
54	0,6152048	-0,00807955555556	0,15049654321
54,05	0,6143816	-0,00381111111111	0,16379308642
54,1	0,614656	0,00365866666667	0,208425432099
54,15	0,6138328	0,023324	0,118144444444
54,2	0,6176744	0,0280497777778	-0,176242716049
54,25	0,6184976	0,000304888888889	-0,35544962963
54,3	0,6176744	-0,0272875555556	-0,174210123457
54,35	0,6138328	-0,0210373333333	0,101714320988
54,4	0,6152048	-0,00503066666667	0,182509876543
54,45	0,6141072	0,00106711111111	0,169043950617
54,5	0,6152048	0,00853688888889	0,166249135802
54,55	0,6143816	0,0224093333333	0,0607237037037
54,6	0,6179488	0,0245435555556	-0,200887901235
54,65	0,6184976	-0,00259155555556	-0,349944691358
54,7	0,6176744	-0,028812	-0,161252345679
54,75	0,6138328	-0,0234764444444	0,12949308642
54,8	0,614656	-0,00350622222222	0,215624197531
54,85	0,6143816	0,00426844444444	0,166333827161
54,9	0,6152048	0,00929911111111	0,135252098765
54,95	0,614656	0,0214946666667	0,0219350617284
55	0,6179488	0,0204275555556	-0,223585185185
55,05	0,6182232	-0,00686	-0,335885925926
55,1	0,6171256	-0,0307937777778	-0,127545185185
55,15	0,613284	-0,0227142222222	0,158880987654
55,2	0,6143816	-0,00167688888889	0,225702469136
55,25	0,6143816	0,000914666666667	0,227735061728
55,3	0,613284	0,0210373333333	0,183441481482
55,35	0,6168512	0,0312511111111	-0,0736814814815
55,4	0,6179488	0,0128053333333	-0,299892098765
55,45	0,6182232	-0,00899422222222	-0,317592592593
55,5	0,6171256	-0,0304888888889	-0,10417037037
55,55	0,6135584	-0,0221044444444	0,173193827161
55,6	0,6143816	-0,000914666666667	0,235611358025
55,65	0,614656	0,00289644444444	0,227989135802
55,7	0,6135584	0,0227142222222	0,161167654321
55,75	0,6174	0,0304888888889	-0,10247654321
55,8	0,6182232	0,00945155555556	-0,298282962963
55,85	0,6182232	-0,0114333333333	-0,262881975309
55,9	0,6165768	-0,0230191111111	-0,0865545679012
55,95	0,6152048	-0,0195128888889	0,100443950617
56	0,6143816	-0,008232	0,196145185185
56,05	0,614656	0,000457333333333	0,242810123457
56,1	0,6135584	0,0214946666667	0,156170864198
56,15	0,6174	0,0283546666667	-0,139317283951
56,2	0,6182232	0,00289644444444	-0,332328888889
56,25	0,6176744	-0,0228666666667	-0,195128888889
56,3	0,6143816	-0,0216471111111	0,0571666666667
56,35	0,6149304	-0,00731733333333	0,15778
56,4	0,6143816	-0,00182933333333	0,166757283951
56,45	0,614656	0,005488	0,195044197531
56,5	0,6141072	0,0234764444444	0,0971409876543
56,55	0,6176744	0,0266777777778	-0,185558765432
56,6	0,6184976	-0,000304888888889	-0,353501728395
56,65	0,6176744	-0,0277448888889	-0,173278518519
56,7	0,6138328	-0,0221044444444	0,107473333333
56,75	0,6149304	-0,00426844444444	0,182933333333
56,8	0,6143816	0,000609777777778	0,156170864198
56,85	0,6149304	0,00609777777778	0,171245925926
56,9	0,6141072	0,0230191111111	0,0742743209877
56,95	0,6179488	0,024696	-0,19894
57	0,6182232	-0,00243911111111	-0,350876296296
57,05	0,6176744	-0,028812	-0,164809382716
57,1	0,6135584	-0,0236288888889	0,125089135802
57,15	0,614656	-0,00396355555556	0,212575308642
57,2	0,6141072	0,00304888888889	0,17666617284
57,25	0,6149304	0,00975644444445	0,159389135802
57,3	0,6143816	0,0243911111111	0,0316745679012
57,35	0,6182232	0,0216471111111	-0,227057530864
57,4	0,6179488	-0,00564044444444	-0,333006419753
57,45	0,6174	-0,0278973333333	-0,139571358025
57,5	0,6135584	-0,0224093333333	0,130170617284
57,55	0,614656	-0,00335377777778	0,209865185185
57,6	0,6143816	-0,000914666666667	0,234679753086
57,65	0,613284	0,0208848888889	0,197754320988
57,7	0,6168512	0,0323182222222	-0,0784241975309
57,75	0,6182232	0,0121955555556	-0,322928148148
57,8	0,6182232	-0,0121955555556	-0,325214814815
57,85	0,6168512	-0,0324706666667	-0,085622962963
57,9	0,613284	-0,0214946666667	0,185982222222
57,95	0,6143816	-0,00106711111111	0,231630864198
58	0,6143816	0,00167688888889	0,227311604938
58,05	0,613284	0,0227142222222	0,156679012346
58,1	0,6171256	0,0306413333333	-0,133727654321
58,15	0,6182232	0,00625022222222	-0,343
58,2	0,6179488	-0,0221044444444	-0,216979259259
58,25	0,6143816	-0,0222568888889	0,0523392592593
58,3	0,6149304	-0,00609777777778	0,156001481481
58,35	0,614656	-0,00106711111111	0,145584444444
58,4	0,6149304	0,002744	0,18522
58,45	0,6138328	0,0217995555556	0,122971851852
58,5	0,6176744	0,0282022222222	-0,153714814815
58,55	0,6184976	0,00243911111111	-0,341899012346
58,6	0,6179488	-0,0243911111111	-0,195891111111
58,65	0,6143816	-0,0221044444444	0,0619940740741
58,7	0,6152048	-0,00762222222222	0,155408641975
58,75	0,6143816	-0,00243911111111	0,156424938272
58,8	0,6149304	0,00350622222222	0,188268888889
58,85	0,6138328	0,0214946666667	0,106711111111
58,9	0,6176744	0,0262204444444	-0,170483703704
58,95	0,6182232	-0,000152444444444	-0,345286666667
59	0,6176744	-0,0268302222222	-0,180816049383
59,05	0,6138328	-0,0234764444444	0,0977338271605
59,1	0,614656	-0,00564044444444	0,19335037037
59,15	0,6141072	0,00152444444444	0,166587901235
59,2	0,6149304	0,00640266666667	0,170483703704
59,25	0,6138328	0,0231715555556	0,072157037037
59,3	0,6179488	0,024696	-0,199617530864
59,35	0,6179488	-0,00243911111111	-0,346048888889
59,4	0,6176744	-0,0285071111111	-0,152529135802
59,45	0,613284	-0,0225617777778	0,144568148148
59,5	0,614656	-0,000457333333333	0,215539506173
59,55	0,6143816	0,00518311111111	0,151004691358
59,6	0,6152048	0,009604	0,125597283951
59,65	0,614656	0,0214946666667	0,0194790123457
59,7	0,6179488	0,02058	-0,220028148148
59,75	0,6182232	-0,00640266666667	-0,33212562963
59,8	0,6171256	-0,0294217777778	-0,14226454321
59,85	0,6135584	-0,0227142222222	0,0946510617291
59,9	0,6143816	-0,00557946666661	0,0855213333344
59,95	0,6143816	-0,00929911111102	-0,0174548888862
60	0,613284	-0,0149395555552	-0,0789662222169
