0,05	0,00413594174455	-0,00365866666667	-0,117162024691
0,1	0,00413594174455	-0,008918	-0,128908716049
0,15	0,00358714174455	-0,0163725333333	-0,133058592593
0,2	0,00248954174455	-0,0236288888889	-0,109074
0,25	0,00111754174455	-0,028812	-0,0480454074074
0,3	-0,000528858255455	-0,0300315555556	0,0485620246914
0,35	-0,00217525825545	-0,024696	0,159812592593
0,4	-0,00327285825545	-0,0128053333333	0,242132592593
0,45	-0,00354725825545	0,00152444444444	0,272875555556
0,5	-0,00327285825545	0,0179884444444	0,227989135802
0,55	-0,00135205825545	0,0269826666667	0,125089135802
0,6	-0,000254458255455	0,0289644444444	0,0374335802469
0,65	0,00139194174455	0,0312511111111	-0,0603849382716
0,7	0,00331274174455	0,0243911111111	-0,175734567901
0,75	0,00413594174455	0,0112808888889	-0,242132592593
0,8	0,00441034174455	-0,00243911111111	-0,250940493827
0,85	0,00386154174455	-0,0153968888889	-0,215793580247
0,9	0,00276394174455	-0,0254582222222	-0,143975308642
0,95	0,00111754174455	-0,0307937777778	-0,0470883950617
1	-0,000528858255455	-0,0306413333333	0,0614859259259
1,05	-0,00217525825545	-0,024696	0,167180740741
1,1	-0,00327285825545	-0,0126528888889	0,241116296296
1,15	-0,00354725825545	0,00198177777778	0,257207654321
1,2	-0,00299845825545	0,0152444444444	0,220536296296
1,25	-0,00190085825545	0,0254582222222	0,146854814815
1,3	-0,000254458255455	0,0307937777778	0,0517464197531
1,35	0,00139194174455	0,0306413333333	-0,041244691358
1,4	0,00303834174455	0,0257631111111	-0,115010864198
1,45	0,00413594174455	0,0169213333333	-0,15219037037
1,5	0,00441034174455	0,0118906666667	-0,207409135802
1,55	0,00578234174455	-0,001372	-0,294641234568
1,6	0,00468474174455	-0,0222568888889	-0,288035308642
1,65	0,00303834174455	-0,0339951111111	-0,189878024691
1,7	0,00139194174455	-0,0445137777778	-0,0155832098765
1,75	-0,00217525825545	-0,0387208888889	0,209526419753
1,8	-0,00327285825545	-0,0175311111111	0,31725382716
1,85	-0,00354725825545	-0,00106711111111	0,301585925926
1,9	-0,00327285825545	0,0132626666667	0,247891604938
1,95	-0,00217525825545	0,0248484444444	0,160913580247
2	-0,000528858255455	0,0304888888889	0,0510688888889
2,05	0,00111754174455	0,030184	-0,0636879012346
2,1	0,00276394174455	0,023324	-0,160320740741
2,15	0,00358714174455	0,0126528888889	-0,219858765432
2,2	0,00413594174455	-0,000304888888889	-0,237305185185
2,25	0,00358714174455	-0,0135675555556	-0,200887901235
2,3	0,00248954174455	-0,0213422222222	-0,138385679012
2,35	0,00139194174455	-0,0269826666667	-0,0732580246914
2,4	-0,000254458255455	-0,0300315555556	0,0202412345679
2,45	-0,00190085825545	-0,0265253333333	0,139910123457
2,5	-0,00327285825545	-0,015092	0,237728641975
2,55	-0,00354725825545	0	0,273891851852
2,6	-0,00327285825545	0,015092	0,243233580247
2,65	-0,00190085825545	0,0268302222222	0,154222962963
2,7	-0,000254458255455	0,0312511111111	0,0430232098765
2,75	0,00139194174455	0,0307937777778	-0,0647041975309
2,8	0,00303834174455	0,024696	-0,163877777778
2,85	0,00413594174455	0,0129577777778	-0,227904444444
2,9	0,00441034174455	-0,000762222222222	-0,237389876543
2,95	0,00386154174455	-0,0115857777778	-0,219435308642
3	0,00331274174455	-0,0227142222222	-0,184457777778
3,05	0,00166634174455	-0,0333853333333	-0,0816424691358
3,1	-0,000528858255455	-0,0336902222222	0,0723264197531
3,15	-0,00217525825545	-0,0240862222222	0,189623950617
3,2	-0,00299845825545	-0,0114333333333	0,239507160494
3,25	-0,00327285825545	0,00106711111111	0,250432345679
3,3	-0,00299845825545	0,0149395555556	0,223754567901
3,35	-0,00162645825545	0,0254582222222	0,150835308642
3,4	-0,000254458255455	0,0310986666667	0,0497138271605
3,45	0,00166634174455	0,031556	-0,0731733333333
3,5	0,00331274174455	0,0231715555556	-0,179715061728
3,55	0,00413594174455	0,010976	-0,231630864198
3,6	0,00441034174455	-0,00198177777778	-0,236966419753
3,65	0,00386154174455	-0,0135675555556	-0,21393037037
3,7	0,00303834174455	-0,0240862222222	-0,166926666667
3,75	0,00139194174455	-0,0323182222222	-0,075290617284
3,8	-0,000528858255455	-0,0330804444444	0,0477659259259
3,85	-0,00217525825545	-0,02744	0,170060246914
3,9	-0,00354725825545	-0,0149395555556	0,262966666667
3,95	-0,00382165825545	0,00106711111111	0,298791111111
4	-0,00354725825545	0,0185982222222	0,253481234568
4,05	-0,00162645825545	0,0294217777778	0,141180493827
4,1	-0,000254458255455	0,0323182222222	0,0258308641975
4,15	0,00166634174455	0,0318608888889	-0,085622962963
4,2	0,00331274174455	0,023324	-0,180900740741
4,25	0,00413594174455	0,0114333333333	-0,227480987654
4,3	0,00441034174455	-0,000609777777778	-0,242132592593
4,35	0,00413594174455	-0,0135675555556	-0,228751358025
4,4	0,00303834174455	-0,0254582222222	-0,169213333333
4,45	0,00139194174455	-0,0326231111111	-0,0632644444444
4,5	-0,000528858255455	-0,0326231111111	0,0613165432099
4,55	-0,00217525825545	-0,0256106666667	0,168451111111
4,6	-0,00327285825545	-0,0138724444444	0,235611358025
4,65	-0,00354725825545	-0,00106711111111	0,270080740741
4,7	-0,00354725825545	0,0143297777778	0,265168641975
4,75	-0,00217525825545	0,0297266666667	0,173786666667
4,8	1,99417445452E-005	0,0336902222222	0,0370948148148
4,85	0,00139194174455	0,0318608888889	-0,0778313580247
4,9	0,00331274174455	0,0259155555556	-0,184119012346
4,95	0,00441034174455	0,0117382222222	-0,248060987654
5	0,00441034174455	-0,00182933333333	-0,250008888889
5,05	0,00413594174455	-0,0140248888889	-0,223077037037
5,1	0,00303834174455	-0,0254582222222	-0,160405432099
5,15	0,00139194174455	-0,0321657777778	-0,0551340740741
5,2	-0,000528858255455	-0,0312511111111	0,0594533333333
5,25	-0,00190085825545	-0,0254582222222	0,15947382716
5,3	-0,00327285825545	-0,0146346666667	0,238067407407
5,35	-0,00354725825545	0,000152444444444	0,270504197531
5,4	-0,00327285825545	0,015092	0,241116296296
5,45	-0,00190085825545	0,0268302222222	0,153799506173
5,5	-0,000254458255455	0,0312511111111	0,0433619753086
5,55	0,00139194174455	0,0307937777778	-0,0630103703704
5,6	0,00303834174455	0,0248484444444	-0,162014567901
5,65	0,00413594174455	0,0132626666667	-0,228836049383
5,7	0,00441034174455	0	-0,249670123457
5,75	0,00413594174455	-0,0132626666667	-0,228836049383
5,8	0,00303834174455	-0,0248484444444	-0,162014567901
5,85	0,00139194174455	-0,0307937777778	-0,0630103703704
5,9	-0,000254458255455	-0,0312511111111	0,0434466666667
5,95	-0,00190085825545	-0,0268302222222	0,154307654321
6	-0,00327285825545	-0,015092	0,243487654321
6,05	-0,00354725825545	0	0,275500987654
6,1	-0,00327285825545	0,015092	0,245096790123
6,15	-0,00190085825545	0,0269826666667	0,15608617284
6,2	-0,000254458255455	0,031556	0,0419222222222
6,25	0,00139194174455	0,031556	-0,0780007407407
6,3	0,00331274174455	0,0230191111111	-0,177682469136
6,35	0,00386154174455	0,0105186666667	-0,21350691358
6,4	0,00413594174455	0,000914666666667	-0,224262716049
6,45	0,00413594174455	-0,0115857777778	-0,226295308642
6,5	0,00303834174455	-0,0243911111111	-0,171838765432
6,55	0,00139194174455	-0,0309462222222	-0,0696162962963
6,6	-0,000254458255455	-0,0321657777778	0,0534402469136
6,65	-0,00217525825545	-0,0253057777778	0,168620493827
6,7	-0,00299845825545	-0,0132626666667	0,238236790123
6,75	-0,00354725825545	0,000457333333333	0,259070864198
6,8	-0,00299845825545	0,0147871111111	0,22638
6,85	-0,00190085825545	0,0251533333333	0,146431358025
6,9	-0,000254458255455	0,0303364444444	0,0428538271605
6,95	0,00139194174455	0,0291168888889	-0,0580982716049
7	0,00276394174455	0,0243911111111	-0,152359753086
7,05	0,00413594174455	0,0131102222222	-0,224940246914
7,1	0,00413594174455	-0,000152444444444	-0,248823209877
7,15	0,00413594174455	-0,0135675555556	-0,225702469136
7,2	0,00276394174455	-0,0256106666667	-0,141688641975
7,25	0,00111754174455	-0,0286595555556	-0,0348928395062
7,3	-0,000254458255455	-0,02744	0,047935308642
7,35	-0,00162645825545	-0,0242386666667	0,133304197531
7,4	-0,00299845825545	-0,0144822222222	0,216132345679
7,45	-0,00327285825545	-0,000457333333333	0,251448641975
7,5	-0,00299845825545	0,0131102222222	0,229344197531
7,55	-0,00190085825545	0,024696	0,153799506173
7,6	-0,000254458255455	0,0300315555556	0,0428538271605
7,65	0,00139194174455	0,0286595555556	-0,0654664197531
7,7	0,00276394174455	0,0227142222222	-0,155323950617
7,75	0,00386154174455	0,0121955555556	-0,217402716049
7,8	0,00413594174455	-0,001372	-0,227142222222
7,85	0,00358714174455	-0,0125004444444	-0,19208
7,9	0,00276394174455	-0,0210373333333	-0,138131604938
7,95	0,00139194174455	-0,0266777777778	-0,0691081481482
8	1,99417445452E-005	-0,0294217777778	0,0282022222222
8,05	-0,00190085825545	-0,024696	0,139147901235
8,1	-0,00272405825545	-0,01372	0,214184444444
8,15	-0,00327285825545	-0,00152444444444	0,245350864198
8,2	-0,00299845825545	0,0126528888889	0,227819753086
8,25	-0,00190085825545	0,0240862222222	0,149141481481
8,3	-0,000254458255455	0,0285071111111	0,0457333333333
8,35	0,00111754174455	0,0282022222222	-0,0526780246914
8,4	0,00276394174455	0,0228666666667	-0,140587654321
8,45	0,00358714174455	0,0131102222222	-0,202412345679
8,5	0,00413594174455	0,00152444444444	-0,233494074074
8,55	0,00386154174455	-0,0121955555556	-0,217487407407
8,6	0,00276394174455	-0,0225617777778	-0,149564938272
8,65	0,00139194174455	-0,0280497777778	-0,0580135802469
8,7	-0,000254458255455	-0,0283546666667	0,0379417283951
8,75	-0,00162645825545	-0,0237813333333	0,12517382716
8,8	-0,00272405825545	-0,0160066666667	0,206985679012
8,85	-0,00354725825545	-0,00198177777778	0,256530123457
8,9	-0,00299845825545	0,0134151111111	0,227480987654
8,95	-0,00190085825545	0,0230191111111	0,145499753086
9	-0,000528858255455	0,0282022222222	0,0488669135802
9,05	0,00111754174455	0,0280497777778	-0,051577037037
9,1	0,00248954174455	0,0227142222222	-0,140926419753
9,15	0,00358714174455	0,0128053333333	-0,202327654321
9,2	0,00386154174455	0,000609777777778	-0,221298518519
9,25	0,00358714174455	-0,0106711111111	-0,20537654321
9,3	0,00276394174455	-0,0208848888889	-0,161506419753
9,35	0,00139194174455	-0,0282022222222	-0,0841832098765
9,4	-0,000254458255455	-0,0304888888889	0,0191402469136
9,45	-0,00190085825545	-0,0268302222222	0,130848148148
9,5	-0,00327285825545	-0,0160066666667	0,21266
9,55	-0,00354725825545	-0,00320133333333	0,242894814815
9,6	-0,00354725825545	0,00929911111111	0,237982716049
9,65	-0,00272405825545	0,0225617777778	0,183864938272
9,7	-0,00107765825545	0,0307937777778	0,0690234567901
9,75	0,000843141744545	0,0292693333333	-0,0473424691358
9,8	0,00194074174455	0,0240862222222	-0,128561481481
9,85	0,00331274174455	0,0163115555556	-0,196738024691
9,9	0,00386154174455	0,00320133333333	-0,232647160494
9,95	0,00358714174455	-0,00945155555556	-0,215878271605
10	0,00276394174455	-0,019208	-0,172262222222
10,05	0,00166634174455	-0,0277448888889	-0,099427654321
10,1	-0,000254458255455	-0,0306413333333	0,00601308641975
10,15	-0,00162645825545	-0,0275924444444	0,119753580247
10,2	-0,00327285825545	-0,0184457777778	0,221552592593
10,25	-0,00382165825545	-0,00228666666667	0,256360740741
10,3	-0,00327285825545	0,0102137777778	0,224008641975
10,35	-0,00272405825545	0,0207324444444	0,167011358025
10,4	-0,00107765825545	0,0278973333333	0,0833362962963
10,45	0,000294341744545	0,0294217777778	-0,0105864197531
10,5	0,00194074174455	0,0278973333333	-0,120092345679
10,55	0,00358714174455	0,016464	-0,206900987654
10,6	0,00358714174455	0,00396355555556	-0,228751358025
10,65	0,00386154174455	-0,00701244444444	-0,225448395062
10,7	0,00303834174455	-0,0198177777778	-0,186998518519
10,75	0,00166634174455	-0,0278973333333	-0,102645925926
10,8	1,99417445452E-005	-0,0307937777778	0,00169382716049
10,85	-0,00162645825545	-0,0278973333333	0,110945679012
10,9	-0,00299845825545	-0,0193604444444	0,206562222222
10,95	-0,00382165825545	-0,00533555555556	0,256784197531
11	-0,00354725825545	0,00929911111111	0,240862222222
11,05	-0,00272405825545	0,02058	0,178275308642
11,1	-0,00135205825545	0,0280497777778	0,0894340740741
11,15	0,000294341744545	0,030184	-0,0132965432099
11,2	0,00194074174455	0,0262204444444	-0,107049876543
11,25	0,00303834174455	0,0184457777778	-0,178614074074
11,3	0,00386154174455	0,008232	-0,236881728395
11,35	0,00413594174455	-0,00701244444444	-0,251787407407
11,4	0,00303834174455	-0,0199702222222	-0,201057283951
11,45	0,00194074174455	-0,0285071111111	-0,112724197531
11,5	1,99417445452E-005	-0,0323182222222	0,00304888888889
11,55	-0,00162645825545	-0,0283546666667	0,122463703704
11,6	-0,00299845825545	-0,0195128888889	0,227904444444
11,65	-0,00382165825545	-0,00426844444444	0,292269876543
11,7	-0,00354725825545	0,0125004444444	0,283800740741
11,75	-0,00272405825545	0,0304888888889	0,154053580247
11,8	0,000568741744545	0,0291168888889	-0,00423456790124
11,85	0,000294341744545	0,0237813333333	-0,058352345679
11,9	0,00248954174455	0,0240862222222	-0,115434320988
11,95	0,00331274174455	0,01372	-0,186151604938
12	0,00386154174455	0,00304888888889	-0,21435382716
12,05	0,00358714174455	-0,00853688888889	-0,217995555556
12,1	0,00303834174455	-0,0196653333333	-0,189623950617
12,15	0,00166634174455	-0,0304888888889	-0,101968395062
12,2	-0,000528858255455	-0,0312511111111	0,0177851851852
12,25	-0,00162645825545	-0,0271351111111	0,115688395062
12,3	-0,00327285825545	-0,0204275555556	0,222653580247
12,35	-0,00409605825545	-0,00442088888889	0,303364444444
12,4	-0,00382165825545	0,0129577777778	0,309885679012
12,45	-0,00299845825545	0,0332328888889	0,184119012346
12,5	0,000568741744545	0,0332328888889	0,0105017283951
12,55	0,000294341744545	0,0307937777778	-0,101799012346
12,6	0,00386154174455	0,0228666666667	-0,194027901235
12,65	0,00303834174455	0,00670755555556	-0,189539259259
12,7	0,00386154174455	0,00259155555556	-0,159897283951
12,75	0,00358714174455	-0,00731733333333	-0,163877777778
12,8	0,00276394174455	-0,0111284444444	-0,203513333333
12,85	0,00331274174455	-0,028812	-0,207578518519
12,9	-0,000254458255455	-0,0420746666667	-0,0264237037037
12,95	-0,00217525825545	-0,0321657777778	0,173956049383
13	-0,00354725825545	-0,0179884444444	0,259155555556
13,05	-0,00382165825545	-0,004116	0,28253037037
13,1	-0,00409605825545	0,0111284444444	0,26584617284
13,15	-0,00272405825545	0,0256106666667	0,184542469136
13,2	-0,00107765825545	0,0310986666667	0,0688540740741
13,25	0,000568741744545	0,031556	-0,0363325925926
13,3	0,00221514174455	0,02744	-0,136945925926
13,35	0,00358714174455	0,0173786666667	-0,218334320988
13,4	0,00413594174455	0,00335377777778	-0,249331358025
13,45	0,00386154174455	-0,0100613333333	-0,220620987654
13,5	0,00303834174455	-0,0202751111111	-0,156170864198
13,55	0,00166634174455	-0,0271351111111	-0,0659745679012
13,6	-0,000254458255455	-0,0234764444444	-0,023882962963
13,65	1,99417445452E-005	-0,0295742222222	0,0261696296296
13,7	-0,00354725825545	-0,0280497777778	0,193943209877
13,75	-0,00382165825545	-0,00777466666667	0,312087654321
13,8	-0,00409605825545	0,00990888888889	0,299468641975
13,85	-0,00272405825545	0,0256106666667	0,202327654321
13,9	-0,00107765825545	0,0310986666667	0,0729192592593
13,95	0,000568741744545	0,031556	-0,0356550617284
14	0,00221514174455	0,02744	-0,136945925926
14,05	0,00358714174455	0,0173786666667	-0,218842469136
14,1	0,00413594174455	0,00335377777778	-0,252295555556
14,15	0,00386154174455	-0,0100613333333	-0,233917530864
14,2	0,00303834174455	-0,0211897777778	-0,181747654321
14,25	0,00166634174455	-0,0297266666667	-0,0952777777778
14,3	-0,000254458255455	-0,0314035555556	0,00914666666666
14,35	-0,00162645825545	-0,0285071111111	0,110437530864
14,4	-0,00327285825545	-0,0208848888889	0,214269135802
14,45	-0,00409605825545	-0,005488	0,277194814815
14,5	-0,00382165825545	0,0102137777778	0,265253333333
14,55	-0,00299845825545	0,0239337777778	0,188353580247
14,6	-0,00107765825545	0,0303364444444	0,0782548148148
14,65	0,000294341744545	0,0304888888889	-0,0159219753086
14,7	0,00194074174455	0,0291168888889	-0,114587407407
14,75	0,00358714174455	0,0196653333333	-0,215708888889
14,8	0,00413594174455	0,00533555555556	-0,268217530864
14,85	0,00413594174455	-0,00990888888889	-0,258562716049
14,9	0,00303834174455	-0,0227142222222	-0,194197283951
14,95	0,00166634174455	-0,0306413333333	-0,095870617284
15	-0,000254458255455	-0,032928	0,0186320987654
15,05	-0,00190085825545	-0,0285071111111	0,127629876543
15,1	-0,00327285825545	-0,0195128888889	0,217741481481
15,15	-0,00409605825545	-0,00518311111111	0,268217530864
15,2	-0,00382165825545	0,00990888888889	0,258901481481
15,25	-0,00299845825545	0,0228666666667	0,195637037037
15,3	-0,00135205825545	0,0309462222222	0,0941767901235
15,35	0,000294341744545	0,0336902222222	-0,0334530864198
15,4	0,00248954174455	0,0266777777778	-0,141603950617
15,45	0,00303834174455	0,0166164444444	-0,188861728395
15,5	0,00413594174455	0,00686	-0,212067160494
15,55	0,00386154174455	-0,00609777777778	-0,205461234568
15,6	0,00303834174455	-0,0112808888889	-0,224262716049
15,65	0,00358714174455	-0,0297266666667	-0,205037777778
15,7	-0,000254458255455	-0,0408551111111	-0,0228666666667
15,75	-0,00162645825545	-0,0312511111111	0,152444444444
15,8	-0,00327285825545	-0,02058	0,238914320988
15,85	-0,00382165825545	-0,00564044444444	0,273214320988
15,9	-0,00382165825545	0,00838444444444	0,258308641975
15,95	-0,00299845825545	0,0221044444444	0,198685925926
16	-0,00135205825545	0,030184	0,0948543209876
16,05	0,000294341744545	0,0317084444444	-0,0182933333333
16,1	0,00194074174455	0,028812	-0,136607160494
16,15	0,00358714174455	0,0173786666667	-0,232054320988
16,2	0,00386154174455	0,00198177777778	-0,252041481481
16,25	0,00358714174455	-0,0102137777778	-0,216471111111
16,3	0,00276394174455	-0,0202751111111	-0,158457530864
16,35	0,00139194174455	-0,0263728888889	-0,0874861728395
16,4	1,99417445452E-005	-0,0292693333333	-0,00609777777778
16,45	-0,00162645825545	-0,0286595555556	0,104847901235
16,5	-0,00327285825545	-0,019208	0,217063950617
16,55	-0,00382165825545	-0,00381111111111	0,264152345679
16,6	-0,00354725825545	0,0102137777778	0,243064197531
16,65	-0,00272405825545	0,0222568888889	0,175311111111
16,7	-0,00107765825545	0,0286595555556	0,0811343209877
16,75	0,000294341744545	0,0306413333333	-0,0210881481481
16,8	0,00221514174455	0,0269826666667	-0,127883950617
16,85	0,00331274174455	0,016464	-0,20452962963
16,9	0,00386154174455	0,00472577777778	-0,238914320988
16,95	0,00386154174455	-0,00853688888889	-0,23882962963
17	0,00303834174455	-0,0216471111111	-0,182933333333
17,05	0,00139194174455	-0,0285071111111	-0,0874861728395
17,1	1,99417445452E-005	-0,0306413333333	0,0183780246914
17,15	-0,00190085825545	-0,0269826666667	0,127291111111
17,2	-0,00299845825545	-0,016464	0,204360246914
17,25	-0,00354725825545	-0,00472577777778	0,23840617284
17,3	-0,00354725825545	0,00853688888889	0,236542962963
17,35	-0,00272405825545	0,0214946666667	0,17836
17,4	-0,00107765825545	0,0280497777778	0,0821506172839
17,45	0,000294341744545	0,0292693333333	-0,0131271604938
17,5	0,00194074174455	0,0269826666667	-0,110945679012
17,55	0,00331274174455	0,017836	-0,195298271605
17,6	0,00386154174455	0,005488	-0,237305185185
17,65	0,00386154174455	-0,00762222222222	-0,236797037037
17,7	0,00303834174455	-0,0193604444444	-0,198431851852
17,75	0,00194074174455	-0,0297266666667	-0,109167160494
17,8	-0,000254458255455	-0,032928	0,0287950617284
17,85	-0,00190085825545	-0,0251533333333	0,137454074074
17,9	-0,00272405825545	-0,0163115555556	0,190470864198
17,95	-0,00354725825545	-0,00609777777778	0,228666666667
18	-0,00354725825545	0,00762222222222	0,234679753086
18,05	-0,00272405825545	0,0199702222222	0,18479654321
18,1	-0,00135205825545	0,0278973333333	0,0923135802469
18,15	0,000294341744545	0,0300315555556	-0,020410617284
18,2	0,00194074174455	0,0254582222222	-0,12432691358
18,25	0,00303834174455	0,0160066666667	-0,193689135802
18,3	0,00358714174455	0,00472577777778	-0,22765037037
18,35	0,00358714174455	-0,00807955555556	-0,224347407407
18,4	0,00276394174455	-0,0198177777778	-0,174379506173
18,45	0,00139194174455	-0,0271351111111	-0,0896034567901
18,5	-0,000254458255455	-0,0280497777778	-0,00838444444445
18,55	-0,00135205825545	-0,0280497777778	0,079017037037
18,6	-0,00327285825545	-0,0225617777778	0,205461234568
18,65	-0,00409605825545	-0,00670755555556	0,304211358025
18,7	-0,00409605825545	0,0117382222222	0,317507901235
18,75	-0,00299845825545	0,0312511111111	0,207663209877
18,8	1,99417445452E-005	0,032928	0,0660592592593
18,85	1,99417445452E-005	0,0353671111111	-0,0433619753086
18,9	0,00358714174455	0,0343	-0,230445185185
18,95	0,00495914174455	0,00746977777778	-0,315814074074
19	0,00358714174455	-0,00731733333333	-0,220875061728
19,05	0,00358714174455	-0,0117382222222	-0,155832098765
19,1	0,00276394174455	-0,0196653333333	-0,136099012346
19,15	0,00166634174455	-0,02744	-0,0868933333333
19,2	-0,000254458255455	-0,0303364444444	-8,46913580283E-005
19,25	-0,00162645825545	-0,0271351111111	0,089349382716
19,3	-0,00299845825545	-0,0214946666667	0,178021234568
19,35	-0,00409605825545	-0,00914666666667	0,252295555556
19,4	-0,00409605825545	0,00670755555556	0,262458518519
19,45	-0,00327285825545	0,0199702222222	0,208256049383
19,5	-0,00190085825545	0,0286595555556	0,119414814815
19,55	-0,000254458255455	0,0327755555556	0,00838444444444
19,6	0,00166634174455	0,0300315555556	-0,110945679012
19,65	0,00303834174455	0,02058	-0,203767407407
19,7	0,00386154174455	0,00762222222222	-0,248484444444
19,75	0,00386154174455	-0,00686	-0,230699259259
19,8	0,00303834174455	-0,0175311111111	-0,167519506173
19,85	0,00194074174455	-0,0248484444444	-0,0820659259259
19,9	1,99417445452E-005	-0,0225617777778	-0,04116
19,95	0,000294341744545	-0,0285071111111	-0,000931604938273
20	-0,00299845825545	-0,0298791111111	0,158711604938
20,05	-0,00382165825545	-0,010976	0,285155802469
20,1	-0,00382165825545	0,00503066666667	0,28854345679
20,15	-0,00327285825545	0,0202751111111	0,223839259259
20,2	-0,00162645825545	0,030184	0,0975644444444
20,25	0,000294341744545	0,0294217777778	-0,0198177777778
20,3	0,00139194174455	0,0254582222222	-0,0901962962963
20,35	0,00276394174455	0,0210373333333	-0,162776790123
20,4	0,00386154174455	0,009604	-0,231376790123
20,45	0,00386154174455	-0,00487822222222	-0,238321481481
20,5	0,00331274174455	-0,0172262222222	-0,184119012346
20,55	0,00194074174455	-0,0257631111111	-0,0844372839506
20,6	1,99417445452E-005	-0,0216471111111	-0,0415834567901
20,65	0,000568741744545	-0,0286595555556	-0,0125343209877
20,7	-0,00299845825545	-0,0312511111111	0,152698518519
20,75	-0,00382165825545	-0,0115857777778	0,282360987654
20,8	-0,00382165825545	0,004116	0,280921234568
20,85	-0,00327285825545	0,0181408888889	0,224516790123
20,9	-0,00190085825545	0,0278973333333	0,126020740741
20,95	-0,000254458255455	0,0320133333333	0,00304888888889
21	0,00166634174455	0,0280497777778	-0,116365925926
21,05	0,00276394174455	0,0185982222222	-0,198177777778
21,1	0,00358714174455	0,00686	-0,242640740741
21,15	0,00358714174455	-0,00746977777778	-0,239422469136
21,2	0,00276394174455	-0,0196653333333	-0,179545679012
21,25	0,00139194174455	-0,0269826666667	-0,0852841975309
21,3	-0,000254458255455	-0,02744	0,00211728395061
21,35	-0,00135205825545	-0,026068	0,0778313580247
21,4	-0,00299845825545	-0,0208848888889	0,168535802469
21,45	-0,00382165825545	-0,008232	0,234256296296
21,5	-0,00382165825545	0,00518311111111	0,243148888889
21,55	-0,00327285825545	0,0179884444444	0,203259259259
21,6	-0,00190085825545	0,02744	0,11704345679
21,65	-0,000254458255455	0,0306413333333	0,00762222222222
21,7	0,00139194174455	0,0280497777778	-0,100443950617
21,75	0,00276394174455	0,0199702222222	-0,19080962963
21,8	0,00358714174455	0,00746977777778	-0,243572345679
21,85	0,00358714174455	-0,00686	-0,239761234568
21,9	0,00276394174455	-0,0182933333333	-0,191995308642
21,95	0,00166634174455	-0,0272875555556	-0,112639506173
22	-0,000254458255455	-0,0298791111111	-0,0182933333333
22,05	-0,00135205825545	-0,0297266666667	0,0879943209876
22,1	-0,00354725825545	-0,0224093333333	0,209102962963
22,15	-0,00409605825545	-0,005488	0,262627901235
22,2	-0,00382165825545	0,00746977777778	0,240354074074
22,25	-0,00327285825545	0,0189031111111	0,193435061728
22,3	-0,00190085825545	0,0280497777778	0,113317037037
22,35	-0,000254458255455	0,0320133333333	0,00042345679012
22,4	0,00166634174455	0,0280497777778	-0,110098765432
22,45	0,00276394174455	0,0187506666667	-0,172516296296
22,5	0,00358714174455	0,00868933333333	-0,193435061728
22,55	0,00358714174455	-0,00182933333333	-0,190216790123
22,6	0,00303834174455	-0,00670755555556	-0,233578765432
22,65	0,00386154174455	-0,0266777777778	-0,235611358025
22,7	1,99417445452E-005	-0,0394831111111	-0,0680071604938
22,75	-0,00107765825545	-0,0335377777778	0,113062962963
22,8	-0,00327285825545	-0,0253057777778	0,242556049383
22,85	-0,00409605825545	-0,00670755555556	0,303618518519
22,9	-0,00382165825545	0,00929911111111	0,269741975309
22,95	-0,00299845825545	0,0221044444444	0,188692345679
23	-0,00135205825545	0,0286595555556	0,0879943209876
23,05	1,99417445452E-005	0,0307937777778	-0,0121955555556
23,1	0,00194074174455	0,0275924444444	-0,111623209877
23,15	0,00303834174455	0,0185982222222	-0,186998518519
23,2	0,00386154174455	0,00746977777778	-0,228836049383
23,25	0,00386154174455	-0,005488	-0,236966419753
23,3	0,00331274174455	-0,0179884444444	-0,201988888889
23,35	0,00194074174455	-0,0275924444444	-0,123141234568
23,4	0,000294341744545	-0,0312511111111	-0,0184627160494
23,45	-0,00135205825545	-0,0298791111111	0,0949390123457
23,5	-0,00299845825545	-0,0216471111111	0,199024691358
23,55	-0,00382165825545	-0,00716488888889	0,245181481481
23,6	-0,00354725825545	0,00518311111111	0,239168395062
23,65	-0,00327285825545	0,0169213333333	0,213676296296
23,7	-0,00190085825545	0,0282022222222	0,14533037037
23,75	-0,000254458255455	0,0343	0,020749382716
23,8	0,00194074174455	0,0314035555556	-0,12348
23,85	0,00331274174455	0,0193604444444	-0,216301728395
23,9	0,00386154174455	0,00640266666667	-0,238914320988
23,95	0,00386154174455	-0,005488	-0,229682962963
24	0,00331274174455	-0,0167688888889	-0,203259259259
24,05	0,00221514174455	-0,0275924444444	-0,136861234568
24,1	0,000294341744545	-0,0326231111111	-0,0253227160494
24,15	-0,00135205825545	-0,0304888888889	0,0957859259259
24,2	-0,00299845825545	-0,0222568888889	0,198177777778
24,25	-0,00382165825545	-0,00853688888889	0,252041481481
24,3	-0,00382165825545	0,00518311111111	0,252888395062
24,35	-0,00327285825545	0,0181408888889	0,214777283951
24,4	-0,00190085825545	0,0282022222222	0,136945925926
24,45	-0,000254458255455	0,0332328888889	0,0264237037037
24,5	0,00166634174455	0,0318608888889	-0,101375555556
24,55	0,00331274174455	0,0221044444444	-0,199617530864
24,6	0,00413594174455	0,00792711111111	-0,221298518519
24,65	0,00386154174455	-0,00335377777778	-0,178529382716
24,7	0,00331274174455	-0,00594533333333	-0,190979012346
24,75	0,00413594174455	-0,0225617777778	-0,195637037037
24,8	0,000568741744545	-0,0306413333333	-0,101375555556
24,85	0,000843141744545	-0,0330804444444	0,0165148148148
24,9	-0,00272405825545	-0,0327755555556	0,203174567901
24,95	-0,00354725825545	-0,0106711111111	0,333853333333
25	-0,00354725825545	0,00731733333333	0,321742469136
25,05	-0,00299845825545	0,0275924444444	0,185474074074
25,1	0,000294341744545	0,02744	0,0129577777778
25,15	1,99417445452E-005	0,0210373333333	-0,0266777777778
25,2	0,00166634174455	0,0248484444444	-0,0595380246914
25,25	0,00303834174455	0,0190555555556	-0,148040493827
25,3	0,00386154174455	0,008232	-0,205461234568
25,35	0,00386154174455	-0,004116	-0,212914074074
25,4	0,00331274174455	-0,0140248888889	-0,188522962963
25,45	0,00248954174455	-0,0236288888889	-0,140079506173
25,5	0,000843141744545	-0,0300315555556	-0,0486975308642
25,55	-0,000803258255455	-0,0298791111111	0,0708019753086
25,6	-0,00244965825545	-0,0225617777778	0,182509876543
25,65	-0,00327285825545	-0,00990888888889	0,254412839506
25,7	-0,00354725825545	0,00503066666667	0,276517283951
25,75	-0,00272405825545	0,0199702222222	0,240269382716
25,8	-0,00135205825545	0,0300315555556	0,161337037037
25,85	1,99417445452E-005	0,04116	-0,00999358024692
25,9	0,00386154174455	0,0317084444444	-0,216386419753
25,95	0,00386154174455	0,00975644444444	-0,24823037037
26	0,00386154174455	0,00259155555556	-0,191910617284
26,05	0,00413594174455	-0,00457333333333	-0,195975802469
26,1	0,00386154174455	-0,0175311111111	-0,186320987654
26,15	0,00221514174455	-0,0275924444444	-0,103577530864
26,2	0,000568741744545	-0,0278973333333	-0,0105017283951
26,25	-0,000528858255455	-0,0269826666667	0,06174
26,3	-0,00217525825545	-0,023324	0,15650962963
26,35	-0,00327285825545	-0,0115857777778	0,244673333333
26,4	-0,00354725825545	0,00442088888889	0,264491111111
26,45	-0,00272405825545	0,0185982222222	0,20537654321
26,5	-0,00135205825545	0,026068	0,112131358025
26,55	1,99417445452E-005	0,0292693333333	0,0201565432099
26,6	0,00166634174455	0,0289644444444	-0,0845219753086
26,65	0,00331274174455	0,02058	-0,178614074074
26,7	0,00386154174455	0,00868933333333	-0,223500493827
26,75	0,00413594174455	-0,00320133333333	-0,230953333333
26,8	0,00358714174455	-0,0155493333333	-0,204444938272
26,85	0,00248954174455	-0,0254582222222	-0,135252098765
26,9	0,000843141744545	-0,0304888888889	-0,0337071604938
26,95	-0,000803258255455	-0,0295742222222	0,0831669135802
27	-0,00244965825545	-0,0211897777778	0,180138518519
27,05	-0,00299845825545	-0,00990888888889	0,238152098765
27,1	-0,00354725825545	0,00381111111111	0,259155555556
27,15	-0,00272405825545	0,0189031111111	0,214861975309
27,2	-0,00135205825545	0,0277448888889	0,116535308642
27,25	0,000294341744545	0,0307937777778	0,00592839506172
27,3	0,00194074174455	0,0280497777778	-0,0992582716049
27,35	0,00331274174455	0,0201226666667	-0,183356790123
27,4	0,00413594174455	0,00807955555556	-0,229005432099
27,45	0,00413594174455	-0,00472577777778	-0,229259506173
27,5	0,00358714174455	-0,0160066666667	-0,196822716049
27,55	0,00248954174455	-0,0256106666667	-0,132372592593
27,6	0,000843141744545	-0,0306413333333	-0,0359938271605
27,65	-0,000803258255455	-0,0300315555556	0,0778313580247
27,7	-0,00244965825545	-0,0225617777778	0,183018024691
27,75	-0,00327285825545	-0,0100613333333	0,248992592593
27,8	-0,00354725825545	0,00472577777778	0,258901481481
27,85	-0,00272405825545	0,0179884444444	0,214692592593
27,9	-0,00162645825545	0,0278973333333	0,127968641975
27,95	0,000294341744545	0,0321657777778	0,0116027160494
28	0,00194074174455	0,0286595555556	-0,0976491358025
28,05	0,00331274174455	0,0208848888889	-0,175226419753
28,1	0,00413594174455	0,0100613333333	-0,223585185185
28,15	0,00441034174455	-0,002744	-0,237559259259
28,2	0,00386154174455	-0,0153968888889	-0,210288641975
28,25	0,00276394174455	-0,0254582222222	-0,14278962963
28,3	0,00111754174455	-0,0307937777778	-0,0469190123457
28,35	-0,000528858255455	-0,0306413333333	0,061655308642
28,4	-0,00217525825545	-0,024696	0,168366419753
28,45	-0,00327285825545	-0,0126528888889	0,246790617284
28,5	-0,00354725825545	0,00228666666667	0,271435802469
28,55	-0,00299845825545	0,016464	0,242640740741
28,6	-0,00190085825545	0,0292693333333	0,15134345679
28,65	0,000294341744545	0,0339951111111	0,0125343209877
28,7	0,00194074174455	0,0292693333333	-0,103916296296
28,75	0,00331274174455	0,0210373333333	-0,16548691358
28,8	0,00413594174455	0,0111284444444	-0,19080962963
28,85	0,00441034174455	0,000457333333333	-0,18479654321
28,9	0,00386154174455	-0,00472577777778	-0,21393037037
28,95	0,00468474174455	-0,0222568888889	-0,213337530864
29	0,00111754174455	-0,0307937777778	-0,118059753086
29,05	0,00139194174455	-0,0338426666667	-0,00906197530865
29,1	-0,00217525825545	-0,0353671111111	0,163623703704
29,15	-0,00327285825545	-0,0158542222222	0,294471851852
29,2	-0,00354725825545	0,000914666666667	0,292778024691
29,25	-0,00299845825545	0,0152444444444	0,237135802469
29,3	-0,00190085825545	0,0254582222222	0,149819012346
29,35	-0,000254458255455	0,0307937777778	0,048189382716
29,4	0,00139194174455	0,0306413333333	-0,0614012345679
29,45	0,00303834174455	0,024696	-0,167096049383
29,5	0,00413594174455	0,0126528888889	-0,240608148148
29,55	0,00441034174455	-0,00198177777778	-0,254920987654
29,6	0,00386154174455	-0,015092	-0,215962962963
29,65	0,00276394174455	-0,0250008888889	-0,140926419753
29,7	0,00111754174455	-0,0294217777778	-0,0526780246914
29,75	-0,000254458255455	-0,0306413333333	0,0459874074074
29,8	-0,00217525825545	-0,026068	0,162183950617
29,85	-0,00327285825545	-0,0131102222222	0,24696
29,9	-0,00354725825545	0,00182933333333	0,263982962963
29,95	-0,00299845825545	0,0153968888889	0,22680345679
30	-0,00190085825545	0,0259155555556	0,149395555556
30,05	-0,000254458255455	0,0320133333333	0,0363325925926
30,1	0,00166634174455	0,0300315555556	-0,0839291358025
30,15	0,00303834174455	0,0216471111111	-0,165656296296
30,2	0,00386154174455	0,0114333333333	-0,20537654321
30,25	0,00413594174455	0,00106711111111	-0,231884938272
30,3	0,00413594174455	-0,0120431111111	-0,238999012346
30,35	0,00303834174455	-0,0262204444444	-0,176158024691
30,4	0,00111754174455	-0,0324706666667	-0,0540330864198
30,45	-0,000528858255455	-0,0312511111111	0,0690234567901
30,5	-0,00217525825545	-0,0248484444444	0,175819259259
30,55	-0,00327285825545	-0,0125004444444	0,248907901235
30,6	-0,00354725825545	0,00243911111111	0,265422716049
30,65	-0,00299845825545	0,0167688888889	0,220112839506
30,7	-0,00162645825545	0,0259155555556	0,136183703704
30,75	-0,000254458255455	0,0307937777778	0,0374335802469
30,8	0,00166634174455	0,030184	-0,0715641975309
30,85	0,00303834174455	0,0231715555556	-0,168281728395
30,9	0,00413594174455	0,0121955555556	-0,236373580247
30,95	0,00441034174455	-0,00228666666667	-0,259494320988
31	0,00386154174455	-0,0158542222222	-0,230360493827
31,05	0,00276394174455	-0,02744	-0,150581234568
31,1	0,000843141744545	-0,0326231111111	-0,0322674074074
31,15	-0,000803258255455	-0,0306413333333	0,0875708641975
31,2	-0,00244965825545	-0,0228666666667	0,18522
31,25	-0,00327285825545	-0,0105186666667	0,243657037037
31,3	-0,00354725825545	0,00320133333333	0,257207654321
31,35	-0,00299845825545	0,0173786666667	0,217995555556
31,4	-0,00162645825545	0,0272875555556	0,128222716049
31,45	1,99417445452E-005	0,0307937777778	0,0214269135802
31,5	0,00166634174455	0,028812	-0,0766456790123
31,55	0,00303834174455	0,0227142222222	-0,162438024691
31,6	0,00413594174455	0,0120431111111	-0,229513580247
31,65	0,00441034174455	-0,00213422222222	-0,252719012346
31,7	0,00386154174455	-0,0153968888889	-0,224940246914
31,75	0,00276394174455	-0,026068	-0,157441234568
31,8	0,00111754174455	-0,0327755555556	-0,0505607407407
31,85	-0,000803258255455	-0,0323182222222	0,078932345679
31,9	-0,00244965825545	-0,0243911111111	0,194112592593
31,95	-0,00354725825545	-0,00990888888889	0,248738518519
32	-0,00327285825545	0,002744	0,249416049383
32,05	-0,00327285825545	0,015092	0,230868641975
32,1	-0,00190085825545	0,0285071111111	0,154138271605
32,15	1,99417445452E-005	0,032928	0,0287950617284
32,2	0,00166634174455	0,0307937777778	-0,0898575308642
32,25	0,00331274174455	0,0228666666667	-0,184203703704
32,3	0,00413594174455	0,0106711111111	-0,236712345679
32,35	0,00441034174455	-0,00259155555556	-0,245096790123
32,4	0,00386154174455	-0,0153968888889	-0,213168148148
32,45	0,00276394174455	-0,0254582222222	-0,143467160494
32,5	0,00111754174455	-0,0307937777778	-0,0475118518519
32,55	-0,000528858255455	-0,0306413333333	0,0592839506173
32,6	-0,00217525825545	-0,0248484444444	0,163200246914
32,65	-0,00327285825545	-0,0131102222222	0,238660246914
32,7	-0,00354725825545	0,000762222222222	0,269657283951
32,75	-0,00327285825545	0,0158542222222	0,248145679012
32,8	-0,00190085825545	0,028812	0,156170864198
32,85	1,99417445452E-005	0,0330804444444	0,0277787654321
32,9	0,00166634174455	0,0307937777778	-0,0874861728395
32,95	0,00331274174455	0,0228666666667	-0,166333827161
33	0,00413594174455	0,0118906666667	-0,20021037037
33,05	0,00441034174455	0,00106711111111	-0,202327654321
33,1	0,00386154174455	-0,00442088888889	-0,253311851852
33,15	0,00495914174455	-0,0254582222222	-0,264491111111
33,2	0,00111754174455	-0,0416173333333	-0,0835903703704
33,25	-0,000528858255455	-0,0338426666667	0,107219259259
33,3	-0,00217525825545	-0,024696	0,194112592593
33,35	-0,00299845825545	-0,0131102222222	0,238575555556
33,4	-0,00354725825545	-0,000762222222222	0,260595308642
33,45	-0,00327285825545	0,0147871111111	0,238660246914
33,5	-0,00190085825545	0,0265253333333	0,146770123457
33,55	-0,000254458255455	0,0304888888889	0,0301501234568
33,6	0,00139194174455	0,0285071111111	-0,0704632098766
33,65	0,00276394174455	0,021952	-0,140926419753
33,7	0,00358714174455	0,0141773333333	-0,198262469136
33,75	0,00441034174455	0,00182933333333	-0,239761234568
33,8	0,00386154174455	-0,0121955555556	-0,228666666667
33,85	0,00303834174455	-0,0231715555556	-0,168366419753
33,9	0,00139194174455	-0,0303364444444	-0,0734274074074
33,95	-0,000254458255455	-0,0310986666667	0,037772345679
34	-0,00190085825545	-0,0268302222222	0,151851604938
34,05	-0,00327285825545	-0,015092	0,242810123457
34,1	-0,00354725825545	0	0,2744
34,15	-0,00327285825545	0,015092	0,24052345679
34,2	-0,00190085825545	0,0266777777778	0,146770123457
34,25	-0,000254458255455	0,0306413333333	0,0302348148148
34,3	0,00139194174455	0,028812	-0,0725804938272
34,35	0,00276394174455	0,0227142222222	-0,157017777778
34,4	0,00386154174455	0,012348	-0,218503703704
34,45	0,00413594174455	-0,00121955555556	-0,233409382716
34,5	0,00358714174455	-0,0121955555556	-0,212998765432
34,55	0,00303834174455	-0,0242386666667	-0,151512839506
34,6	0,000843141744545	-0,0295742222222	-0,0451404938272
34,65	-0,000254458255455	-0,0277448888889	0,0492056790123
34,7	-0,00190085825545	-0,0243911111111	0,137962222222
34,75	-0,00299845825545	-0,0143297777778	0,222992345679
34,8	-0,00354725825545	0	0,259579012346
34,85	-0,00299845825545	0,0146346666667	0,229428888889
34,9	-0,00190085825545	0,0251533333333	0,146261975309
34,95	-0,000254458255455	0,030184	0,0387886419753
35	0,00139194174455	0,0286595555556	-0,0633491358025
35,05	0,00276394174455	0,0230191111111	-0,147278271605
35,1	0,00386154174455	0,0131102222222	-0,209611111111
35,15	0,00413594174455	0,00121955555556	-0,244249876543
35,2	0,00413594174455	-0,0131102222222	-0,233324691358
35,25	0,00276394174455	-0,0256106666667	-0,150835308642
35,3	0,00111754174455	-0,0291168888889	-0,0425150617284
35,35	-0,000254458255455	-0,028812	0,0525086419753
35,4	-0,00190085825545	-0,0242386666667	0,148633333333
35,45	-0,00299845825545	-0,0131102222222	0,221298518519
35,5	-0,00327285825545	0	0,246621234568
35,55	-0,00299845825545	0,0132626666667	0,227057530864
35,6	-0,00190085825545	0,0248484444444	0,156170864198
35,65	-0,000254458255455	0,0304888888889	0,0487822222222
35,7	0,00139194174455	0,0300315555556	-0,0647888888889
35,75	0,00303834174455	0,0228666666667	-0,150327160494
35,8	0,00386154174455	0,012348	-0,186151604938
35,85	0,00413594174455	0,002744	-0,194197283951
35,9	0,00386154174455	-0,00335377777778	-0,248145679012
35,95	0,00468474174455	-0,023324	-0,261780987654
36	0,00139194174455	-0,0396355555556	-0,0932451851852
36,05	-0,000528858255455	-0,0332328888889	0,0957012345679
36,1	-0,00190085825545	-0,0243911111111	0,188777037037
36,15	-0,00299845825545	-0,0128053333333	0,236034814815
36,2	-0,00327285825545	0,000152444444444	0,24780691358
36,25	-0,00299845825545	0,0132626666667	0,225871851852
36,3	-0,00190085825545	0,0248484444444	0,155747407407
36,35	-0,000254458255455	0,0304888888889	0,0481893827161
36,4	0,00139194174455	0,0300315555556	-0,0678377777778
36,45	0,00303834174455	0,0228666666667	-0,163962469136
36,5	0,00386154174455	0,0114333333333	-0,21308345679
36,55	0,00413594174455	0	-0,224008641975
36,6	0,00386154174455	-0,0114333333333	-0,213591604938
36,65	0,00303834174455	-0,0228666666667	-0,166333827161
36,7	0,00139194174455	-0,030184	-0,0730039506173
36,75	-0,000254458255455	-0,0309462222222	0,0400590123457
36,8	-0,00190085825545	-0,0263728888889	0,153968888889
36,85	-0,00327285825545	-0,0138724444444	0,230868641975
36,9	-0,00327285825545	-0,000609777777778	0,249585432099
36,95	-0,00327285825545	0,0118906666667	0,237474567901
37	-0,00217525825545	0,0250008888889	0,177259012346
37,05	-0,000528858255455	0,0323182222222	0,0611471604938
37,1	0,00139194174455	0,0320133333333	-0,0731733333333
37,15	0,00303834174455	0,0234764444444	-0,176242716049
37,2	0,00386154174455	0,0115857777778	-0,220451604938
37,25	0,00413594174455	0	-0,226888148148
37,3	0,00386154174455	-0,0114333333333	-0,214269135802
37,35	0,00303834174455	-0,0228666666667	-0,166926666667
37,4	0,00139194174455	-0,030184	-0,075375308642
37,45	-0,000254458255455	-0,0310986666667	0,0348928395062
37,5	-0,00190085825545	-0,0268302222222	0,145669135802
37,55	-0,00327285825545	-0,0153968888889	0,227904444444
37,6	-0,00354725825545	-0,00121955555556	0,249500740741
37,65	-0,00327285825545	0,0111284444444	0,228666666667
37,7	-0,00244965825545	0,0228666666667	0,173193827161
37,75	-0,000803258255455	0,030184	0,0799486419753
37,8	0,000843141744545	0,0312511111111	-0,0242217283951
37,85	0,00248954174455	0,02744	-0,119160740741
37,9	0,00386154174455	0,0182933333333	-0,192757530864
37,95	0,00441034174455	0,00594533333333	-0,225194320988
38	0,00413594174455	-0,00228666666667	-0,271943950617
38,05	0,00495914174455	-0,0227142222222	-0,27312962963
38,1	0,00166634174455	-0,038416	-0,112724197531
38,15	1,99417445452E-005	-0,0339951111111	0,0591992592593
38,2	-0,00162645825545	-0,0283546666667	0,162522716049
38,25	-0,00299845825545	-0,0172262222222	0,238490864198
38,3	-0,00354725825545	-0,002744	0,265507407407
38,35	-0,00327285825545	0,0118906666667	0,236288888889
38,4	-0,00217525825545	0,0227142222222	0,162438024691
38,45	-0,000803258255455	0,0286595555556	0,0703785185185
38,5	0,000843141744545	0,030184	-0,0311664197531
38,55	0,00248954174455	0,0254582222222	-0,127968641975
38,6	0,00358714174455	0,0160066666667	-0,195128888889
38,65	0,00413594174455	0,00472577777778	-0,231630864198
38,7	0,00413594174455	-0,008232	-0,236288888889
38,75	0,00331274174455	-0,0207324444444	-0,195637037037
38,8	0,00194074174455	-0,0300315555556	-0,104424444444
38,85	1,99417445452E-005	-0,0326231111111	0,0199024691358
38,9	-0,00162645825545	-0,0278973333333	0,142704938272
38,95	-0,00299845825545	-0,0172262222222	0,236712345679
39	-0,00354725825545	-0,00213422222222	0,277533580247
39,05	-0,00327285825545	0,0138724444444	0,243911111111
39,1	-0,00190085825545	0,024696	0,154138271605
39,15	-0,000528858255455	0,0292693333333	0,0542024691358
39,2	0,00111754174455	0,030184	-0,0485281481482
39,25	0,00276394174455	0,024696	-0,149310864198
39,3	0,00386154174455	0,0135675555556	-0,213760987654
39,35	0,00413594174455	0,00106711111111	-0,229767654321
39,4	0,00386154174455	-0,00990888888889	-0,220451604938
39,45	0,00331274174455	-0,0225617777778	-0,170907160494
39,5	0,00139194174455	-0,0303364444444	-0,0588604938272
39,55	-0,000254458255455	-0,0277448888889	0,0458180246914
39,6	-0,00135205825545	-0,0237813333333	0,11746691358
39,65	-0,00272405825545	-0,0166164444444	0,191571851852
39,7	-0,00327285825545	-0,00426844444444	0,24780691358
39,75	-0,00327285825545	0,0105186666667	0,250517037037
39,8	-0,00217525825545	0,0240862222222	0,181070123457
39,85	-0,000528858255455	0,0304888888889	0,0664827160494
39,9	0,00111754174455	0,0306413333333	-0,051407654321
39,95	0,00276394174455	0,0248484444444	-0,154985185185
40	0,00386154174455	0,0134151111111	-0,217910864198
40,05	0,00413594174455	0,000762222222222	-0,229937037037
40,1	0,00386154174455	-0,0106711111111	-0,211220246914
40,15	0,00303834174455	-0,0210373333333	-0,169467407407
40,2	0,00166634174455	-0,028812	-0,0964634567901
40,25	1,99417445452E-005	-0,0324706666667	0,0143128395062
40,3	-0,00190085825545	-0,0286595555556	0,145923209877
40,35	-0,00327285825545	-0,0160066666667	0,237813333333
40,4	-0,00354725825545	-0,001372	0,256276049383
40,45	-0,00327285825545	0,0111284444444	0,230868641975
40,5	-0,00244965825545	0,0228666666667	0,170907160494
40,55	-0,000803258255455	0,0300315555556	0,071987654321
40,6	0,000843141744545	0,0306413333333	-0,0405671604938
40,65	0,00248954174455	0,0254582222222	-0,142874320988
40,7	0,00358714174455	0,0152444444444	-0,217063950617
40,75	0,00413594174455	0,00213422222222	-0,249670123457
40,8	0,00386154174455	-0,0120431111111	-0,228412592593
40,85	0,00276394174455	-0,0227142222222	-0,159981975309
40,9	0,00139194174455	-0,0286595555556	-0,0715641975309
40,95	-0,000254458255455	-0,0303364444444	0,0291338271605
41	-0,00190085825545	-0,0257631111111	0,128307407407
41,05	-0,00299845825545	-0,0169213333333	0,210712098765
41,1	-0,00382165825545	-0,00304888888889	0,253904691358
41,15	-0,00327285825545	0,0106711111111	0,243487654321
41,2	-0,00272405825545	0,0231715555556	0,184965925926
41,25	-0,000803258255455	0,031556	0,0747824691358
41,3	0,000843141744545	0,0310986666667	-0,0471730864198
41,35	0,00248954174455	0,0256106666667	-0,145584444444
41,4	0,00358714174455	0,0153968888889	-0,214861975309
41,45	0,00413594174455	0,00259155555556	-0,244927407407
41,5	0,00386154174455	-0,0106711111111	-0,23408691358
41,55	0,00303834174455	-0,0227142222222	-0,177851851852
41,6	0,00139194174455	-0,030184	-0,082235308642
41,65	-0,000254458255455	-0,0312511111111	0,0243911111111
41,7	-0,00190085825545	-0,0275924444444	0,127629876543
41,75	-0,00327285825545	-0,017836	0,212151851852
41,8	-0,00382165825545	-0,00472577777778	0,255937283951
41,85	-0,00382165825545	0,00990888888889	0,249246666667
41,9	-0,00272405825545	0,0224093333333	0,190047407407
41,95	-0,00135205825545	0,0297266666667	0,102815308642
42	0,000294341744545	0,0341475555556	-0,0158372839506
42,05	0,00248954174455	0,0292693333333	-0,150750617284
42,1	0,00358714174455	0,0166164444444	-0,235696049383
42,15	0,00413594174455	0,00289644444444	-0,258816790123
42,2	0,00386154174455	-0,0106711111111	-0,23967654321
42,25	0,00303834174455	-0,0227142222222	-0,179037530864
42,3	0,00139194174455	-0,030184	-0,082404691358
42,35	-0,000254458255455	-0,0312511111111	0,0243911111111
42,4	-0,00190085825545	-0,0275924444444	0,127629876543
42,45	-0,00327285825545	-0,017836	0,212151851852
42,5	-0,00382165825545	-0,00472577777778	0,255767901235
42,55	-0,00382165825545	0,00990888888889	0,24823037037
42,6	-0,00272405825545	0,0224093333333	0,185474074074
42,65	-0,00135205825545	0,0294217777778	0,0936686419753
42,7	0,000294341744545	0,0332328888889	-0,0264237037037
42,75	0,00248954174455	0,0265253333333	-0,140079506173
42,8	0,00303834174455	0,0166164444444	-0,202073580247
42,85	0,00413594174455	0,00579288888889	-0,241031604938
42,9	0,00386154174455	-0,00929911111111	-0,231292098765
42,95	0,00303834174455	-0,0201226666667	-0,165825679012
43	0,00166634174455	-0,02744	-0,0703785185185
43,05	-0,000254458255455	-0,0243911111111	-0,0121955555556
43,1	-0,000254458255455	-0,0280497777778	0,0403130864198
43,15	-0,00327285825545	-0,0262204444444	0,186151604938
43,2	-0,00382165825545	-0,00746977777778	0,289559753086
43,25	-0,00382165825545	0,00899422222222	0,273722469136
43,3	-0,00272405825545	0,0222568888889	0,193604444444
43,35	-0,00135205825545	0,0289644444444	0,0861311111111
43,4	0,000294341744545	0,031556	-0,0332837037037
43,45	0,00221514174455	0,0254582222222	-0,14448345679
43,5	0,00303834174455	0,0144822222222	-0,201734814815
43,55	0,00358714174455	0,00396355555556	-0,223754567901
43,6	0,00358714174455	-0,00914666666667	-0,212067160494
43,65	0,00248954174455	-0,0185982222222	-0,168027654321
43,7	0,00166634174455	-0,0263728888889	-0,106457037037
43,75	-0,000254458255455	-0,0306413333333	-0,0119414814815
43,8	-0,00162645825545	-0,0291168888889	0,110522222222
43,85	-0,00354725825545	-0,0193604444444	0,224516790123
43,9	-0,00382165825545	-0,00365866666667	0,274484691358
43,95	-0,00382165825545	0,0106711111111	0,264406419753
44	-0,00272405825545	0,024696	0,199956296296
44,05	-0,00107765825545	0,0317084444444	0,0980725925926
44,1	0,000294341744545	0,038416	-0,0688540740741
44,15	0,00386154174455	0,0250008888889	-0,227735061728
44,2	0,00303834174455	0,00640266666667	-0,221383209877
44,25	0,00358714174455	0,00198177777778	-0,18606691358
44,3	0,00358714174455	-0,00792711111111	-0,205884691358
44,35	0,00303834174455	-0,02058	-0,186998518519
44,4	0,00139194174455	-0,0307937777778	-0,0910432098766
44,45	-0,000528858255455	-0,0309462222222	0,0370101234568
44,5	-0,00190085825545	-0,0256106666667	0,139656049383
44,55	-0,00327285825545	-0,0155493333333	0,208594814815
44,6	-0,00354725825545	-0,00304888888889	0,234764444444
44,65	-0,00354725825545	0,00899422222222	0,228920740741
44,7	-0,00272405825545	0,0217995555556	0,177343703704
44,75	-0,00107765825545	0,0285071111111	0,0850301234568
44,8	0,000294341744545	0,0306413333333	-0,0182086419753
44,85	0,00221514174455	0,0269826666667	-0,123225925926
44,9	0,00331274174455	0,016464	-0,184965925926
44,95	0,00386154174455	0,00594533333333	-0,196060493827
45	0,00386154174455	-0,00472577777778	-0,173786666667
45,05	0,00303834174455	-0,00899422222222	-0,184034320988
45,1	0,00358714174455	-0,0236288888889	-0,178275308642
45,15	0,000294341744545	-0,0310986666667	-0,0859617283951
45,2	0,000294341744545	-0,0335377777778	0,0420916049383
45,25	-0,00327285825545	-0,0295742222222	0,215793580247
45,3	-0,00354725825545	-0,00853688888889	0,314628395062
45,35	-0,00382165825545	0,00777466666667	0,291846419753
45,4	-0,00272405825545	0,0231715555556	0,202920493827
45,45	-0,00107765825545	0,0289644444444	0,0840138271605
45,5	0,000294341744545	0,0307937777778	-0,0226972839506
45,55	0,00221514174455	0,0269826666667	-0,129154320988
45,6	0,00331274174455	0,016464	-0,202581728395
45,65	0,00386154174455	0,00487822222222	-0,234002222222
45,7	0,00386154174455	-0,00807955555556	-0,231800246914
45,75	0,00303834174455	-0,0201226666667	-0,186320987654
45,8	0,00166634174455	-0,0282022222222	-0,105017283951
45,85	1,99417445452E-005	-0,0312511111111	-0,00457333333334
45,9	-0,00162645825545	-0,0294217777778	0,109505925926
45,95	-0,00327285825545	-0,0199702222222	0,211559012346
46	-0,00382165825545	-0,00579288888889	0,258901481482
46,05	-0,00382165825545	0,008232	0,249670123457
46,1	-0,00299845825545	0,0214946666667	0,18649037037
46,15	-0,00135205825545	0,0282022222222	0,0907044444445
46,2	1,99417445452E-005	0,0298791111111	-0,000254074074078
46,25	0,00166634174455	0,0289644444444	-0,103662222222
46,3	0,00331274174455	0,0198177777778	-0,204699012346
46,35	0,00386154174455	0,00594533333333	-0,252041481482
46,4	0,00386154174455	-0,00777466666667	-0,243826419753
46,45	0,00303834174455	-0,0201226666667	-0,191487160494
46,5	0,00166634174455	-0,0282022222222	-0,106118271605
46,55	1,99417445452E-005	-0,0312511111111	-0,00482740740741
46,6	-0,00162645825545	-0,0294217777778	0,109082469136
46,65	-0,00327285825545	-0,0199702222222	0,209780493827
46,7	-0,00382165825545	-0,00594533333333	0,256445432099
46,75	-0,00382165825545	0,00792711111111	0,24780691358
46,8	-0,00299845825545	0,02058	0,19165654321
46,85	-0,00162645825545	0,0292693333333	0,0885871604938
46,9	0,000294341744545	0,030184	-0,0303195061728
46,95	0,00166634174455	0,0245435555556	-0,11789037037
47	0,00276394174455	0,0172262222222	-0,176327407407
47,05	0,00358714174455	0,00594533333333	-0,208848888889
47,1	0,00331274174455	-0,00503066666667	-0,208679506173
47,15	0,00303834174455	-0,015092	-0,193604444444
47,2	0,00194074174455	-0,0265253333333	-0,131356296296
47,25	1,99417445452E-005	-0,0304888888889	-0,0220197530864
47,3	-0,00135205825545	-0,0285071111111	0,08918
47,35	-0,00299845825545	-0,0214946666667	0,195044197531
47,4	-0,00382165825545	-0,00762222222222	0,263474814815
47,45	-0,00382165825545	0,00777466666667	0,264067654321
47,5	-0,00299845825545	0,0217995555556	0,195975802469
47,55	-0,00135205825545	0,0294217777778	0,0816424691358
47,6	0,000294341744545	0,0292693333333	-0,0243911111111
47,65	0,00166634174455	0,0257631111111	-0,106118271605
47,7	0,00303834174455	0,0181408888889	-0,17192345679
47,75	0,00358714174455	0,00777466666667	-0,216471111111
47,8	0,00386154174455	-0,004116	-0,238744938272
47,85	0,00331274174455	-0,0179884444444	-0,214523209877
47,9	0,00194074174455	-0,028812	-0,12348
47,95	1,99417445452E-005	-0,0312511111111	-0,00702938271605
48	-0,00135205825545	-0,0286595555556	0,0983266666667
48,05	-0,00299845825545	-0,0214946666667	0,197839012346
48,1	-0,00382165825545	-0,00762222222222	0,261865679012
48,15	-0,00382165825545	0,00762222222222	0,259579012346
48,2	-0,00299845825545	0,0213422222222	0,190555555556
48,25	-0,00135205825545	0,0280497777778	0,0862158024691
48,3	1,99417445452E-005	0,0292693333333	-0,0112639506173
48,35	0,00166634174455	0,0269826666667	-0,105694814815
48,4	0,00303834174455	0,0181408888889	-0,183102716049
48,45	0,00358714174455	0,00655511111111	-0,218334320988
48,5	0,00358714174455	-0,00426844444444	-0,230783950617
48,55	0,00331274174455	-0,0170737777778	-0,218080246914
48,6	0,00194074174455	-0,0298791111111	-0,130678765432
48,65	-0,000254458255455	-0,0317084444444	-0,00618246913581
48,7	-0,00135205825545	-0,0291168888889	0,100359259259
48,75	-0,00327285825545	-0,0224093333333	0,210796790123
48,8	-0,00409605825545	-0,00625022222222	0,276601975309
48,85	-0,00382165825545	0,00899422222222	0,267201234568
48,9	-0,00299845825545	0,0216471111111	0,214861975309
48,95	-0,00162645825545	0,0312511111111	0,126782962963
49	1,99417445452E-005	0,039788	-0,0532708641975
49,05	0,00358714174455	0,0259155555556	-0,224093333333
49,1	0,00276394174455	0,00792711111111	-0,224178024691
49,15	0,00358714174455	0,00228666666667	-0,185135308642
49,2	0,00331274174455	-0,00807955555556	-0,169552098765
49,25	0,00276394174455	-0,0160066666667	-0,133134814815
49,3	0,00166634174455	-0,0236288888889	-0,065127654321
49,35	-0,000254458255455	-0,0199702222222	-0,0286256790124
49,4	0,000294341744545	-0,0250008888889	-0,00635185185185
49,45	-0,00272405825545	-0,0285071111111	0,146939506173
49,5	-0,00382165825545	-0,00975644444445	0,283800740741
49,55	-0,00354725825545	0,00777466666667	0,275839753086
49,6	-0,00272405825545	0,0204275555556	0,198262469136
49,65	-0,00135205825545	0,0280497777778	0,0946849382716
49,7	0,000294341744545	0,030184	-0,0145669135803
49,75	0,00194074174455	0,026068	-0,112131358025
49,8	0,00303834174455	0,0179884444444	-0,186744444444
49,85	0,00386154174455	0,00670755555556	-0,238744938272
49,9	0,00386154174455	-0,00762222222222	-0,246875308642
49,95	0,00303834174455	-0,0204275555556	-0,199194074074
50	0,00166634174455	-0,0295742222222	-0,105694814815
50,05	-0,000254458255455	-0,0314035555556	0,00296419753086
50,1	-0,00162645825545	-0,0286595555556	0,103492839506
50,15	-0,00327285825545	-0,0216471111111	0,21223654321
50,2	-0,00409605825545	-0,00686	0,29328617284
50,25	-0,00409605825545	0,00990888888889	0,307937777778
50,3	-0,00354725825545	0,0323182222222	0,168197037037
50,35	0,000568741744545	0,0295742222222	-0,0246451851852
50,4	-0,000254458255455	0,0193604444444	-0,0450558024691
50,45	0,00139194174455	0,0254582222222	-0,0625869135803
50,5	0,00303834174455	0,0187506666667	-0,16294617284
50,55	0,00358714174455	0,00655511111111	-0,221383209877
50,6	0,00358714174455	-0,00579288888889	-0,231630864198
50,65	0,00303834174455	-0,0181408888889	-0,196314567901
50,7	0,00166634174455	-0,02744	-0,11492617284
50,75	1,99417445452E-005	-0,0306413333333	-0,00982419753087
50,8	-0,00162645825545	-0,0282022222222	0,0936686419753
50,85	-0,00299845825545	-0,02058	0,180985432099
50,9	-0,00382165825545	-0,00929911111111	0,243741728395
50,95	-0,00409605825545	0,005488	0,26195037037
51	-0,00327285825545	0,0198177777778	0,214269135802
51,05	-0,00190085825545	0,0294217777778	0,110860987654
51,1	1,99417445452E-005	0,0312511111111	-0,00652123456791
51,15	0,00139194174455	0,0280497777778	-0,110014074074
51,2	0,00303834174455	0,0196653333333	-0,194027901235
51,25	0,00358714174455	0,00655511111111	-0,231800246914
51,3	0,00358714174455	-0,00533555555556	-0,226210617284
51,35	0,00303834174455	-0,0166164444444	-0,196992098765
51,4	0,00194074174455	-0,0269826666667	-0,124411604938
51,45	1,99417445452E-005	-0,0306413333333	-0,0177004938272
51,5	-0,00135205825545	-0,0285071111111	0,0879943209877
51,55	-0,00299845825545	-0,0216471111111	0,18479654321
51,6	-0,00382165825545	-0,00838444444445	0,241624444444
51,65	-0,00382165825545	0,00503066666667	0,241878518519
51,7	-0,00327285825545	0,0175311111111	0,198008395062
51,75	-0,00190085825545	0,026068	0,119414814815
51,8	-0,000528858255455	0,0304888888889	0,0168535802469
51,85	0,00139194174455	0,028812	-0,101036790123
51,9	0,00276394174455	0,0185982222222	-0,176496790123
51,95	0,00331274174455	0,00746977777778	-0,182763950617
52	0,00331274174455	-0,00152444444444	-0,152613827161
52,05	0,00276394174455	-0,00350622222222	-0,18564345679
52,1	0,00386154174455	-0,0204275555556	-0,207324444444
52,15	0,000294341744545	-0,0300315555556	-0,116365925926
52,2	0,000568741744545	-0,032928	0,00855382716049
52,25	-0,00299845825545	-0,0327755555556	0,20021037037
52,3	-0,00382165825545	-0,0106711111111	0,333260493827
52,35	-0,00382165825545	0,00731733333333	0,32157308642
52,4	-0,00327285825545	0,0275924444444	0,184881234568
52,45	1,99417445452E-005	0,02744	0,0100782716049
52,5	-0,000254458255455	0,0208848888889	-0,034215308642
52,55	0,00139194174455	0,0242386666667	-0,0730039506173
52,6	0,00276394174455	0,0170737777778	-0,159135061728
52,65	0,00331274174455	0,00609777777778	-0,207493827161
52,7	0,00331274174455	-0,005488	-0,217402716049
52,75	0,00276394174455	-0,0166164444444	-0,193435061728
52,8	0,00166634174455	-0,0269826666667	-0,121023950617
52,85	-0,000254458255455	-0,0304888888889	-0,010162962963
52,9	-0,00162645825545	-0,0278973333333	0,100782716049
52,95	-0,00327285825545	-0,0196653333333	0,19250345679
53	-0,00382165825545	-0,00640266666667	0,233832839506
53,05	-0,00382165825545	0,00564044444444	0,228581975309
53,1	-0,00327285825545	0,0176835555556	0,188353580247
53,15	-0,00190085825545	0,0259155555556	0,112470123457
53,2	-0,000528858255455	0,0300315555556	0,0125343209877
53,25	0,00139194174455	0,0275924444444	-0,0956165432099
53,3	0,00248954174455	0,0190555555556	-0,175226419753
53,35	0,00331274174455	0,00899422222222	-0,225617777778
53,4	0,00358714174455	-0,00487822222222	-0,238490864198
53,45	0,00276394174455	-0,0173786666667	-0,194790123457
53,5	0,00166634174455	-0,0257631111111	-0,116281234568
53,55	1,99417445452E-005	-0,0298791111111	-0,0154138271605
53,6	-0,00162645825545	-0,0269826666667	0,082404691358
53,65	-0,00272405825545	-0,0214946666667	0,172600987654
53,7	-0,00409605825545	-0,00929911111111	0,243826419753
53,75	-0,00382165825545	0,00609777777778	0,247214074074
53,8	-0,00327285825545	0,017836	0,195467654321
53,85	-0,00190085825545	0,0262204444444	0,119499506173
53,9	-0,000528858255455	0,0306413333333	0,0217656790123
53,95	0,00139194174455	0,0294217777778	-0,0928217283951
54	0,00276394174455	0,02058	-0,188353580247
54,05	0,00358714174455	0,008232	-0,233494074074
54,1	0,00358714174455	-0,00472577777778	-0,231461481482
54,15	0,00303834174455	-0,0160066666667	-0,196907407407
54,2	0,00194074174455	-0,0256106666667	-0,130848148148
54,25	0,000294341744545	-0,0304888888889	-0,0348081481482
54,3	-0,00135205825545	-0,0297266666667	0,0734274074074
54,35	-0,00299845825545	-0,021952	0,160490123457
54,4	-0,00354725825545	-0,0125004444444	0,220028148148
54,45	-0,00437045825545	-3,08636218434E-017	0,264406419753
54,5	-0,00382165825545	0,0167688888889	0,244165185185
54,55	-0,00244965825545	0,0285071111111	0,142027407407
54,6	-0,000528858255455	0,0314035555556	0,0210881481481
54,65	0,000843141744545	0,0292693333333	-0,0803720987654
54,7	0,00248954174455	0,0236288888889	-0,177343703704
54,75	0,00358714174455	0,0105186666667	-0,244842716049
54,8	0,00358714174455	-0,00396355555556	-0,247298765432
54,85	0,00303834174455	-0,0158542222222	-0,207155061728
54,9	0,00194074174455	-0,0256106666667	-0,138216296296
54,95	0,000294341744545	-0,0307937777778	-0,0423456790124
55	-0,00135205825545	-0,0304888888889	0,0671602469136
55,05	-0,00299845825545	-0,0242386666667	0,175565185185
55,1	-0,00409605825545	-0,0111284444444	0,243995802469
55,15	-0,00409605825545	0,00259155555556	0,256953580247
55,2	-0,00382165825545	0,0160066666667	0,228327901235
55,25	-0,00244965825545	0,02744	0,152105679012
55,3	-0,000803258255455	0,0327755555556	0,0417528395062
55,35	0,00111754174455	0,0314035555556	-0,0691928395062
55,4	0,00248954174455	0,0253057777778	-0,166926666667
55,45	0,00386154174455	0,0141773333333	-0,244080493827
55,5	0,00413594174455	-0,00152444444444	-0,266100246914
55,55	0,00358714174455	-0,015092	-0,228497283951
55,6	0,00248954174455	-0,0256106666667	-0,155578024691
55,65	0,000843141744545	-0,0314035555556	-0,0585217283951
55,7	-0,000803258255455	-0,0324706666667	0,0587758024691
55,75	-0,00272405825545	-0,0262204444444	0,183187407407
55,8	-0,00382165825545	-0,0117382222222	0,256784197531
55,85	-0,00382165825545	0,00243911111111	0,264321728395
55,9	-0,00354725825545	0,0160066666667	0,230699259259
55,95	-0,00217525825545	0,02744	0,150327160494
56	-0,000528858255455	0,0326231111111	0,0368407407407
56,05	0,00139194174455	0,0309462222222	-0,0763069135803
56,1	0,00276394174455	0,0237813333333	-0,164131851852
56,15	0,00386154174455	0,0138724444444	-0,229344197531
56,2	0,00441034174455	-0,00106711111111	-0,250008888889
56,25	0,00358714174455	-0,0132626666667	-0,22079037037
56,3	0,00303834174455	-0,0239337777778	-0,164131851852
56,35	0,00111754174455	-0,0317084444444	-0,0636032098766
56,4	-0,000528858255455	-0,0310986666667	0,054710617284
56,45	-0,00217525825545	-0,0254582222222	0,159473827161
56,5	-0,00327285825545	-0,0144822222222	0,242640740741
56,55	-0,00382165825545	0,000609777777778	0,278041728395
56,6	-0,00327285825545	0,0166164444444	0,24052345679
56,65	-0,00190085825545	0,0272875555556	0,143128395062
56,7	-0,000254458255455	0,0312511111111	0,0302348148148
56,75	0,00139194174455	0,030184	-0,0810496296296
56,8	0,00303834174455	0,0227142222222	-0,177767160494
56,85	0,00386154174455	0,0106711111111	-0,234425679012
56,9	0,00413594174455	-0,00259155555556	-0,246197777778
56,95	0,00358714174455	-0,0155493333333	-0,214777283951
57	0,00248954174455	-0,0257631111111	-0,141349876543
57,05	0,000843141744545	-0,031556	-0,0295572839506
57,1	-0,00107765825545	-0,0286595555556	0,0828281481482
57,15	-0,00217525825545	-0,0214946666667	0,162353333333
57,2	-0,00327285825545	-0,0118906666667	0,222907654321
57,25	-0,00354725825545	0,001372	0,258901481482
57,3	-0,00327285825545	0,0167688888889	0,234849135802
57,35	-0,00162645825545	0,0275924444444	0,149310864198
57,4	-0,000254458255455	0,0321657777778	0,0425150617284
57,45	0,00166634174455	0,0330804444444	-0,0868086419753
57,5	0,00358714174455	0,0231715555556	-0,203598024691
57,55	0,00413594174455	0,00929911111111	-0,251025185185
57,6	0,00441034174455	-0,00365866666667	-0,251533333333
57,65	0,00386154174455	-0,0173786666667	-0,209865185185
57,7	0,00248954174455	-0,0268302222222	-0,123649382716
57,75	0,000843141744545	-0,0295742222222	-0,0337918518519
57,8	-0,000528858255455	-0,0294217777778	0,0474271604938
57,85	-0,00217525825545	-0,0262204444444	0,150835308642
57,9	-0,00354725825545	-0,0146346666667	0,252041481482
57,95	-0,00382165825545	0,00121955555556	0,300061481482
58	-0,00354725825545	0,019208	0,262204444444
58,05	-0,00162645825545	0,0312511111111	0,141180493827
58,1	1,99417445452E-005	0,0336902222222	0,00474271604938
58,15	0,00194074174455	0,0304888888889	-0,109082469136
58,2	0,00331274174455	0,0213422222222	-0,188607654321
58,25	0,00413594174455	0,0102137777778	-0,232647160494
58,3	0,00441034174455	-0,00289644444444	-0,24738345679
58,35	0,00386154174455	-0,0160066666667	-0,222568888889
58,4	0,00276394174455	-0,02744	-0,146007901235
58,45	0,000843141744545	-0,0324706666667	-0,0298113580247
58,5	-0,000803258255455	-0,0303364444444	0,0866392592593
58,55	-0,00244965825545	-0,0221044444444	0,172431604938
58,6	-0,00299845825545	-0,0121955555556	0,232139012346
58,65	-0,00382165825545	0,000914666666667	0,276178518519
58,7	-0,00327285825545	0,0195128888889	0,236458271605
58,75	-0,00135205825545	0,0286595555556	0,116450617284
58,8	1,99417445452E-005	0,0291168888889	0,0196483950617
58,85	0,00139194174455	0,0298791111111	-0,065127654321
58,9	0,00331274174455	0,0240862222222	-0,166249135802
58,95	0,00413594174455	0,0115857777778	-0,231630864198
59	0,00441034174455	-0,00121955555556	-0,245181481482
59,05	0,00413594174455	-0,0149395555556	-0,211474320988
59,1	0,00276394174455	-0,0256106666667	-0,119330123457
59,15	0,000843141744545	-0,0236288888889	-0,0695316049383
59,2	0,00111754174455	-0,0314035555556	-0,0284562962963
59,25	-0,00244965825545	-0,0344524444444	0,144229382716
59,3	-0,00354725825545	-0,0157017777778	0,289305679012
59,35	-0,00382165825545	0,00152444444444	0,302517530864
59,4	-0,00327285825545	0,0172262222222	0,243318271605
59,45	-0,00190085825545	0,02744	0,137538765432
59,5	-0,000254458255455	0,0310986666667	0,0262543209877
59,55	0,00139194174455	0,0298791111111	-0,0795251851852
59,6	0,00303834174455	0,021952	-0,159897283951
59,65	0,00358714174455	0,0126528888889	-0,210881481482
59,7	0,00441034174455	0,000762222222222	-0,247129382716
59,75	0,00386154174455	-0,0143297777778	-0,231563111111
59,8	0,00276394174455	-0,0251533333333	-0,158593037037
59,85	0,00111754174455	-0,0307937777778	-0,0685830617272
59,9	-0,000528858255455	-0,0312815999999	0,00457333333574
59,95	-0,00217525825545	-0,0285071111108	0,0444036790149
60	-0,00327285825545	-0,0250008888885	0,0624344691377
