0,05	0,0137399417445	-0,10976	-0,195332148148
0,1	0,00880074174455	-0,121650666667	-0,0972341481481
0,15	0,00194074174455	-0,1297912	0,114130074074
0,2	-0,00519365825545	-0,118449333333	0,466615506173
0,25	-0,0109560582555	-0,0830822222222	0,83270237037
0,3	-0,0142488582555	-0,0292693333333	1,06096251852
0,35	-0,0142488582555	0,0326231111111	1,06075925926
0,4	-0,0106816582555	0,0873506666667	0,80905654321
0,45	-0,00464485825545	0,121193333333	0,368407407407
0,5	0,00248954174455	0,128510666667	-0,172008148148
0,55	0,00962394174455	0,102747555556	-0,679055308642
0,6	0,0137399417445	0,0530506666667	-1,00901283951
0,65	0,0153863417445	-0,00807955555556	-1,09683777778
0,7	0,0129167417445	-0,0679902222222	-0,914920740741
0,75	0,00770314174455	-0,108083111111	-0,527034320988
0,8	0,00111754174455	-0,123937333333	-0,0477659259259
0,85	-0,00574245825545	-0,113113777778	0,438531851852
0,9	-0,0112304582555	-0,0769844444444	0,840985185185
0,95	-0,0142488582555	-0,0217995555556	1,06363876543
1	-0,0137000582555	0,0399404444444	1,03331925926
1,05	-0,00985845825545	0,0922288888889	0,748332839506
1,1	-0,00354725825545	0,122260444444	0,282445679012
1,15	0,00358714174455	0,122870222222	-0,244334567901
1,2	0,00989834174455	0,0951253333333	-0,707088148148
1,25	0,0140143417445	0,045276	-1,00308444444
1,3	0,0148375417445	-0,0147871111111	-1,06601012346
1,35	0,0123679417445	-0,0710391111111	-0,888242962963
1,4	0,00715434174455	-0,112351555556	-0,498662716049
1,45	1,99417445452E-005	-0,126681333333	0,0226125925926
1,5	-0,00684005825545	-0,10976	0,53508
1,55	-0,0120536582555	-0,0666182222222	0,899422222222
1,6	-0,0139744582555	-0,0106711111111	1,04559950617
1,65	-0,0131512582555	0,0464955555556	0,972341481481
1,7	-0,00903525825545	0,0952777777778	0,684221481481
1,75	-0,00272405825545	0,122260444444	0,225702469136
1,8	0,00441034174455	0,120278666667	-0,291338271605
1,85	0,0104471417445	0,0902471111111	-0,740710617284
1,9	0,0142887417445	0,0393306666667	-1,02002271605
1,95	0,0148375417445	-0,021952	-1,05372987654
2	0,0118191417445	-0,076832	-0,832346666667
2,05	0,00633114174455	-0,112656444444	-0,426759753086
2,1	-0,000528858255455	-0,122260444444	0,0579288888889
2,15	-0,00684005825545	-0,106863555556	0,537790123457
2,2	-0,0123280582555	-0,0652462222222	0,921696049383
2,25	-0,0142488582555	-0,00457333333333	1,07193851852
2,3	-0,0126024582555	0,0538128888889	0,948543209877
2,35	-0,00821205825545	0,0975644444444	0,630357777778
2,4	-0,00217525825545	0,122412888889	0,17234691358
2,45	0,00523354174455	0,118296888889	-0,353332345679
2,5	0,0109959417445	0,0833871111111	-0,791525432099
2,55	0,0142887417445	0,0303364444444	-1,0257817284
2,6	0,0142887417445	-0,0292693333333	-1,01638098765
2,65	0,0109959417445	-0,0804906666667	-0,779838024691
2,7	0,00550794174455	-0,113723555556	-0,379163209877
2,75	-0,00135205825545	-0,122412888889	0,116450617284
2,8	-0,00793765825545	-0,101985333333	0,601647407407
2,85	-0,0126024582555	-0,0567093333333	0,950321728395
2,9	-0,0142488582555	0,00335377777778	1,05898074074
2,95	-0,0120536582555	0,0599106666667	0,909754567901
3	-0,00766325825545	0,101832888889	0,566585185185
3,05	-0,00107765825545	0,122717777778	0,0832516049383
3,1	0,00605674174455	0,110979555556	-0,41718962963
3,15	0,0109959417445	0,0750026666667	-0,78974691358
3,2	0,0140143417445	0,0256106666667	-0,997748888889
3,25	0,0140143417445	-0,032928	-0,996393827161
3,3	0,0104471417445	-0,0844542222222	-0,751805185185
3,35	0,00468474174455	-0,115552888889	-0,327755555556
3,4	-0,00217525825545	-0,120278666667	0,174125432099
3,45	-0,00848645825545	-0,0969546666667	0,643400246914
3,5	-0,0128768582555	-0,0498493333333	0,963533580247
3,55	-0,0139744582555	0,00929911111111	1,04898716049
3,6	-0,0117792582555	0,0652462222222	0,886125679012
3,65	-0,00684005825545	0,105948888889	0,52305382716
3,7	-0,000254458255455	0,123327555556	0,027355308642
3,75	0,00687994174455	0,108692888889	-0,469190123457
3,8	0,0115447417445	0,0707342222222	-0,83734345679
3,85	0,0145631417445	0,0173786666667	-1,01832888889
3,9	0,0134655417445	-0,0402453333333	-0,972002716049
3,95	0,0101727417445	-0,0887226666667	-0,706918765432
4	0,00386154174455	-0,118601777778	-0,262966666667
4,05	-0,00299845825545	-0,117992	0,250347654321
4,1	-0,00903525825545	-0,0903995555556	0,693029382716
4,15	-0,0128768582555	-0,0420746666667	0,973019012346
4,2	-0,0137000582555	0,0166164444444	1,01926049383
4,25	-0,0109560582555	0,0698195555556	0,825910123457
4,3	-0,00601685825545	0,106253777778	0,453776296296
4,35	0,000568741744545	0,119668888889	-0,0258308641975
4,4	0,00715434174455	0,104272	-0,511789876543
4,45	0,0120935417445	0,063112	-0,870881234568
4,5	0,0140143417445	0,00807955555556	-1,01519530864
4,55	0,0129167417445	-0,0478675555556	-0,926354074074
4,6	0,00880074174455	-0,0929911111111	-0,628918024691
4,65	0,00276394174455	-0,117077333333	-0,181747654321
4,7	-0,00409605825545	-0,112961333333	0,308869382716
4,75	-0,00958405825545	-0,0829297777778	0,723264197531
4,8	-0,0131512582555	-0,0341475555556	0,976491358025
4,85	-0,0134256582555	0,0242386666667	1,00020493827
4,9	-0,0104072582555	0,0756124444444	0,788730617284
4,95	-0,00519365825545	0,110369777778	0,397625925926
5	0,00166634174455	0,119668888889	-0,0946849382716
5,05	0,00797754174455	0,100156	-0,567262716049
5,1	0,0126423417445	0,0573191111111	-0,904588395062
5,15	0,0142887417445	0,000609777777778	-1,02408790123
5,2	0,0126423417445	-0,0550324444444	-0,903572098765
5,25	0,00825194174455	-0,0978693333333	-0,582422469136
5,3	0,00194074174455	-0,118449333333	-0,131017530864
5,35	-0,00464485825545	-0,112656444444	0,359260740741
5,4	-0,0104072582555	-0,0804906666667	0,78847654321
5,45	-0,0137000582555	-0,0257631111111	1,02552765432
5,5	-0,0131512582555	0,0336902222222	0,994107160494
5,55	-0,00985845825545	0,0829297777778	0,733765925926
5,6	-0,00409605825545	0,113113777778	0,318439506173
5,65	0,00248954174455	0,117687111111	-0,166249135802
5,7	0,00880074174455	0,0951253333333	-0,615536790123
5,75	0,0129167417445	0,0503066666667	-0,923643950617
5,8	0,0142887417445	-0,00579288888889	-1,02171654321
5,85	0,0123679417445	-0,0618924444444	-0,879096296296
5,9	0,00742874174455	-0,102442666667	-0,527627160494
5,95	0,00111754174455	-0,118906666667	-0,0656358024691
6	-0,00546805825545	-0,10976	0,414225432099
6,05	-0,0109560582555	-0,0743928888889	0,811597283951
6,1	-0,0137000582555	-0,02058	1,01832888889
6,15	-0,0131512582555	0,0375013333333	0,983097283951
6,2	-0,00958405825545	0,0865884444444	0,725804938272
6,25	-0,00382165825545	0,117992	0,284562962963
6,3	0,00358714174455	0,118144444444	-0,229174814815
6,35	0,00907514174455	0,0914666666667	-0,667198518519
6,4	0,0134655417445	0,0457333333333	-0,959637777778
6,45	0,0142887417445	-0,01372	-1,02705209877
6,5	0,0118191417445	-0,0675328888889	-0,84505037037
6,55	0,00687994174455	-0,105644	-0,477659259259
6,6	0,000294341744545	-0,119821333333	-0,000423456790124
6,65	-0,00629125825545	-0,105644	0,475626666667
6,7	-0,0112304582555	-0,0676853333333	0,841832098765
6,75	-0,0137000582555	-0,0140248888889	1,02230938272
6,8	-0,0128768582555	0,0445137777778	0,963702962963
6,85	-0,00876085825545	0,0920764444444	0,673719753086
6,9	-0,00272405825545	0,117382222222	0,238999012346
6,95	0,00386154174455	0,118906666667	-0,263390123457
7	0,0104471417445	0,0903995555556	-0,733088395062
7,05	0,0140143417445	0,037044	-1,00731901235
7,1	0,0142887417445	-0,0216471111111	-1,01959925926
7,15	0,0115447417445	-0,0736306666667	-0,80863308642
7,2	0,00633114174455	-0,10976	-0,419052839506
7,25	-0,000528858255455	-0,119821333333	0,0690234567901
7,3	-0,00684005825545	-0,101528	0,530845432099
7,35	-0,0115048582555	-0,0618924444444	0,873421975309
7,4	-0,0137000582555	-0,00670755555556	1,02654395062
7,45	-0,0123280582555	0,0513737777778	0,928810123457
7,5	-0,00793765825545	0,0954302222222	0,608930864198
7,55	-0,00190085825545	0,117687111111	0,152867901235
7,6	0,00495914174455	0,112351555556	-0,341136790123
7,65	0,0104471417445	0,0801857777778	-0,751127654321
7,7	0,0137399417445	0,0297266666667	-0,979624938272
7,75	0,0137399417445	-0,0280497777778	-0,96726
7,8	0,0104471417445	-0,0757648888889	-0,740202469136
7,85	0,00550794174455	-0,107168444444	-0,373827654321
7,9	-0,00107765825545	-0,117229777778	0,0885871604938
7,95	-0,00738885825545	-0,0992413333333	0,560910864198
8	-0,0120536582555	-0,0564044444444	0,915005432099
8,05	-0,0137000582555	0,00198177777778	1,03984049383
8,1	-0,0117792582555	0,058996	0,896034567901
8,15	-0,00711445825545	0,100156	0,541770617284
8,2	-0,000803258255455	0,117687111111	0,0731733333333
8,25	0,00578234174455	0,107778222222	-0,403215555556
8,3	0,0109959417445	0,0731733333333	-0,779668641975
8,35	0,0137399417445	0,0225617777778	-0,97970962963
8,4	0,0134655417445	-0,0333853333333	-0,965312098765
8,45	0,0101727417445	-0,0830822222222	-0,727668148148
8,5	0,00441034174455	-0,114180888889	-0,303025679012
8,55	-0,00244965825545	-0,116924888889	0,202751111111
8,6	-0,00848645825545	-0,0910093333333	0,645856296296
8,65	-0,0123280582555	-0,0454284444444	0,926269382716
8,7	-0,0134256582555	0,0100613333333	0,997748888889
8,75	-0,0112304582555	0,0632644444444	0,847591111111
8,8	-0,00656565825545	0,1029	0,501542222222
8,85	1,99417445452E-005	0,119059111111	0,0260002469136
8,9	0,00660554174455	0,105644	-0,454623209877
8,95	0,0115447417445	0,0684475555556	-0,818457283951
9	0,0140143417445	0,0166164444444	-1,00291506173
9,05	0,0134655417445	-0,0407026666667	-0,96598962963
9,1	0,00962394174455	-0,0897897777778	-0,695654814815
9,15	0,00358714174455	-0,117534666667	-0,252295555556
9,2	-0,00327285825545	-0,117534666667	0,253057777778
9,25	-0,00930965825545	-0,0897897777778	0,699127160494
9,3	-0,0131512582555	-0,0405502222222	0,976406666667
9,35	-0,0137000582555	0,0173786666667	1,02366444444
9,4	-0,0112304582555	0,0710391111111	0,841239259259
9,45	-0,00601685825545	0,10976	0,459111851852
9,5	0,000843141744545	0,122108	-0,0418375308642
9,55	0,00742874174455	0,105034222222	-0,530252592593
9,6	0,0123679417445	0,0632644444444	-0,883161481481
9,65	0,0142887417445	0,00792711111111	-1,02434197531
9,7	0,0131911417445	-0,0483248888889	-0,938126172839
9,75	0,00907514174455	-0,094668	-0,63882691358
9,8	0,00276394174455	-0,118296888889	-0,191825925926
9,85	-0,00382165825545	-0,115552888889	0,299045185185
9,9	-0,00985845825545	-0,086436	0,735629135802
9,95	-0,0134256582555	-0,0350622222222	1,00223753086
10	-0,0137000582555	0,0243911111111	1,01917580247
10,05	-0,0106816582555	0,0769844444444	0,793642716049
10,1	-0,00519365825545	0,110674666667	0,393560740741
10,15	0,00139194174455	0,119211555556	-0,0837597530864
10,2	0,00770314174455	0,102747555556	-0,560063950617
10,25	0,0129167417445	0,0582337777778	-0,912718765432
10,3	0,0140143417445	0,00121955555556	-1,02925407407
10,35	0,0129167417445	-0,0539653333333	-0,915090123457
10,4	0,00825194174455	-0,0989364444444	-0,589367160494
10,45	0,00194074174455	-0,118601777778	-0,126867654321
10,5	-0,00464485825545	-0,112504	0,359938271605
10,55	-0,0104072582555	-0,0797284444444	0,772978024691
10,6	-0,0134256582555	-0,0277448888889	1,0052017284
10,65	-0,0134256582555	0,0304888888889	1,00189876543
10,7	-0,0101328582555	0,08232	0,759596790123
10,75	-0,00437045825545	0,114333333333	0,330635061728
10,8	0,00248954174455	0,118144444444	-0,167688888889
10,85	0,00852634174455	0,0952777777778	-0,614351111111
10,9	0,0129167417445	0,0506115555556	-0,913819753086
10,95	0,0140143417445	-0,00472577777778	-1,00401604938
11	0,0123679417445	-0,0585386666667	-0,876132098765
11,05	0,00770314174455	-0,100460888889	-0,548969382716
11,1	0,00139194174455	-0,119516444444	-0,0812190123457
11,15	-0,00546805825545	-0,10976	0,412785679012
11,2	-0,0106816582555	-0,0736306666667	0,802365925926
11,25	-0,0134256582555	-0,021952	1,0074037037
11,3	-0,0131512582555	0,0359768888889	0,989195061728
11,35	-0,00958405825545	0,0870457777778	0,730462962963
11,4	-0,00354725825545	0,116924888889	0,286510864198
11,45	0,00331274174455	0,118144444444	-0,221044444444
11,5	0,00934954174455	0,0923813333333	-0,671179012346
11,55	0,0134655417445	0,0446662222222	-0,963618271605
11,6	0,0142887417445	-0,0138724444444	-1,02171654321
11,65	0,0118191417445	-0,0673804444444	-0,841493333333
11,7	0,00687994174455	-0,104729333333	-0,48621308642
11,75	0,000568741744545	-0,121193333333	-0,010332345679
11,8	-0,00656565825545	-0,107016	0,486128395062
11,85	-0,0112304582555	-0,0667706666667	0,852672592593
11,9	-0,0137000582555	-0,01372	1,02324098765
11,95	-0,0128768582555	0,0448186666667	0,963194814815
12	-0,00876085825545	0,0923813333333	0,670416790123
12,05	-0,00272405825545	0,118144444444	0,223500493827
12,1	0,00413594174455	0,117077333333	-0,279650864198
12,15	0,0101727417445	0,0876555555556	-0,720130617284
12,2	0,0137399417445	0,0378062222222	-0,987247160494
12,25	0,0142887417445	-0,0204275555556	-1,0263745679
12,3	0,0115447417445	-0,0746977777778	-0,825994814815
12,35	0,00605674174455	-0,110827111111	-0,434890123457
12,4	-0,000528858255455	-0,122412888889	0,0594533333333
12,45	-0,00738885825545	-0,104881777778	0,550663209877
12,5	-0,0120536582555	-0,0621973333333	0,914666666667
12,55	-0,0142488582555	-0,00442088888889	1,06025111111
12,6	-0,0126024582555	0,0553373333333	0,937025185185
12,65	-0,00793765825545	0,0981742222222	0,597582222222
12,7	-0,00190085825545	0,119059111111	0,148294567901
12,75	0,00495914174455	0,114638222222	-0,337579753086
12,8	0,0107215417445	0,0827773333333	-0,75587037037
12,85	0,0140143417445	0,0320133333333	-1,00325382716
12,9	0,0142887417445	-0,0272875555556	-1,01612691358
12,95	0,0109959417445	-0,0797284444444	-0,786952098765
13	0,00550794174455	-0,113113777778	-0,381619259259
13,05	-0,00135205825545	-0,121040888889	0,106118271605
13,1	-0,00766325825545	-0,102137777778	0,580474567901
13,15	-0,0126024582555	-0,0585386666667	0,937194567901
13,2	-0,0142488582555	0,001372	1,06363876543
13,25	-0,0123280582555	0,0591484444444	0,924914320988
13,3	-0,00766325825545	0,101680444444	0,585217283951
13,35	-0,00135205825545	0,122870222222	0,114672098765
13,4	0,00578234174455	0,115705333333	-0,403723703704
13,45	0,0115447417445	0,0783564444444	-0,823538765432
13,5	0,0142887417445	0,0239337777778	-1,02789901235
13,55	0,0140143417445	-0,0336902222222	-1,0005437037
13,6	0,0107215417445	-0,085064	-0,750958271605
13,65	0,00468474174455	-0,11662	-0,318947654321
13,7	-0,00217525825545	-0,119364	0,17836
13,75	-0,00821205825545	-0,0971071111111	0,63840345679
13,8	-0,0128768582555	-0,0512213333333	0,985722716049
13,85	-0,0139744582555	0,0102137777778	1,11724839506
13,9	-0,0117792582555	0,0702768888889	0,996309135802
13,95	-0,00684005825545	0,122870222222	0,58225308642
14	0,00221514174455	0,138267111111	-0,0341306172839
14,05	0,00880074174455	0,113876	-0,557692592593
14,1	0,0140143417445	0,0739355555556	-0,901200740741
14,15	0,0167583417445	0,0187506666667	-1,08997777778
14,2	0,0162095417445	-0,0422271111111	-1,07702
14,25	0,0126423417445	-0,101680444444	-0,779329876543
14,3	0,00468474174455	-0,131559555556	-0,237813333333
14,35	-0,00217525825545	-0,124394666667	0,305905185185
14,4	-0,00848645825545	-0,0954302222222	0,73274962963
14,45	-0,0126024582555	-0,045276	1,00189876543
14,5	-0,0134256582555	0,0140248888889	1,04585358025
14,55	-0,0109560582555	0,0684475555556	0,865376296296
14,6	-0,00601685825545	0,108235555556	0,49392
14,65	0,000843141744545	0,123632444444	-0,00796098765432
14,7	0,00770314174455	0,107625777778	-0,512043950617
14,75	0,0126423417445	0,0663133333333	-0,878249382716
14,8	0,0148375417445	0,0115857777778	-1,04212716049
14,85	0,0140143417445	-0,0474102222222	-0,970139506173
14,9	0,00962394174455	-0,0951253333333	-0,664657777778
14,95	0,00358714174455	-0,120431111111	-0,20063382716
15	-0,00354725825545	-0,117992	0,32326691358
15,05	-0,00958405825545	-0,0841493333333	0,756378518518
15,1	-0,0126024582555	-0,0335377777778	0,987585925926
15,15	-0,0131512582555	0,0231715555556	1,00367728395
15,2	-0,0101328582555	0,07546	0,803382222222
15,25	-0,00491925825545	0,110979555556	0,421424197531
15,3	0,00194074174455	0,122260444444	-0,0695316049383
15,35	0,00852634174455	0,104272	-0,559894567901
15,4	0,0134655417445	0,0605204444444	-0,914666666667
15,45	0,0151119417445	0,00320133333333	-1,04238123457
15,5	0,0137399417445	-0,0533555555556	-0,932875308642
15,55	0,00934954174455	-0,0989364444444	-0,609608395062
15,6	0,00276394174455	-0,119516444444	-0,154477037037
15,65	-0,00354725825545	-0,115552888889	0,334022716049
15,7	-0,00985845825545	-0,085064	0,780430864198
15,75	-0,0131512582555	-0,030184	1,04686987654
15,8	-0,0131512582555	0,031556	1,0384854321
15,85	-0,00958405825545	0,0843017777778	0,775434074074
15,9	-0,00382165825545	0,115705333333	0,344355061728
15,95	0,00303834174455	0,121040888889	-0,149395555556
16	0,00934954174455	0,0996986666667	-0,612403209877
16,05	0,0140143417445	0,0545751111111	-0,943038271605
16,1	0,0153863417445	-0,004116	-1,04847901235
16,15	0,0134655417445	-0,060368	-0,910686172839
16,2	0,00880074174455	-0,103204888889	-0,572598271605
16,25	0,00221514174455	-0,123022666667	-0,102645925926
16,3	-0,00464485825545	-0,114943111111	0,39957382716
16,35	-0,0104072582555	-0,0797284444444	0,818287901235
16,4	-0,0134256582555	-0,0251533333333	1,04543012346
16,45	-0,0131512582555	0,0350622222222	1,02620518519
16,5	-0,00958405825545	0,0873506666667	0,766795555556
16,55	-0,00354725825545	0,118754222222	0,332328888889
16,6	0,00331274174455	0,124242222222	-0,187506666667
16,65	0,0101727417445	0,0990888888889	-0,677446172839
16,7	0,0142887417445	0,0489346666667	-0,991989876543
16,75	0,0153863417445	-0,0102137777778	-1,06558666667
16,8	0,0131911417445	-0,0673804444444	-0,897559012346
16,85	0,00797754174455	-0,108235555556	-0,526610864198
16,9	0,00139194174455	-0,125004444444	-0,0363325925926
16,95	-0,00574245825545	-0,112504	0,46732691358
17	-0,0109560582555	-0,0734782222222	0,85792345679
17,05	-0,0137000582555	-0,0189031111111	1,05584716049
17,1	-0,0131512582555	0,0420746666667	1,01087604938
17,15	-0,00903525825545	0,0923813333333	0,723094814815
17,2	-0,00299845825545	0,120888444444	0,273383703704
17,25	0,00413594174455	0,122412888889	-0,242556049383
17,3	0,0104471417445	0,0948204444444	-0,710052345679
17,35	0,0145631417445	0,0446662222222	-1,01350148148
17,4	0,0153863417445	-0,0167688888889	-1,0727854321
17,45	0,0126423417445	-0,0730208888889	-0,878672839506
17,5	0,00742874174455	-0,112808888889	-0,483502962963
17,55	0,000294341744545	-0,126528888889	0,0314204938272
17,6	-0,00656565825545	-0,108845333333	0,530421975309
17,65	-0,0115048582555	-0,0678377777778	0,897135555556
17,7	-0,0139744582555	-0,0114333333333	1,06888962963
17,75	-0,0128768582555	0,049392	0,990804197531
17,8	-0,00848645825545	0,0975644444444	0,676853333333
17,85	-0,00217525825545	0,123175111111	0,209441728395
17,9	0,00495914174455	0,120583555556	-0,310224444444
17,95	0,0109959417445	0,0903995555556	-0,775264691358
18	0,0151119417445	0,0353671111111	-1,05423802469
18,05	0,0148375417445	-0,02744	-1,04974938272
18,1	0,0118191417445	-0,0791186666667	-0,808463703704
18,15	0,00633114174455	-0,114790666667	-0,399997283951
18,2	-0,000803258255455	-0,123022666667	0,100020493827
18,25	-0,00711445825545	-0,103509777778	0,571581975309
18,3	-0,0120536582555	-0,0612826666667	0,9261
18,35	-0,0139744582555	-0,00243911111111	1,07168444444
18,4	-0,0123280582555	0,0570142222222	0,954895061728
18,45	-0,00766325825545	0,102442666667	0,611302222222
18,5	-0,00107765825545	0,12348	0,132203209877
18,55	0,00578234174455	0,117077333333	-0,379756049383
18,6	0,0118191417445	0,08232	-0,810072839506
18,65	0,0148375417445	0,0278973333333	-1,04551481481
18,7	0,0148375417445	-0,0324706666667	-1,0348437037
18,75	0,0112703417445	-0,0852164444444	-0,788307160494
18,8	0,00550794174455	-0,118449333333	-0,363664691358
18,85	-0,00162645825545	-0,125309333333	0,150581234568
18,9	-0,00821205825545	-0,103204888889	0,649752098765
18,95	-0,0131512582555	-0,0536604444444	0,991989876543
19	-0,0139744582555	0,00670755555556	1,08498098765
19,05	-0,0123280582555	0,0640266666667	0,947272839506
19,1	-0,00711445825545	0,109912444444	0,594872098765
19,15	-0,000254458255455	0,129120444444	0,0986654320988
19,2	0,00660554174455	0,124699555556	-0,481978518519
19,25	0,0142887417445	0,0772893333333	-0,962856049383
19,3	0,0151119417445	0,0114333333333	-1,09480518519
19,35	0,0145631417445	-0,0416173333333	-0,987077777778
19,4	0,0109959417445	-0,0916191111111	-0,730378271605
19,45	0,00468474174455	-0,122412888889	-0,299638024691
19,5	-0,00244965825545	-0,125461777778	0,214777283951
19,55	-0,00903525825545	-0,0995462222222	0,694469135802
19,6	-0,0134256582555	-0,0495444444444	1,01663506173
19,65	-0,0145232582555	0,0129577777778	1,08659012346
19,7	-0,0117792582555	0,0690573333333	0,910178024691
19,75	-0,00711445825545	0,111436888889	0,540839012346
19,8	0,000294341744545	0,130035111111	0,0191402469136
19,85	0,00742874174455	0,113723555556	-0,509164444444
19,9	0,0126423417445	0,0728684444444	-0,897304938272
19,95	0,0153863417445	0,0153968888889	-1,07634246914
20	0,0142887417445	-0,0448186666667	-1,00901283951
20,05	0,0104471417445	-0,0942106666667	-0,723094814815
20,1	0,00413594174455	-0,124394666667	-0,263728888889
20,15	-0,00327285825545	-0,124242222222	0,274738765432
20,2	-0,00958405825545	-0,0936008888889	0,739270864198
20,25	-0,0134256582555	-0,0426844444444	1,02366444444
20,3	-0,0142488582555	0,0179884444444	1,07837506173
20,35	-0,0115048582555	0,0753075555556	0,88366962963
20,4	-0,00601685825545	0,115248	0,476050123457
20,45	0,00111754174455	0,128358222222	-0,0545412345679
20,5	0,00825194174455	0,108540444444	-0,559301728395
20,55	0,0129167417445	0,0650937777778	-0,902979259259
20,6	0,0151119417445	0,0108235555556	-1,05660938272
20,65	0,0142887417445	-0,0487822222222	-0,995885679012
20,7	0,00989834174455	-0,0992413333333	-0,690488641975
20,75	0,00331274174455	-0,125309333333	-0,209357037037
20,8	-0,00382165825545	-0,122260444444	0,324367901235
20,85	-0,0101328582555	-0,0897897777778	0,782802222222
20,9	-0,0137000582555	-0,0358244444444	1,04754740741
20,95	-0,0139744582555	0,0251533333333	1,06550197531
21	-0,0109560582555	0,0804906666667	0,841832098765
21,05	-0,00519365825545	0,117534666667	0,420831358025
21,1	0,00194074174455	0,126833777778	-0,0968869135802
21,15	0,00880074174455	0,106101333333	-0,581406172839
21,2	0,0134655417445	0,06174	-0,914666666667
21,25	0,0151119417445	0,00990888888889	-1,09717654321
21,3	0,0153863417445	-0,0573191111111	-1,04068740741
21,35	0,00880074174455	-0,110674666667	-0,637725925926
21,4	0,00248954174455	-0,126224	-0,0991735802469
21,45	-0,00464485825545	-0,117992	0,407958271605
21,5	-0,0104072582555	-0,08232	0,826502962963
21,55	-0,0137000582555	-0,0277448888889	1,0548308642
21,6	-0,0134256582555	0,0330804444444	1,04238123457
21,65	-0,0101328582555	0,0868933333333	0,781108395062
21,7	-0,00382165825545	0,119211555556	0,330380987654
21,75	0,00303834174455	0,121955555556	-0,178698765432
21,8	0,00934954174455	0,0993937777778	-0,641282962963
21,85	0,0140143417445	0,0524408888889	-0,966159012346
21,9	0,0151119417445	-0,00686	-1,06084395062
21,95	0,0131911417445	-0,0635693333333	-0,912210617284
22	0,00825194174455	-0,107016	-0,547275555556
22,05	0,00139194174455	-0,124242222222	-0,0455639506173
22,1	-0,00546805825545	-0,111132	0,452167160494
22,15	-0,0106816582555	-0,0737831111111	0,83175382716
22,2	-0,0134256582555	-0,0211897777778	1,03755382716
22,25	-0,0131512582555	0,0387208888889	1,02137777778
22,3	-0,00930965825545	0,0917715555556	0,751466419753
22,35	-0,00299845825545	0,122108	0,289305679012
22,4	0,00413594174455	0,123022666667	-0,234595061728
22,45	0,0104471417445	0,0957351111111	-0,69328345679
22,5	0,0145631417445	0,0472577777778	-0,992836790123
22,55	0,0156607417445	-0,0126528888889	-1,06821209877
22,6	0,0131911417445	-0,069972	-0,891715308642
22,65	0,00797754174455	-0,110522222222	-0,504929876543
22,7	0,00111754174455	-0,125919111111	0,00762222222222
22,75	-0,00601685825545	-0,108997777778	0,507047160494
22,8	-0,0106816582555	-0,0690573333333	0,869018024691
22,85	-0,0134256582555	-0,0153968888889	1,05516962963
22,9	-0,0126024582555	0,0455808888889	1,01146888889
22,95	-0,00848645825545	0,0968022222222	0,713270617284
23	-0,00190085825545	0,124242222222	0,246282469136
23,05	0,00523354174455	0,121955555556	-0,248145679012
23,1	0,0112703417445	0,0948204444444	-0,655849876543
23,15	0,0151119417445	0,0538128888889	-0,980217777778
23,2	0,0175815417445	-0,00731733333333	-1,16484493827
23,25	0,0148375417445	-0,0757648888889	-1,04178839506
23,3	0,00934954174455	-0,127748444444	-0,567347407407
23,35	0,000294341744545	-0,140858666667	0,0929911111111
23,4	-0,00656565825545	-0,112504	0,649413333333
23,45	-0,0115048582555	-0,0660084444444	0,984791111111
23,5	-0,0137000582555	-0,00640266666667	1,11089654321
23,55	-0,0123280582555	0,0554897777778	0,98656962963
23,6	-0,00738885825545	0,100918222222	0,656019259259
23,65	-0,00135205825545	0,125004444444	0,21223654321
23,7	0,00605674174455	0,124394666667	-0,293794320988
23,75	0,0120935417445	0,0968022222222	-0,800418024691
23,8	0,0170327417445	0,0403977777778	-1,17585481481
23,85	0,0173071417445	-0,0379586666667	-1,17864962963
23,9	0,0120935417445	-0,0949728888889	-0,804483209877
23,95	0,00633114174455	-0,120583555556	-0,327924938272
24	-0,000528858255455	-0,126681333333	0,153376049383
24,05	-0,00738885825545	-0,106406222222	0,634931111111
24,1	-0,0123280582555	-0,0591484444444	0,998765185185
24,15	-0,0139744582555	0,00304888888889	1,12681851852
24,2	-0,0123280582555	0,0692097777778	0,916529876543
24,25	-0,00546805825545	0,104424444444	0,482063209877
24,3	-0,000803258255455	0,113876	0,0707172839506
24,35	0,00605674174455	0,111894222222	-0,340882716049
24,4	0,0118191417445	0,0800333333333	-0,726059012346
24,45	0,0148375417445	0,0306413333333	-0,937363950617
24,5	0,0145631417445	-0,0184457777778	-1,01079135802
24,55	0,0134655417445	-0,0742404444444	-0,933891604938
24,6	0,00742874174455	-0,128663111111	-0,506623703704
24,65	-0,00162645825545	-0,137504888889	0,169552098765
24,7	-0,00821205825545	-0,104576888889	0,725635555556
24,75	-0,0126024582555	-0,053508	1,0342508642
24,8	-0,0139744582555	0,00777466666667	1,10615382716
24,85	-0,0117792582555	0,0666182222222	0,944986172839
24,9	-0,00656565825545	0,109455111111	0,601393333333
24,95	1,99417445452E-005	0,13034	0,148379259259
25	0,00715434174455	0,129730222222	-0,405417530864
25,05	0,0148375417445	0,0896373333333	-0,925845925926
25,1	0,0173071417445	0,023324	-1,15442790123
25,15	0,0167583417445	-0,038416	-1,09090938272
25,2	0,0131911417445	-0,0931435555556	-0,819304197531
25,25	0,00660554174455	-0,126528888889	-0,381195802469
25,3	-0,000254458255455	-0,1372	0,180731358025
25,35	-0,00876085825545	-0,110522222222	0,76018962963
25,4	-0,0128768582555	-0,0500017777778	1,09793876543
25,45	-0,0137000582555	0,0134151111111	1,11877283951
25,5	-0,0112304582555	0,0705817777778	0,90594345679
25,55	-0,00601685825545	0,110979555556	0,510604197531
25,6	0,000843141744545	0,126833777778	-0,00262543209877
25,65	0,00797754174455	0,111589333333	-0,528135308642
25,7	0,0131911417445	0,0682951111111	-0,920256296296
25,75	0,0153863417445	0,0100613333333	-1,08642074074
25,8	0,0142887417445	-0,0504591111111	-1,00308444444
25,85	0,00989834174455	-0,0998511111111	-0,68684691358
25,9	0,00331274174455	-0,125614222222	-0,213337530864
25,95	-0,00382165825545	-0,123022666667	0,30742962963
26	-0,0101328582555	-0,0923813333333	0,766372098765
26,05	-0,0139744582555	-0,0396355555556	1,05931950617
26,1	-0,0145232582555	0,0231715555556	1,11902691358
26,15	-0,0115048582555	0,0827773333333	0,920764444444
26,2	-0,00546805825545	0,123784888889	0,500187160494
26,25	0,00166634174455	0,141011111111	-0,0974797530864
26,3	0,0104471417445	0,117534666667	-0,736899506173
26,35	0,0153863417445	0,053508	-1,09133283951
26,4	0,0153863417445	-0,008232	-1,08879209877
26,45	0,0140143417445	-0,0600631111111	-0,920679753086
26,5	0,00934954174455	-0,105491555556	-0,604018765432
26,55	0,00248954174455	-0,127596	-0,137454074074
26,6	-0,00464485825545	-0,121040888889	0,371371604938
26,65	-0,0106816582555	-0,0875031111111	0,809649382716
26,7	-0,0142488582555	-0,0333853333333	1,07676592593
26,75	-0,0145232582555	0,0312511111111	1,08176271605
26,8	-0,0106816582555	0,086436	0,814730864198
26,85	-0,00491925825545	0,119364	0,375352098765
26,9	0,00221514174455	0,127138666667	-0,143551851852
26,95	0,00907514174455	0,104424444444	-0,638911604938
27	0,0137399417445	0,0564044444444	-0,974712839506
27,05	0,0151119417445	-0,00259155555556	-1,08184740741
27,1	0,0134655417445	-0,0611302222222	-0,953285925926
27,15	0,00852634174455	-0,107168444444	-0,602324938272
27,2	0,00166634174455	-0,127596	-0,104847901235
27,25	-0,00546805825545	-0,118296888889	0,412531604938
27,3	-0,0112304582555	-0,0824724444444	0,83649654321
27,35	-0,0145232582555	-0,0271351111111	1,07397111111
27,4	-0,0142488582555	0,0352146666667	1,06160617284
27,45	-0,0106816582555	0,0896373333333	0,796014074074
27,5	-0,00437045825545	0,122565333333	0,342068395062
27,55	0,00276394174455	0,126528888889	-0,183780246914
27,6	0,00934954174455	0,103204888889	-0,67786962963
27,65	0,0142887417445	0,0525933333333	-1,01875234568
27,7	0,0151119417445	-0,0102137777778	-1,0949745679
27,75	0,0129167417445	-0,0667706666667	-0,92567654321
27,8	0,00797754174455	-0,110522222222	-0,557861975309
27,85	0,000843141744545	-0,128968	-0,0452251851852
27,9	-0,00629125825545	-0,115552888889	0,478760246914
27,95	-0,0117792582555	-0,0757648888889	0,881298271605
28	-0,0145232582555	-0,0193604444444	1,08472691358
28,05	-0,0139744582555	0,0426844444444	1,04314345679
28,1	-0,00985845825545	0,0951253333333	0,758326419753
28,15	-0,00354725825545	0,125461777778	0,306752098765
28,2	0,00386154174455	0,128053333333	-0,205545925926
28,25	0,0104471417445	0,101985333333	-0,667029135802
28,3	0,0145631417445	0,0585386666667	-1,03763851852
28,35	0,0173071417445	-0,00625022222222	-1,24775777778
28,4	0,0148375417445	-0,0847591111111	-1,05449209877
28,45	0,00715434174455	-0,129730222222	-0,478844938272
28,5	1,99417445452E-005	-0,133084	0,142450864198
28,55	-0,00711445825545	-0,109912444444	0,646618518519
28,6	-0,0123280582555	-0,0574715555556	0,912972839506
28,65	-0,0123280582555	-0,0100613333333	0,974204691358
28,7	-0,0134256582555	0,0396355555556	0,971240493827
28,75	-0,00903525825545	0,0968022222222	0,742489135802
28,8	-0,00244965825545	0,126376444444	0,258223950617
28,85	0,00495914174455	0,125004444444	-0,293963703704
28,9	0,0112703417445	0,0931435555556	-0,766964938272
28,95	0,0151119417445	0,0403977777778	-1,04881777778
29	0,0156607417445	-0,0211897777778	-1,09353481481
29,05	0,0129167417445	-0,079576	-0,882060493827
29,1	0,00687994174455	-0,118754222222	-0,451997777778
29,15	-0,000254458255455	-0,127900888889	0,0674990123457
29,2	-0,00684005825545	-0,111589333333	0,57751037037
29,25	-0,0126024582555	-0,0670755555556	0,990634814815
29,3	-0,0145232582555	-0,00167688888889	1,15019333333
29,35	-0,0126024582555	0,0612826666667	1,00587925926
29,4	-0,00766325825545	0,107625777778	0,645856296296
29,45	-0,000803258255455	0,129577777778	0,176750864198
29,5	0,00633114174455	0,125309333333	-0,315475308642
29,55	0,0123679417445	0,0998511111111	-0,817271604938
29,6	0,0178559417445	0,0416173333333	-1,21870864198
29,65	0,0178559417445	-0,0410075555556	-1,21693012346
29,7	0,0123679417445	-0,0984791111111	-0,818965432099
29,75	0,00660554174455	-0,125004444444	-0,317169135802
29,8	-0,000803258255455	-0,129730222222	0,193689135802
29,85	-0,00766325825545	-0,104272	0,656358024691
29,9	-0,0120536582555	-0,0582337777778	0,97539037037
29,95	-0,0139744582555	0,000304888888889	1,10937209877
30	-0,0123280582555	0,0635693333333	0,984367654321
30,05	-0,00684005825545	0,109607555556	0,608676790123
30,1	-0,000254458255455	0,129272888889	0,105101975309
30,15	0,00715434174455	0,121345777778	-0,426929135802
30,2	0,0131911417445	0,0829297777778	-0,865799753086
30,25	0,0162095417445	0,0257631111111	-1,09277259259
30,3	0,0159351417445	-0,0362817777778	-1,07388641975
30,35	0,0123679417445	-0,091924	-0,804906666667
30,4	0,00578234174455	-0,125004444444	-0,340798024691
30,45	-0,00135205825545	-0,128663111111	0,19292691358
30,5	-0,00821205825545	-0,104119555556	0,685745925926
30,55	-0,0128768582555	-0,053508	1,01832888889
30,6	-0,0139744582555	0,00777466666667	1,10903333333
30,65	-0,0120536582555	0,0676853333333	0,947696296296
30,7	-0,00656565825545	0,111894222222	0,56252
30,75	0,000294341744545	0,128815555556	0,055049382716
30,8	0,00742874174455	0,117687111111	-0,462076049383
30,85	0,0131911417445	0,0791186666667	-0,88663382716
30,9	0,0162095417445	0,0204275555556	-1,10352839506
30,95	0,0153863417445	-0,0423795555556	-1,05516962963
31	0,0115447417445	-0,0951253333333	-0,761714074074
31,05	0,00495914174455	-0,125614222222	-0,293455555556
31,1	-0,00217525825545	-0,127443555556	0,245096790123
31,15	-0,00903525825545	-0,0992413333333	0,733511851852
31,2	-0,0131512582555	-0,0463431111111	1,03975580247
31,25	-0,0139744582555	0,015092	1,09793876543
31,3	-0,0115048582555	0,0731733333333	0,913142222222
31,35	-0,00601685825545	0,115095555556	0,516956049383
31,4	0,00111754174455	0,130187555556	-0,00558962962963
31,45	0,00825194174455	0,114790666667	-0,531946419753
31,5	0,0137399417445	0,0719537777778	-0,933637530864
31,55	0,0162095417445	0,0114333333333	-1,1008182716
31,6	0,0148375417445	-0,0492395555556	-1,00384666667
31,65	0,0107215417445	-0,0969546666667	-0,70014345679
31,7	0,00441034174455	-0,125309333333	-0,245181481481
31,75	-0,00299845825545	-0,124852	0,283207901235
31,8	-0,00930965825545	-0,0948204444444	0,75587037037
31,85	-0,0134256582555	-0,0420746666667	1,05500024691
31,9	-0,0139744582555	0,0214946666667	1,09692246914
31,95	-0,0109560582555	0,078204	0,880874814815
32	-0,00546805825545	0,117687111111	0,463854567901
32,05	0,00194074174455	0,129577777778	-0,0703785185185
32,1	0,00880074174455	0,110064888889	-0,58868962963
32,15	0,0140143417445	0,0647888888889	-0,965650864198
32,2	0,0159351417445	0,00365866666667	-1,10860987654
32,25	0,0142887417445	-0,056252	-1,00096716049
32,3	0,00989834174455	-0,105339111111	-0,672110617284
32,35	0,00276394174455	-0,13034	-0,178952839506
32,4	-0,00437045825545	-0,125309333333	0,362902469136
32,45	-0,0109560582555	-0,0913142222222	0,833871111111
32,5	-0,0145232582555	-0,0335377777778	1,10471407407
32,55	-0,0145232582555	0,0303364444444	1,10776296296
32,6	-0,0112304582555	0,0876555555556	0,854789876543
32,65	-0,00491925825545	0,124394666667	0,396694320988
32,7	0,00248954174455	0,130797333333	-0,147278271605
32,75	0,00934954174455	0,107778222222	-0,648481728395
32,8	0,0142887417445	0,0599106666667	-1,00028962963
32,85	0,0159351417445	-0,00198177777778	-1,11741777778
32,9	0,0140143417445	-0,0625022222222	-0,976999506173
32,95	0,00907514174455	-0,108388	-0,620618271605
33	0,00221514174455	-0,13034	-0,12305654321
33,05	-0,00519365825545	-0,122412888889	0,413124444444
33,1	-0,0112304582555	-0,0853688888889	0,860125432099
33,15	-0,0145232582555	-0,0286595555556	1,11504641975
33,2	-0,0145232582555	0,0371964444444	1,10403654321
33,25	-0,0104072582555	0,0934484444444	0,82404691358
33,3	-0,00409605825545	0,126071555556	0,379078518519
33,35	0,00331274174455	0,131559555556	-0,106880493827
33,4	0,00962394174455	0,117382222222	-0,626377283951
33,45	0,0164839417445	0,0701244444444	-1,11843407407
33,5	0,0181303417445	-0,00701244444444	-1,31669654321
33,55	0,0156607417445	-0,0818626666667	-1,07812098765
33,6	0,00852634174455	-0,127291111111	-0,545242962963
33,65	0,00139194174455	-0,136590222222	0,0330296296296
33,7	-0,00601685825545	-0,120583555556	0,540754320988
33,75	-0,0117792582555	-0,0780515555556	0,924152098766
33,8	-0,0145232582555	-0,0193604444444	1,09717654321
33,85	-0,0137000582555	0,0408551111111	1,04305876543
33,9	-0,0101328582555	0,0928386666667	0,78119308642
33,95	-0,00382165825545	0,127900888889	0,315644691358
34	0,00413594174455	0,129272888889	-0,253481234568
34,05	0,0104471417445	0,098784	-0,743081975309
34,1	0,0148375417445	0,0471053333333	-1,04619234568
34,15	0,0156607417445	-0,0161591111111	-1,09929382716
34,2	0,0129167417445	-0,0730208888889	-0,904164938272
34,25	0,00770314174455	-0,113876	-0,522376296296
34,3	0,000568741744545	-0,13034	-0,0179545679012
34,35	-0,00656565825545	-0,116924888889	0,508740987654
34,4	-0,0123280582555	-0,0750026666667	0,926862222222
34,45	-0,0147976582555	-0,015092	1,12639506173
34,5	-0,0139744582555	0,0483248888889	1,06448567901
34,55	-0,00958405825545	0,101985333333	0,745453333333
34,6	-0,00272405825545	0,130492444444	0,243064197531
34,65	0,00468474174455	0,128968	-0,32114962963
34,7	0,0115447417445	0,0951253333333	-0,806092345679
34,75	0,0151119417445	0,0391782222222	-1,07829037037
34,8	0,0156607417445	-0,0230191111111	-1,09810814815
34,85	0,0126423417445	-0,0803382222222	-0,875708641975
34,9	0,00687994174455	-0,119211555556	-0,449626419753
34,95	-0,000528858255455	-0,128968	0,0693622222222
35	-0,00711445825545	-0,110979555556	0,563620987654
35,05	-0,0126024582555	-0,0686	0,950829876543
35,1	-0,0147976582555	-0,00746977777778	1,12910518519
35,15	-0,0134256582555	0,0556422222222	1,03611407407
35,2	-0,00876085825545	0,106863555556	0,687693827161
35,25	-0,00162645825545	0,131712	0,166587901235
35,3	0,00578234174455	0,124089777778	-0,377045925926
35,35	0,0118191417445	0,0899422222222	-0,825232592593
35,4	0,0156607417445	0,0344524444444	-1,09243382716
35,45	0,0156607417445	-0,0298791111111	-1,10361308642
35,5	0,0123679417445	-0,0870457777778	-0,849962469136
35,55	0,00605674174455	-0,122870222222	-0,401182962963
35,6	-0,00107765825545	-0,130492444444	0,132796049383
35,65	-0,00821205825545	-0,108235555556	0,635778024691
35,7	-0,0128768582555	-0,0615875555556	1,00274567901
35,75	-0,0150720582555	0,00106711111111	1,14511185185
35,8	-0,0128768582555	0,0653986666667	0,997325432099
35,85	-0,00766325825545	0,110674666667	0,612233827161
35,9	-0,000803258255455	0,131102222222	0,106372345679
35,95	0,00660554174455	0,122412888889	-0,42404962963
36	0,0126423417445	0,085064	-0,861480493827
36,05	0,0159351417445	0,0278973333333	-1,09844691358
36,1	0,0156607417445	-0,0352146666667	-1,08244024691
36,15	0,0120935417445	-0,0903995555556	-0,820235802469
36,2	0,00578234174455	-0,125156888889	-0,365527901235
36,25	-0,00162645825545	-0,130644888889	0,179037530864
36,3	-0,00848645825545	-0,106253777778	0,692521234568
36,35	-0,0134256582555	-0,0547275555556	1,04195777778
36,4	-0,0145232582555	0,00990888888889	1,11741777778
36,45	-0,0120536582555	0,0676853333333	0,935161975309
36,5	-0,00711445825545	0,109912444444	0,575477777778
36,55	-0,000254458255455	0,130492444444	0,0863004938272
36,6	0,00715434174455	0,121345777778	-0,455300740741
36,65	0,0131911417445	0,0815577777778	-0,908230123457
36,7	0,0162095417445	0,0207324444444	-1,13333975309
36,75	0,0153863417445	-0,043904	-1,07287012346
36,8	0,0112703417445	-0,0961924444444	-0,770776049383
36,85	0,00495914174455	-0,127748444444	-0,299129876543
36,9	-0,00272405825545	-0,129577777778	0,250178271605
36,95	-0,00930965825545	-0,100308444444	0,740117777778
37	-0,0137000582555	-0,04802	1,05186666667
37,05	-0,0145232582555	0,0149395555556	1,11775654321
37,1	-0,0120536582555	0,0739355555556	0,930080493827
37,15	-0,00656565825545	0,117839555556	0,512213333333
37,2	0,00111754174455	0,13034	-0,0279481481482
37,25	0,00770314174455	0,112656444444	-0,52694962963
37,3	0,0131911417445	0,0731733333333	-0,91068617284
37,35	0,0159351417445	0,0135675555556	-1,09404296296
37,4	0,0145631417445	-0,0472577777778	-1,01714320988
37,45	0,0107215417445	-0,0968022222222	-0,721993827161
37,5	0,00413594174455	-0,126681333333	-0,252888395062
37,55	-0,00327285825545	-0,125309333333	0,288458765432
37,6	-0,00958405825545	-0,0949728888889	0,762645679012
37,65	-0,0137000582555	-0,0419222222222	1,06177555556
37,7	-0,0142488582555	0,021952	1,10225802469
37,75	-0,0112304582555	0,079576	0,873591358025
37,8	-0,00546805825545	0,117534666667	0,443782716049
37,85	0,00166634174455	0,127748444444	-0,0813037037037
37,9	0,00852634174455	0,108235555556	-0,580559259259
37,95	0,0134655417445	0,064484	-0,949898271605
38	0,0156607417445	0,00457333333333	-1,10420592593
38,05	0,0140143417445	-0,0571666666667	-0,989279753087
38,1	0,00934954174455	-0,104576888889	-0,63196691358
38,15	0,00248954174455	-0,126528888889	-0,127968641975
38,2	-0,00464485825545	-0,117077333333	0,379756049383
38,25	-0,0101328582555	-0,0838444444444	0,78204
38,3	-0,0137000582555	-0,0332328888889	1,03255703704
38,35	-0,0139744582555	0,0282022222222	1,06143679012
38,4	-0,0106816582555	0,0843017777778	0,825147901235
38,45	-0,00464485825545	0,119516444444	0,381534567901
38,5	0,00248954174455	0,125614222222	-0,144737530864
38,55	0,00907514174455	0,103052444444	-0,627478271605
38,6	0,0137399417445	0,0571666666667	-0,96810691358
38,65	0,0153863417445	-0,002744	-1,08718296296
38,7	0,0134655417445	-0,0623497777778	-0,947018765432
38,75	0,00852634174455	-0,107016	-0,578357283951
38,8	0,00166634174455	-0,125461777778	-0,0799486419753
38,85	-0,00519365825545	-0,115248	0,427521975309
38,9	-0,0109560582555	-0,0783564444444	0,831415061728
38,95	-0,0137000582555	-0,0245435555556	1,0485637037
39	-0,0137000582555	0,0358244444444	1,03416617284
39,05	-0,00985845825545	0,0893324444444	0,770352592593
39,1	-0,00382165825545	0,120583555556	0,321403703704
39,15	0,00331274174455	0,124547111111	-0,203005185185
39,2	0,00989834174455	0,0981742222222	-0,677276790124
39,25	0,0140143417445	0,0500017777778	-0,987670617284
39,3	0,0153863417445	-0,00990888888889	-1,07126098765
39,35	0,0129167417445	-0,0673804444444	-0,90594345679
39,4	0,00797754174455	-0,108692888889	-0,538467654321
39,45	0,00111754174455	-0,126681333333	-0,0413293827161
39,5	-0,00601685825545	-0,113418666667	0,469698271605
39,55	-0,0112304582555	-0,0750026666667	0,868509876543
39,6	-0,0142488582555	-0,0189031111111	1,07532617284
39,65	-0,0134256582555	0,0435991111111	1,01824419753
39,7	-0,00930965825545	0,0931435555556	0,716319506173
39,75	-0,00327285825545	0,121803111111	0,25382
39,8	0,00413594174455	0,120583555556	-0,260510617284
39,85	0,00989834174455	0,0920764444444	-0,695146666667
39,9	0,0140143417445	0,0455808888889	-0,987755308642
39,95	0,0151119417445	-0,015092	-1,06846617284
40	0,0123679417445	-0,0724111111111	-0,886295061728
40,05	0,00715434174455	-0,112656444444	-0,489939506173
40,1	1,99417445452E-005	-0,126528888889	0,0281175308642
40,15	-0,00684005825545	-0,108845333333	0,52694962963
40,2	-0,0117792582555	-0,0679902222222	0,889598024691
40,25	-0,0142488582555	-0,0120431111111	1,05610123457
40,3	-0,0131512582555	0,0474102222222	0,983097283951
40,35	-0,00903525825545	0,0955826666667	0,68472962963
40,4	-0,00272405825545	0,122565333333	0,223415802469
40,45	0,00441034174455	0,120431111111	-0,296927901235
40,5	0,0104471417445	0,0907044444444	-0,757056049383
40,55	0,0145631417445	0,0365866666667	-1,0263745679
40,6	0,0142887417445	-0,023324	-1,03255703704
40,65	0,0118191417445	-0,0748502222222	-0,826079506173
40,7	0,00633114174455	-0,112808888889	-0,444036790124
40,75	-0,000528858255455	-0,124699555556	0,0590298765432
40,8	-0,00738885825545	-0,107016	0,560402716049
40,85	-0,0123280582555	-0,0629595555556	0,927285679012
40,9	-0,0142488582555	-0,00487822222222	1,06787333333
40,95	-0,0128768582555	0,0544226666667	0,95269308642
41	-0,00821205825545	0,0996986666667	0,612996049383
41,05	-0,00190085825545	0,120888444444	0,14278962963
41,1	0,00495914174455	0,115095555556	-0,355957777778
41,15	0,0107215417445	0,08232	-0,777890123457
41,2	0,0140143417445	0,0298791111111	-1,01832888889
41,25	0,0140143417445	-0,0297266666667	-1,0142637037
41,3	0,0107215417445	-0,0817102222222	-0,768658765432
41,35	0,00495914174455	-0,113266222222	-0,356381234568
41,4	-0,00162645825545	-0,119516444444	0,119330123457
41,45	-0,00793765825545	-0,101223111111	0,584539753086
41,5	-0,0128768582555	-0,0568617777778	0,937872098766
41,55	-0,0142488582555	0,00213422222222	1,06558666667
41,6	-0,0126024582555	0,060368	0,936940493827
41,65	-0,00766325825545	0,105034222222	0,582930617284
41,7	-0,00107765825545	0,124699555556	0,0853688888889
41,75	0,00605674174455	0,114485777778	-0,432349382716
41,8	0,0115447417445	0,0763746666667	-0,833871111111
41,85	0,0142887417445	0,0227142222222	-1,03509777778
41,9	0,0140143417445	-0,0359768888889	-1,01299333333
41,95	0,0104471417445	-0,0879604444444	-0,760020246914
42	0,00441034174455	-0,119973777778	-0,318693580247
42,05	-0,00272405825545	-0,123784888889	0,211897777778
42,1	-0,00930965825545	-0,0961924444445	0,685491851852
42,15	-0,0131512582555	-0,0478675555556	0,986400246914
42,2	-0,0145232582555	0,0111284444444	1,06872024691
42,25	-0,0120536582555	0,0693622222222	0,900438518519
42,3	-0,00684005825545	0,110217333333	0,516786666667
42,35	1,99417445452E-005	0,125614222222	0,0180392592593
42,4	0,00687994174455	0,112351555556	-0,48790691358
42,45	0,0123679417445	0,0724111111111	-0,884177777778
42,5	0,0148375417445	0,0152444444444	-1,07151506173
42,55	0,0140143417445	-0,0451235555556	-1,00757308642
42,6	0,00989834174455	-0,0951253333333	-0,709036049383
42,65	0,00358714174455	-0,122870222222	-0,243826419753
42,7	-0,00354725825545	-0,122108	0,280667160494
42,75	-0,00985845825545	-0,0920764444444	0,736560740741
42,8	-0,0137000582555	-0,0399404444444	0,998765185185
42,85	-0,0139744582555	0,0173786666667	1,03077851852
42,9	-0,0117792582555	0,0704293333333	0,865715061728
42,95	-0,00656565825545	0,112199111111	0,500441234568
43	0,000568741744545	0,127138666667	-0,0121955555556
43,05	0,00742874174455	0,111589333333	-0,536096296296
43,1	0,0129167417445	0,0678377777778	-0,92694691358
43,15	0,0148375417445	0,00868933333333	-1,07879851852
43,2	0,0137399417445	-0,0503066666667	-0,97970962963
43,25	0,00934954174455	-0,0978693333333	-0,665928148148
43,3	0,00303834174455	-0,123022666667	-0,202581728395
43,35	-0,00409605825545	-0,120278666667	0,311918271605
43,4	-0,0101328582555	-0,0894848888889	0,764508888889
43,45	-0,0139744582555	-0,0367391111111	1,04161901235
43,5	-0,0142488582555	0,0259155555556	1,05559308642
43,55	-0,0109560582555	0,079576	0,814138024691
43,6	-0,00546805825545	0,113723555556	0,407196049383
43,65	0,00139194174455	0,123327555556	-0,0794404938272
43,7	0,00797754174455	0,105491555556	-0,555490617284
43,75	0,0129167417445	0,0637217777778	-0,924152098766
43,8	0,0151119417445	0,00457333333333	-1,08413407407
43,85	0,0134655417445	-0,0564044444444	-0,970562962963
43,9	0,00880074174455	-0,102290222222	-0,622227407407
43,95	0,00221514174455	-0,123632444444	-0,143128395062
44	-0,00464485825545	-0,117687111111	0,364088148148
44,05	-0,0106816582555	-0,0844542222222	0,797707901235
44,1	-0,0139744582555	-0,0303364444444	1,04771679012
44,15	-0,0139744582555	0,0304888888889	1,05169728395
44,2	-0,0106816582555	0,085064	0,806515802469
44,25	-0,00464485825545	0,119516444444	0,362055555556
44,3	0,00248954174455	0,124852	-0,167604197531
44,35	0,00907514174455	0,100460888889	-0,64526345679
44,4	0,0134655417445	0,0533555555556	-0,958452098766
44,45	0,0148375417445	-0,00457333333333	-1,04932592593
44,5	0,0129167417445	-0,0606728888889	-0,91365037037
44,55	0,00825194174455	-0,103814666667	-0,580220493827
44,6	0,00166634174455	-0,124852	-0,101714320988
44,65	-0,00546805825545	-0,116315111111	0,423710864198
44,7	-0,0112304582555	-0,078204	0,849539012346
44,75	-0,0139744582555	-0,0225617777778	1,06711111111
44,8	-0,0137000582555	0,038416	1,0384854321
44,85	-0,00985845825545	0,0917715555556	0,757818271605
44,9	-0,00354725825545	0,122108	0,291084197531
44,95	0,00358714174455	0,123022666667	-0,232139012346
45	0,00989834174455	0,0958875555556	-0,688625432099
45,05	0,0140143417445	0,0477151111111	-0,987077777778
45,1	0,0151119417445	-0,0112808888889	-1,07159975309
45,15	0,0129167417445	-0,0698195555556	-0,905350617284
45,2	0,00742874174455	-0,111589333333	-0,511620493827
45,25	0,000568741744545	-0,125614222222	-0,00254074074074
45,3	-0,00629125825545	-0,110979555556	0,493665925926
45,35	-0,0115048582555	-0,0719537777778	0,882145185185
45,4	-0,0142488582555	-0,0149395555556	1,07617308642
45,45	-0,0131512582555	0,0458857777778	1,02044617284
45,5	-0,00930965825545	0,097412	0,717420493827
45,55	-0,00244965825545	0,125766666667	0,227142222222
45,6	0,00468474174455	0,121498222222	-0,30311037037
45,65	0,0107215417445	0,0911617777778	-0,740541234568
45,7	0,0145631417445	0,0413124444444	-1,01917580247
45,75	0,0153863417445	-0,0199702222222	-1,07007530864
45,8	0,0123679417445	-0,0766795555556	-0,86266617284
45,85	0,00687994174455	-0,114028444444	-0,461652592593
45,9	1,99417445452E-005	-0,127138666667	0,0451404938272
45,95	-0,00711445825545	-0,10976	0,552611111111
46	-0,0120536582555	-0,0661608888889	0,926777530864
46,05	-0,0142488582555	-0,00868933333333	1,09345012346
46,1	-0,0131512582555	0,0532031111111	1,01036790123
46,15	-0,00848645825545	0,103509777778	0,668384197531
46,2	-0,00162645825545	0,126986222222	0,163284938272
46,25	0,00550794174455	0,119668888889	-0,352908888889
46,3	0,0112703417445	0,087808	-0,777974814815
46,35	0,0151119417445	0,0359768888889	-1,04559950617
46,4	0,0153863417445	-0,0268302222222	-1,07007530864
46,45	0,0120935417445	-0,0821675555556	-0,833617037037
46,5	0,00633114174455	-0,117839555556	-0,408212345679
46,55	-0,000803258255455	-0,126224	0,102730617284
46,6	-0,00738885825545	-0,107016	0,596565925926
46,65	-0,0126024582555	-0,06174	0,965735555556
46,7	-0,0142488582555	-0,000609777777778	1,10107234568
46,75	-0,0126024582555	0,0596057777778	0,970054814815
46,8	-0,00766325825545	0,105339111111	0,617569382716
46,85	-0,00107765825545	0,126528888889	0,132965432099
46,9	0,00605674174455	0,120736	-0,394238271605
46,95	0,0123679417445	0,0835395555556	-0,834209876543
47	0,0151119417445	0,0283546666667	-1,06575604938
47,05	0,0153863417445	-0,0321657777778	-1,06533259259
47,1	0,0118191417445	-0,0887226666667	-0,810665679012
47,15	0,00550794174455	-0,122108	-0,35070691358
47,2	-0,00162645825545	-0,126224	0,176920246914
47,25	-0,00821205825545	-0,102442666667	0,65898345679
47,3	-0,0128768582555	-0,0545751111111	0,995462222222
47,35	-0,0142488582555	0,00686	1,0976
47,4	-0,0120536582555	0,0657035555556	0,943715802469
47,45	-0,00711445825545	0,110217333333	0,56938
47,5	1,99417445452E-005	0,128968	0,048104691358
47,55	0,00715434174455	0,115400444444	-0,482147901235
47,6	0,0126423417445	0,0753075555556	-0,885871604938
47,65	0,0153863417445	0,0179884444444	-1,07676592593
47,7	0,0145631417445	-0,042532	-1,01968395062
47,75	0,0107215417445	-0,0931435555556	-0,736306666667
47,8	0,00441034174455	-0,123022666667	-0,284901728395
47,85	-0,00272405825545	-0,124852	0,240692839506
47,9	-0,00930965825545	-0,0971071111111	0,718436790124
47,95	-0,0134256582555	-0,0457333333333	1,02400320988
48	-0,0142488582555	0,0152444444444	1,08930024691
48,05	-0,0117792582555	0,0731733333333	0,907383209877
48,1	-0,00629125825545	0,114943111111	0,509503209877
48,15	0,000843141744545	0,129577777778	-0,0156679012346
48,2	0,00797754174455	0,112961333333	-0,532793333333
48,25	0,0131911417445	0,0705817777778	-0,916106419753
48,3	0,0156607417445	0,0126528888889	-1,08828395062
48,35	0,0145631417445	-0,04802	-1,01917580247
48,4	0,0104471417445	-0,0984791111111	-0,722332592593
48,45	0,00386154174455	-0,127596	-0,249500740741
48,5	-0,00354725825545	-0,126833777778	0,299383950617
48,55	-0,0101328582555	-0,0949728888889	0,783395061728
48,6	-0,0139744582555	-0,0403977777778	1,07549555556
48,65	-0,0145232582555	0,0230191111111	1,11318320988
48,7	-0,0115048582555	0,0818626666667	0,886464444445
48,75	-0,00546805825545	0,120278666667	0,451235555556
48,8	0,00166634174455	0,130797333333	-0,0809649382716
48,85	0,00880074174455	0,111741777778	-0,59809037037
48,9	0,0140143417445	0,0652462222222	-0,974374074074
48,95	0,0159351417445	0,00396355555556	-1,10920271605
49	0,0142887417445	-0,0557946666667	-0,995292839506
49,05	0,00989834174455	-0,103814666667	-0,670840246914
49,1	0,00303834174455	-0,129730222222	-0,184457777778
49,15	-0,00437045825545	-0,124852	0,358498518519
49,2	-0,0106816582555	-0,0903995555556	0,820574567901
49,25	-0,0142488582555	-0,0349097777778	1,09150222222
49,3	-0,0145232582555	0,028812	1,1129291358
49,35	-0,0112304582555	0,0881128888889	0,857584691358
49,4	-0,00464485825545	0,123175111111	0,396440246914
49,45	0,00221514174455	0,130492444444	-0,139486666667
49,5	0,00962394174455	0,107778222222	-0,640181975309
49,55	0,0140143417445	0,060368	-0,991142962963
49,6	0,0162095417445	-0,000457333333333	-1,11936567901
49,65	0,0140143417445	-0,0621973333333	-0,989618518519
49,7	0,00934954174455	-0,108692888889	-0,632983209877
49,75	0,00221514174455	-0,131864444444	-0,123734074074
49,8	-0,00519365825545	-0,122717777778	0,422017037037
49,85	-0,0112304582555	-0,0852164444444	0,863174320988
49,9	-0,0145232582555	-0,0278973333333	1,10005604938
49,95	-0,0142488582555	0,0352146666667	1,08235555556
50	-0,0106816582555	0,0903995555556	0,818203209877
50,05	-0,00437045825545	0,125004444444	0,361970864198
50,1	0,00303834174455	0,130187555556	-0,179969135802
50,15	0,00989834174455	0,105186666667	-0,679394074074
50,2	0,0145631417445	0,0556422222222	-1,02095432099
50,25	0,0159351417445	-0,00609777777778	-1,13384790123
50,3	0,0140143417445	-0,0682951111111	-0,986061481482
50,35	0,00852634174455	-0,115705333333	-0,583184691358
50,4	0,00111754174455	-0,132626666667	-0,0379417283951
50,45	-0,00601685825545	-0,118449333333	0,492564938272
50,5	-0,0117792582555	-0,0780515555556	0,897474320988
50,55	-0,0145232582555	-0,0204275555556	1,09912444444
50,6	-0,0139744582555	0,0413124444444	1,06397753086
50,65	-0,0101328582555	0,0957351111111	0,788645925926
50,7	-0,00354725825545	0,128968	0,309800987654
50,75	0,00413594174455	0,130187555556	-0,251533333333
50,8	0,0107215417445	0,100765777778	-0,745876790124
50,85	0,0151119417445	0,0487822222222	-1,07041407407
50,9	0,0162095417445	-0,0167688888889	-1,14062320988
50,95	0,0131911417445	-0,0769844444444	-0,93380691358
51	0,00770314174455	-0,118449333333	-0,519242716049
51,05	0,000294341744545	-0,133388888889	0,00914666666667
51,1	-0,00684005825545	-0,118449333333	0,549138765432
51,15	-0,0128768582555	-0,0731733333333	0,96082345679
51,2	-0,0147976582555	-0,0117382222222	1,12741135802
51,25	-0,0139744582555	0,049392	1,04822493827
51,3	-0,00958405825545	0,102290222222	0,739948395062
51,35	-0,00272405825545	0,130644888889	0,261272839506
51,4	0,00468474174455	0,130644888889	-0,278041728395
51,45	0,0115447417445	0,100308444444	-0,764254814815
51,5	0,0153863417445	0,0506115555556	-1,13020617284
51,55	0,0178559417445	-0,0230191111111	-1,23734074074
51,6	0,0129167417445	-0,0920764444444	-0,941344444445
51,65	0,00687994174455	-0,125614222222	-0,432942222222
51,7	-0,000528858255455	-0,134608444444	0,0987501234568
51,75	-0,00766325825545	-0,115095555556	0,605373827161
51,8	-0,0131512582555	-0,0696671111111	0,990973580247
51,85	-0,0153464582555	-0,00716488888889	1,16145728395
51,9	-0,0139744582555	0,0577764444444	1,05999703704
51,95	-0,00903525825545	0,109607555556	0,701413827161
52	-0,00190085825545	0,134913333333	0,174464197531
52,05	0,00578234174455	0,128205777778	-0,384668148148
52,1	0,0120935417445	0,0925337777778	-0,84979308642
52,15	0,0159351417445	0,0352146666667	-1,1191962963
52,2	0,0159351417445	-0,0300315555556	-1,13003679012
52,25	0,0126423417445	-0,0882653333333	-0,884347160494
52,3	0,00633114174455	-0,127138666667	-0,43048617284
52,35	-0,00135205825545	-0,135523111111	0,12432691358
52,4	-0,00848645825545	-0,113113777778	0,644501234568
52,45	-0,0137000582555	-0,0650937777778	1,01875234568
52,5	-0,0156208582555	-0,00198177777778	1,16425209877
52,55	-0,0139744582555	0,0625022222222	1,03933234568
52,6	-0,00876085825545	0,112351555556	0,665335308642
52,65	-0,00162645825545	0,135370666667	0,137454074074
52,7	0,00605674174455	0,127291111111	-0,420069135803
52,75	0,0123679417445	0,0888751111111	-0,873167901235
52,8	0,0156607417445	0,0318608888889	-1,12681851852
52,85	0,0159351417445	-0,0336902222222	-1,13232345679
52,9	0,0120935417445	-0,093296	-0,858092839506
52,95	0,00550794174455	-0,128053333333	-0,379586666667
53	-0,00190085825545	-0,133693777778	0,169298024691
53,05	-0,00903525825545	-0,10976	0,683289876543
53,1	-0,0139744582555	-0,0596057777778	1,05051160494
53,15	-0,0156208582555	0,00533555555556	1,17390691358
53,2	-0,0134256582555	0,0696671111111	1,01350148148
53,25	-0,00793765825545	0,116924888889	0,609015555556
53,3	-0,000528858255455	0,135828	0,0711407407408
53,35	0,00687994174455	0,123937333333	-0,471307407407
53,4	0,0129167417445	0,0853688888889	-0,921103209877
53,45	0,0164839417445	0,0231715555556	-1,15917061728
53,5	0,0153863417445	-0,0432942222222	-1,10310493827
53,55	0,0115447417445	-0,0968022222222	-0,804567901235
53,6	0,00495914174455	-0,130492444444	-0,333683950617
53,65	-0,00272405825545	-0,134303555556	0,227989135802
53,7	-0,00985845825545	-0,105644	0,740371851852
53,75	-0,0142488582555	-0,0528982222222	1,07837506173
53,8	-0,0156208582555	0,0117382222222	1,17653234568
53,85	-0,0131512582555	0,0765271111111	0,992328641975
53,9	-0,00711445825545	0,121650666667	0,558878271605
53,95	0,000294341744545	0,136742666667	0,010417037037
54	0,00770314174455	0,122412888889	-0,534487160494
54,05	0,0137399417445	0,0791186666667	-0,967937530864
54,1	0,0164839417445	0,0158542222222	-1,16797851852
54,15	0,0153863417445	-0,0495444444444	-1,08769111111
54,2	0,0109959417445	-0,102747555556	-0,764339506173
54,25	0,00413594174455	-0,132169333333	-0,279650864198
54,3	-0,00327285825545	-0,134151111111	0,282445679012
54,35	-0,0106816582555	-0,103052444444	0,807532098766
54,4	-0,0147976582555	-0,0443613333333	1,12461654321
54,45	-0,0153464582555	0,0216471111111	1,15764617284
54,5	-0,0123280582555	0,0812528888889	0,939565925926
54,55	-0,00656565825545	0,123632444444	0,518226419753
54,6	0,00111754174455	0,139029333333	-0,0379417283951
54,65	0,00880074174455	0,120126222222	-0,596735308642
54,7	0,0142887417445	0,0730208888889	-1,00757308642
54,75	0,0167583417445	0,009604	-1,18135975309
54,8	0,0153863417445	-0,0567093333333	-1,07507209877
54,85	0,0104471417445	-0,108083111111	-0,722163209877
54,9	0,00358714174455	-0,135218222222	-0,21350691358
54,95	-0,00437045825545	-0,131102222222	0,339188888889
55	-0,0106816582555	-0,0981742222222	0,817525679012
55,05	-0,0150720582555	-0,0431417777778	1,13410197531
55,1	-0,0156208582555	0,0256106666667	1,19364
55,15	-0,0123280582555	0,0893324444444	0,946341234568
55,2	-0,00574245825545	0,130797333333	0,45360691358
55,25	0,00221514174455	0,138267111111	-0,132711358025
55,3	0,00934954174455	0,114333333333	-0,655172345679
55,35	0,0145631417445	0,0667706666667	-1,02662864198
55,4	0,0167583417445	0,00259155555556	-1,17111209877
55,45	0,0148375417445	-0,0618924444444	-1,04136493827
55,5	0,00989834174455	-0,110979555556	-0,680495061728
55,55	0,00276394174455	-0,135828	-0,17107654321
55,6	-0,00491925825545	-0,130187555556	0,386277283951
55,65	-0,0115048582555	-0,0943631111111	0,869102716049
55,7	-0,0153464582555	-0,0350622222222	1,15290345679
55,75	-0,0153464582555	0,0324706666667	1,16018691358
55,8	-0,0117792582555	0,0923813333333	0,891207160494
55,85	-0,00519365825545	0,130187555556	0,412955061728
55,9	0,00248954174455	0,137504888889	-0,157610617284
55,95	0,00989834174455	0,112656444444	-0,686
56	0,0148375417445	0,0615875555556	-1,04297407407
56,05	0,0164839417445	-0,00106711111111	-1,16704691358
56,1	0,0148375417445	-0,0653986666667	-1,03475901235
56,15	0,00934954174455	-0,114943111111	-0,654833580247
56,2	0,00221514174455	-0,137504888889	-0,117297530864
56,25	-0,00574245825545	-0,127748444444	0,448694814815
56,3	-0,0117792582555	-0,0881128888889	0,907129135803
56,35	-0,0153464582555	-0,028812	1,1609491358
56,4	-0,0150720582555	0,0393306666667	1,14070790123
56,45	-0,0109560582555	0,0969546666667	0,84378
56,5	-0,00437045825545	0,131102222222	0,360192345679
56,55	0,00331274174455	0,135980444444	-0,202158271605
56,6	0,0104471417445	0,110369777778	-0,738254567901
56,65	0,0156607417445	0,0551848888889	-1,1028508642
56,7	0,0164839417445	-0,0126528888889	-1,17636296296
56,75	0,0140143417445	-0,0734782222222	-0,978947407408
56,8	0,00852634174455	-0,118449333333	-0,576917530864
56,85	0,00111754174455	-0,137047555556	-0,037857037037
56,9	-0,00656565825545	-0,122870222222	0,512890864198
56,95	-0,0123280582555	-0,0804906666667	0,939904691358
57	-0,0153464582555	-0,0199702222222	1,15053209877
57,05	-0,0145232582555	0,045276	1,09937851852
57,1	-0,0104072582555	0,100308444444	0,798470123457
57,15	-0,00354725825545	0,132474222222	0,32157308642
57,2	0,00413594174455	0,134608444444	-0,21994345679
57,25	0,0109959417445	0,108235555556	-0,718352098766
57,3	0,0156607417445	0,0612826666667	-1,13562641975
57,35	0,0186791417445	-0,0153968888889	-1,29772567901
57,4	0,0140143417445	-0,08918	-1,02383382716
57,45	0,00797754174455	-0,127596	-0,506708395062
57,5	0,000294341744545	-0,139639111111	0,0484434567901
57,55	-0,00711445825545	-0,122108	0,578611358025
57,6	-0,0131512582555	-0,0765271111111	0,975644444445
57,65	-0,0153464582555	-0,0155493333333	1,15730740741
57,7	-0,0147976582555	0,0481724444444	1,10539160494
57,75	-0,0104072582555	0,106101333333	0,788391851852
57,8	-0,00299845825545	0,136590222222	0,255429135802
57,85	0,00468474174455	0,133388888889	-0,327162716049
57,9	0,0115447417445	0,100003555556	-0,821590864198
57,95	0,0156607417445	0,0431417777778	-1,11894222222
58	0,0162095417445	-0,0225617777778	-1,1567145679
58,05	0,0131911417445	-0,0830822222222	-0,934823209877
58,1	0,00715434174455	-0,125004444444	-0,496545432099
58,15	-0,000528858255455	-0,137657333333	0,0591145679012
58,2	-0,00793765825545	-0,118296888889	0,598852592593
58,25	-0,0134256582555	-0,0722586666667	1,00274567901
58,3	-0,0158952582555	-0,00899422222222	1,18212197531
58,35	-0,0145232582555	0,0582337777778	1,07168444444
58,4	-0,00930965825545	0,108540444444	0,710899259259
58,45	-0,00272405825545	0,135218222222	0,200464444444
58,5	0,00550794174455	0,130492444444	-0,356042469136
58,55	0,0115447417445	0,09604	-0,827349876543
58,6	0,0159351417445	0,0408551111111	-1,12393901235
58,65	0,0162095417445	-0,0269826666667	-1,16111851852
58,7	0,0129167417445	-0,0873506666667	-0,913057530864
58,75	0,00660554174455	-0,127138666667	-0,450727407407
58,8	-0,00107765825545	-0,136132888889	0,107558024691
58,85	-0,00821205825545	-0,115095555556	0,636201481482
58,9	-0,0137000582555	-0,0670755555556	1,02806839506
58,95	-0,0156208582555	-0,00259155555556	1,18584839506
59	-0,0139744582555	0,0626546666667	1,07532617284
59,05	-0,00876085825545	0,114485777778	0,72072345679
59,1	-0,00162645825545	0,142078222222	0,183102716049
59,15	0,00660554174455	0,139334222222	-0,471053333333
59,2	0,0145631417445	0,0896373333333	-0,999442716049
59,25	0,0162095417445	0,0224093333333	-1,1746691358
59,3	0,0162095417445	-0,037044	-1,10403654321
59,35	0,0126423417445	-0,0948204444444	-0,83734345679
59,4	0,00578234174455	-0,129730222222	-0,371117530864
59,45	-0,00162645825545	-0,134760888889	0,167688888889
59,5	-0,00876085825545	-0,111894222222	0,680749135803
59,55	-0,0139744582555	-0,0615875555556	1,05830320988
59,6	-0,0156208582555	0,00457333333333	1,1825454321
59,65	-0,0134256582555	0,0690573333333	1,01519530864
59,7	-0,00793765825545	0,115552888889	0,614774567901
59,75	-0,000803258255455	0,135675555556	0,0859786666665
59,8	0,00687994174455	0,124852	-0,449236839506
59,85	0,0129167417445	0,0846066666666	-0,832024839505
59,9	0,0162095417445	0,0289949333332	-0,943173777771
59,95	0,0153863417445	-0,0202751111108	-0,852105160476
60	0,0118191417445	-0,0515262222211	-0,732173728369
