0,05	0,587216	0,0402453333333	0,110539160494
0,1	0,5888624	0,0475626666667	0,0407619506173
0,15	0,5918808	0,0509469333333	-0,0935500740741
0,2	0,5946248	0,0417697777778	-0,285731703704
0,25	0,5965456	0,0208848888889	-0,448152790123
0,3	0,5970944	-0,008232	-0,486653481481
0,35	0,5957224	-0,0361293333333	-0,343
0,4	0,592704	-0,0478675555556	-0,0773232098765
0,45	0,5902344	-0,0429893333333	0,185050617284
0,5	0,5880392	-0,0272875555556	0,394322962963
0,55	0,5869416	0,000609777777778	0,49222617284
0,6	0,5880392	0,0294217777778	0,414564197531
0,65	0,5902344	0,049392	0,172685679012
0,7	0,5938016	0,0506115555556	-0,151682222222
0,75	0,5962712	0,0304888888889	-0,398049382716
0,8	0,5970944	0,00320133333333	-0,476558271605
0,85	0,5965456	-0,0236288888889	-0,396440246914
0,9	0,5943504	-0,0413124444444	-0,193011604938
0,95	0,5918808	-0,0455808888889	0,0734274074074
1	0,5891368	-0,0341475555556	0,334530864198
1,05	0,5877648	-0,00731733333333	0,48062345679
1,1	0,5883136	0,021952	0,441496049383
1,15	0,5902344	0,0443613333333	0,229005432099
1,2	0,5935272	0,0490871111111	-0,0792711111111
1,25	0,5959968	0,0343	-0,343762222222
1,3	0,5973688	0,00899422222222	-0,476304197531
1,35	0,5970944	-0,02058	-0,437684938272
1,4	0,5948992	-0,04116	-0,246705925926
1,45	0,5924296	-0,0483248888889	0,0215116049383
1,5	0,5894112	-0,0394831111111	0,295318765432
1,55	0,5877648	-0,0146346666667	0,468936049383
1,6	0,5877648	0,0147871111111	0,471307407407
1,65	0,5894112	0,0399404444444	0,300739012346
1,7	0,5924296	0,0496968888889	0,0193943209877
1,75	0,5951736	0,0413124444444	-0,253565925926
1,8	0,5970944	0,0198177777778	-0,424811851852
1,85	0,5973688	-0,00716488888889	-0,451150864198
1,9	0,5962712	-0,0314035555556	-0,328348395062
1,95	0,5938016	-0,0451235555556	-0,0853688888889
2	0,5910576	-0,0420746666667	0,201141975309
2,05	0,5888624	-0,0224093333333	0,421000740741
2,1	0,5883136	0,00792711111111	0,464701481481
2,15	0,58996	0,0324706666667	0,318947654321
2,2	0,5921552	0,0435991111111	0,0757140740741
2,25	0,5948992	0,0403977777778	-0,181239506173
2,3	0,59682	0,0225617777778	-0,37086345679
2,35	0,5973688	-0,001372	-0,443613333333
2,4	0,59682	-0,02744	-0,37560617284
2,45	0,5943504	-0,0460382222222	-0,151597530864
2,5	0,591332	-0,0455808888889	0,139317283951
2,55	0,5891368	-0,0292693333333	0,372641975309
2,6	0,5880392	-0,00335377777778	0,483248888889
2,65	0,588588	0,0262204444444	0,422271111111
2,7	0,5910576	0,0464955555556	0,191487160494
2,75	0,594076	0,0481724444444	-0,106626419753
2,8	0,5965456	0,0335377777778	-0,356381234568
2,85	0,5979176	0,00716488888889	-0,477489876543
2,9	0,5973688	-0,0214946666667	-0,42489654321
2,95	0,595448	-0,0422271111111	-0,213422222222
3	0,5924296	-0,0464955555556	0,078932345679
3,05	0,58996	-0,0320133333333	0,32326691358
3,1	0,5888624	-0,00807955555556	0,432772839506
3,15	0,5891368	0,0170737777778	0,399658518519
3,2	0,5907832	0,0367391111111	0,243657037037
3,25	0,5932528	0,045276	-0,0013550617284
3,3	0,5959968	0,0376537777778	-0,264406419753
3,35	0,5976432	0,0155493333333	-0,444714320988
3,4	0,5979176	-0,0141773333333	-0,455470123457
3,45	0,5959968	-0,0385684444444	-0,277025432099
3,5	0,5932528	-0,0457333333333	-0,00448864197531
3,55	0,5907832	-0,0373488888889	0,243995802469
3,6	0,5891368	-0,0182933333333	0,416258024691
3,65	0,588588	0,00884177777778	0,465971851852
3,7	0,58996	0,0358244444444	0,341475555556
3,75	0,592704	0,0503066666667	0,0609777777778
3,8	0,5959968	0,0429893333333	-0,244927407407
3,85	0,5976432	0,0202751111111	-0,43345037037
3,9	0,598192	-0,00731733333333	-0,458434320988
3,95	0,59682	-0,0323182222222	-0,32284345679
4	0,5943504	-0,0437515555556	-0,0861311111111
4,05	0,5918808	-0,0413124444444	0,165656296296
4,1	0,5896856	-0,0254582222222	0,369762469136
4,15	0,5888624	0,000609777777778	0,450981481481
4,2	0,5896856	0,02744	0,35629654321
4,25	0,5921552	0,0423795555556	0,121278024691
4,3	0,5946248	0,0408551111111	-0,149395555556
4,35	0,59682	0,0251533333333	-0,365358518519
4,4	0,5976432	-0,00152444444444	-0,446492839506
4,45	0,5965456	-0,0263728888889	-0,368153333333
4,5	0,5946248	-0,042532	-0,180138518519
4,55	0,5918808	-0,0474102222222	0,0784241975309
4,6	0,5891368	-0,0350622222222	0,334615555556
4,65	0,5877648	-0,00914666666667	0,476642962963
4,7	0,5880392	0,0207324444444	0,434636049383
4,75	0,5902344	0,0417697777778	0,223754567901
4,8	0,5929784	0,0457333333333	-0,0535249382716
4,85	0,595448	0,0343	-0,28981382716
4,9	0,59682	0,012348	-0,421508888889
4,95	0,59682	-0,0131102222222	-0,418968148148
5	0,595448	-0,0358244444444	-0,266862469136
5,05	0,592704	-0,0455808888889	0,00745283950617
5,1	0,58996	-0,0352146666667	0,282360987654
5,15	0,588588	-0,0111284444444	0,42616691358
5,2	0,5888624	0,0143297777778	0,408720493827
5,25	0,5902344	0,0346048888889	0,265083950617
5,3	0,592704	0,0448186666667	0,0284562962963
5,35	0,595448	0,038416	-0,227057530864
5,4	0,5970944	0,0189031111111	-0,407788888889
5,45	0,5976432	-0,00792711111111	-0,45403037037
5,5	0,5962712	-0,0335377777778	-0,333429876543
5,55	0,5938016	-0,0472577777778	-0,0779160493827
5,6	0,5907832	-0,0434466666667	0,219604691358
5,65	0,588588	-0,0207324444444	0,418544691358
5,7	0,588588	0,00625022222222	0,443359259259
5,75	0,5894112	0,0292693333333	0,326485185185
5,8	0,5918808	0,0429893333333	0,106965185185
5,85	0,5943504	0,0414648888889	-0,147701728395
5,9	0,5965456	0,0269826666667	-0,364935061728
5,95	0,5976432	-0,000152444444444	-0,457418024691
6	0,5965456	-0,0272875555556	-0,360615802469
6,05	0,5943504	-0,0422271111111	-0,127121728395
6,1	0,5916064	-0,0408551111111	0,134659259259
6,15	0,5896856	-0,0254582222222	0,328517777778
6,2	0,5888624	-0,00381111111111	0,416596790123
6,25	0,5891368	0,0208848888889	0,380094814815
6,3	0,5910576	0,0413124444444	0,185812839506
6,35	0,594076	0,0440564444444	-0,103408148148
6,4	0,5962712	0,0286595555556	-0,344185679012
6,45	0,5973688	0,00304888888889	-0,440225679012
6,5	0,5965456	-0,0225617777778	-0,371117530864
6,55	0,5946248	-0,0379586666667	-0,197584938272
6,6	0,5924296	-0,0440564444444	0,0217656790123
6,65	0,5896856	-0,0367391111111	0,242640740741
6,7	0,5880392	-0,0141773333333	0,317761975309
6,75	0,5880392	0,00609777777778	0,205545925926
6,8	0,5896856	0,0131102222222	0,0109251851852
6,85	0,5921552	-0,0230191111111	0,275162222222
6,9	0,5811792	0,0391782222222	0,516278518519
6,95	0,59682	0,0849115555556	-0,182086419753
7	0,59682	0,0100613333333	-0,698788395062
7,05	0,5951736	-0,0268302222222	-0,485196790123
7,1	0,592704	-0,04116	-0,122124938272
7,15	0,5905088	-0,0341475555556	0,19936345679
7,2	0,5888624	-0,0160066666667	0,383059012346
7,25	0,588588	0,00914666666667	0,429723950617
7,3	0,5896856	0,0346048888889	0,300484938272
7,35	0,592704	0,0457333333333	0,0330296296296
7,4	0,5951736	0,0371964444444	-0,228581975309
7,45	0,59682	0,017836	-0,385260987654
7,5	0,5970944	-0,00594533333333	-0,422694567901
7,55	0,5962712	-0,0295742222222	-0,329618765432
7,6	0,5938016	-0,0446662222222	-0,107981481481
7,65	0,5910576	-0,0428368888889	0,166164444444
7,7	0,5888624	-0,0256106666667	0,382804938272
7,75	0,5880392	0,00182933333333	0,453098765432
7,8	0,5891368	0,02744	0,348250864198
7,85	0,591332	0,04116	0,132880740741
7,9	0,5938016	0,0414648888889	-0,108743703704
7,95	0,5959968	0,028812	-0,314120246914
8	0,5970944	0,00640266666667	-0,42574345679
8,05	0,59682	-0,0196653333333	-0,395085185185
8,1	0,5948992	-0,0399404444444	-0,208679506173
8,15	0,5921552	-0,0446662222222	0,0689387654321
8,2	0,5896856	-0,0321657777778	0,323097530864
8,25	0,5883136	-0,00609777777778	0,439294074074
8,3	0,5891368	0,0198177777778	0,375606172839
8,35	0,5907832	0,0355195555556	0,203005185185
8,4	0,5929784	0,0423795555556	-0,0278634567901
8,45	0,5957224	0,0332328888889	-0,261865679012
8,5	0,59682	0,0121955555556	-0,402538024691
8,55	0,5970944	-0,0128053333333	-0,40558691358
8,6	0,595448	-0,0349097777778	-0,256445432099
8,65	0,5929784	-0,0428368888889	-0,0078762962963
8,7	0,5905088	-0,0355195555556	0,239083703704
8,75	0,5888624	-0,0149395555556	0,396016790123
8,8	0,5888624	0,00990888888889	0,414056049383
8,85	0,58996	0,0320133333333	0,294810617284
8,9	0,5924296	0,0445137777778	0,0592839506173
8,95	0,5951736	0,039788	-0,212490617284
9	0,5970944	0,0195128888889	-0,400166666667
9,05	0,5973688	-0,00701244444444	-0,43175654321
9,1	0,5962712	-0,0304888888889	-0,303364444444
9,15	0,5938016	-0,0420746666667	-0,065127654321
9,2	0,591332	-0,037044	0,181154814815
9,25	0,5896856	-0,0210373333333	0,359599506173
9,3	0,5888624	0,00335377777778	0,424388395062
9,35	0,58996	0,0282022222222	0,331143209877
9,4	0,5921552	0,0423795555556	0,104847901235
9,45	0,5948992	0,0403977777778	-0,162776790123
9,5	0,59682	0,0234764444444	-0,369339012346
9,55	0,5976432	-0,00243911111111	-0,437854320988
9,6	0,5965456	-0,0275924444444	-0,340205185185
9,65	0,5943504	-0,04116	-0,129323703704
9,7	0,5918808	-0,0414648888889	0,112131358025
9,75	0,5896856	-0,0286595555556	0,321064938272
9,8	0,588588	-0,00579288888889	0,435821728395
9,85	0,5888624	0,0214946666667	0,396524938272
9,9	0,5910576	0,0413124444444	0,193943209877
9,95	0,5938016	0,0435991111111	-0,0744437037037
10	0,5959968	0,031556	-0,296843209877
10,05	0,5973688	0,00945155555555	-0,412108148148
10,1	0,5970944	-0,0158542222222	-0,381280493827
10,15	0,595448	-0,0339951111111	-0,222230123457
10,2	0,5932528	-0,0410075555556	0,00990888888889
10,25	0,5907832	-0,0339951111111	0,255175061728
10,3	0,5891368	-0,0117382222222	0,409059259259
10,35	0,5894112	0,0149395555556	0,387886419753
10,4	0,5910576	0,0332328888889	0,221637283951
10,45	0,5932528	0,0391782222222	-0,00635185185185
10,5	0,595448	0,032928	-0,243148888889
10,55	0,5970944	0,0128053333333	-0,414648888889
10,6	0,5970944	-0,0140248888889	-0,442597037037
10,65	0,5959968	-0,0435991111111	-0,230021728395
10,7	0,5910576	-0,0422271111111	0,0908738271605
10,75	0,5910576	-0,0243911111111	0,244927407407
10,8	0,5894112	-0,0157017777778	0,335462469136
10,85	0,588588	0,00853688888889	0,392459753086
10,9	0,5902344	0,0317084444444	0,28041308642
10,95	0,5924296	0,0420746666667	0,0420069135802
11	0,5948992	0,0381111111111	-0,239507160494
11,05	0,5970944	0,0170737777778	-0,471392098765
11,1	0,5976432	-0,023324	-0,419984444444
11,15	0,5929784	-0,0324706666667	-0,189539259259
11,2	0,5946248	-0,0402453333333	0,0304041975309
11,25	0,5883136	-0,032928	0,292778024691
11,3	0,58996	-0,000762222222222	0,355788395062
11,35	0,5896856	0,008232	0,297097283951
11,4	0,5902344	0,0262204444444	0,24780691358
11,45	0,5924296	0,0381111111111	0,0946002469136
11,5	0,5946248	0,0385684444444	-0,111284444444
11,55	0,59682	0,0262204444444	-0,30268691358
11,6	0,5976432	0,00442088888889	-0,401775802469
11,65	0,5973688	-0,0196653333333	-0,365358518519
11,7	0,595448	-0,0379586666667	-0,194027901235
11,75	0,5929784	-0,042532	0,055049382716
11,8	0,5905088	-0,0314035555556	0,28210691358
11,85	0,5894112	-0,00975644444444	0,40389308642
11,9	0,5894112	0,0147871111111	0,386192592593
11,95	0,5910576	0,0349097777778	0,22807382716
12	0,5935272	0,0410075555556	-0,0105864197531
12,05	0,5957224	0,0333853333333	-0,241031604938
12,1	0,5973688	0,01372	-0,392544444444
12,15	0,5973688	-0,0118906666667	-0,401182962963
12,2	0,5959968	-0,0330804444444	-0,256530123457
12,25	0,5935272	-0,0419222222222	-0,0125343209877
12,3	0,5910576	-0,0339951111111	0,228327901235
12,35	0,5896856	-0,0149395555556	0,377554074074
12,4	0,5894112	0,00853688888889	0,405502222222
12,45	0,5905088	0,0314035555556	0,292269876543
12,5	0,5929784	0,0437515555556	0,0498832098765
12,55	0,5957224	0,0376537777778	-0,217487407407
12,6	0,5973688	0,0173786666667	-0,386446666667
12,65	0,5976432	-0,00792711111111	-0,401521728395
12,7	0,5962712	-0,0275924444444	-0,293286172839
12,75	0,5946248	-0,0399404444444	-0,108320246914
12,8	0,5918808	-0,0414648888889	0,137369382716
12,85	0,5896856	-0,0256106666667	0,357312839506
12,9	0,5888624	0,000304888888889	0,439717530864
12,95	0,5896856	0,0266777777778	0,338511358025
13	0,5921552	0,039788	0,10806617284
13,05	0,5943504	0,0371964444444	-0,128392098765
13,1	0,5962712	0,0240862222222	-0,302517530864
13,15	0,5970944	0,00289644444444	-0,376114320988
13,2	0,5965456	-0,0181408888889	-0,333175802469
13,25	0,5951736	-0,0353671111111	-0,174802962963
13,3	0,5924296	-0,0394831111111	0,0663980246914
13,35	0,5905088	-0,02744	0,282276296296
13,4	0,5894112	-0,00746977777778	0,404909382716
13,45	0,5894112	0,0190555555556	0,382212098765
13,5	0,5916064	0,0385684444444	0,190132098765
13,55	0,594076	0,0408551111111	-0,0674143209877
13,6	0,5962712	0,0292693333333	-0,277025432099
13,65	0,5973688	0,00838444444444	-0,378824444444
13,7	0,5970944	-0,0131102222222	-0,365866666667
13,75	0,5959968	-0,0323182222222	-0,245350864198
13,8	0,5935272	-0,0423795555556	-0,0207493827161
13,85	0,5910576	-0,0364342222222	0,237898024691
13,9	0,5891368	-0,0144822222222	0,403130864198
13,95	0,5894112	0,0121955555556	0,388902716049
14	0,5907832	0,0304888888889	0,23324
14,05	0,5929784	0,037044	0,0257461728395
14,1	0,5948992	0,0324706666667	-0,175903950617
14,15	0,5965456	0,0189031111111	-0,347149876543
14,2	0,5973688	-0,00609777777778	-0,415834567901
14,25	0,5959968	-0,0314035555556	-0,29667382716
14,3	0,5935272	-0,0419222222222	-0,0437007407407
14,35	0,5910576	-0,0355195555556	0,211050864198
14,4	0,5894112	-0,0158542222222	0,360869876543
14,45	0,5894112	0,00655511111111	0,370609382716
14,5	0,5902344	0,0253057777778	0,270588888889
14,55	0,5921552	0,0378062222222	0,0682612345679
14,6	0,5946248	0,0347573333333	-0,178275308642
14,65	0,5962712	0,0184457777778	-0,370355308642
14,7	0,5973688	-0,01372	-0,34215308642
14,75	0,5935272	-0,0230191111111	-0,161675802469
14,8	0,5946248	-0,0225617777778	-0,0760528395062
14,85	0,5921552	-0,032928	0,0521698765432
14,9	0,5902344	-0,0225617777778	0,253057777778
14,95	0,5894112	-0,002744	0,35841382716
15	0,58996	0,0193604444444	0,330380987654
15,05	0,5916064	0,0350622222222	0,179884444444
15,1	0,5938016	0,0413124444444	-0,0571666666667
15,15	0,5965456	0,0298791111111	-0,296335061728
15,2	0,5973688	0,00579288888889	-0,405925679012
15,25	0,5970944	-0,0182933333333	-0,346895802469
15,3	0,5951736	-0,0343	-0,161591111111
15,35	0,5929784	-0,0352146666667	0,0536943209877
15,4	0,591332	-0,0269826666667	0,231376790123
15,45	0,58996	-0,0103662222222	0,355280246914
15,5	0,58996	0,0128053333333	0,370694074074
15,55	0,591332	0,0332328888889	0,240015308642
15,6	0,5938016	0,0417697777778	0,00160913580247
15,65	0,5962712	0,0333853333333	-0,23840617284
15,7	0,5976432	0,0131102222222	-0,375098024691
15,75	0,5976432	-0,00975644444444	-0,378316296296
15,8	0,5965456	-0,0294217777778	-0,262881975309
15,85	0,5943504	-0,0400928888889	-0,0545412345679
15,9	0,5918808	-0,0359768888889	0,177174320988
15,95	0,5902344	-0,0195128888889	0,344185679012
16	0,5896856	0,00320133333333	0,394661728395
16,05	0,5905088	0,026068	0,299638024691
16,1	0,592704	0,0390257777778	0,0759681481481
16,15	0,5951736	0,0350622222222	-0,177343703704
16,2	0,59682	0,0172262222222	-0,343508148148
16,25	0,5970944	-0,00579288888889	-0,364935061728
16,3	0,5959968	-0,0242386666667	-0,263982962963
16,35	0,5943504	-0,0347573333333	-0,0904503703704
16,4	0,5921552	-0,0352146666667	0,124580987654
16,45	0,5902344	-0,0221044444444	0,32199654321
16,5	0,5894112	0,00213422222222	0,401606419753
16,55	0,5905088	0,0254582222222	0,317761975309
16,6	0,5924296	0,0385684444444	0,121870864198
16,65	0,5948992	0,0387208888889	-0,105356049383
16,7	0,59682	0,0263728888889	-0,292862716049
16,75	0,5979176	0,00518311111111	-0,379078518519
16,8	0,5973688	-0,0169213333333	-0,336902222222
16,85	0,5959968	-0,0333853333333	-0,178529382716
16,9	0,5935272	-0,0378062222222	0,0485281481481
16,95	0,5916064	-0,0280497777778	0,260934074074
17	0,5902344	-0,00731733333333	0,371879753086
17,05	0,5907832	0,0157017777778	0,333853333333
17,1	0,5921552	0,0310986666667	0,176412098765
17,15	0,5943504	0,0355195555556	-0,0359938271605
17,2	0,5962712	0,0266777777778	-0,230868641975
17,25	0,5973688	0,00914666666667	-0,346980493827
17,3	0,5973688	-0,0126528888889	-0,34858962963
17,35	0,5959968	-0,0312511111111	-0,220112839506
17,4	0,5938016	-0,0391782222222	0,00567432098765
17,45	0,591332	-0,0307937777778	0,233324691358
17,5	0,5902344	-0,010976	0,357651604938
17,55	0,5902344	0,0102137777778	0,357482222222
17,6	0,591332	0,0291168888889	0,246621234568
17,65	0,5935272	0,0385684444444	0,0492056790123
17,7	0,5957224	0,0353671111111	-0,175057037037
17,75	0,5976432	0,0189031111111	-0,346387654321
17,8	0,5979176	-0,00472577777778	-0,39017308642
17,85	0,5970944	-0,0263728888889	-0,288035308642
17,9	0,5948992	-0,0387208888889	-0,0711407407407
17,95	0,5924296	-0,0339951111111	0,160236049383
18	0,5910576	-0,0184457777778	0,305227654321
18,05	0,5905088	0,000609777777778	0,34858962963
18,1	0,5910576	0,0202751111111	0,287865925926
18,15	0,592704	0,0346048888889	0,11145382716
18,2	0,5951736	0,0344524444444	-0,125766666667
18,25	0,59682	0,0195128888889	-0,310478518519
18,3	0,5973688	-0,00213422222222	-0,370778765432
18,35	0,5965456	-0,0227142222222	-0,302602222222
18,4	0,5948992	-0,0373488888889	-0,119668888889
18,45	0,5921552	-0,0373488888889	0,118567901235
18,5	0,5905088	-0,0227142222222	0,298791111111
18,55	0,5896856	-0,00243911111111	0,365781975309
18,6	0,5902344	0,0187506666667	0,313527407407
18,65	0,5918808	0,0326231111111	0,166164444444
18,7	0,5938016	0,0379586666667	-0,040990617284
18,75	0,5962712	0,0294217777778	-0,256276049383
18,8	0,5973688	0,00792711111111	-0,372049135802
18,85	0,5970944	-0,0149395555556	-0,333938024691
18,9	0,595448	-0,0295742222222	-0,191571851852
18,95	0,5938016	-0,0352146666667	-0,00846913580247
19	0,5916064	-0,0317084444444	0,194536049383
19,05	0,58996	-0,0140248888889	0,346980493827
19,1	0,58996	0,00914666666667	0,361293333333
19,15	0,5910576	0,0283546666667	0,232308395062
19,2	0,5932528	0,0365866666667	0,00838444444445
19,25	0,595448	0,028812	-0,209865185185
19,3	0,5965456	0,010976	-0,330804444444
19,35	0,5965456	-0,00853688888889	-0,34384691358
19,4	0,5957224	-0,02744	-0,251025185185
19,45	0,5935272	-0,0388733333333	-0,0459027160494
19,5	0,5910576	-0,0335377777778	0,189623950617
19,55	0,5896856	-0,016464	0,349605925926
19,6	0,5891368	0,00701244444444	0,380094814815
19,65	0,5905088	0,0277448888889	0,267624691358
19,7	0,5924296	0,037044	0,0723264197531
19,75	0,5946248	0,035672	-0,143297777778
19,8	0,5965456	0,0214946666667	-0,326231111111
19,85	0,5970944	-0,00106711111111	-0,401775802469
19,9	0,5965456	-0,0245435555556	-0,329534074074
19,95	0,5946248	-0,0440564444444	-0,061824691358
20	0,5905088	-0,0326231111111	0,238321481481
20,05	0,5907832	-0,008232	0,319371111111
20,1	0,5905088	0,00442088888889	0,278465185185
20,15	0,5910576	0,0185982222222	0,218334320988
20,2	0,5924296	0,0289644444444	0,0987501234568
20,25	0,5943504	0,0309462222222	-0,0673296296296
20,3	0,5959968	0,021952	-0,227819753086
20,35	0,59682	0,00579288888889	-0,328094320988
20,4	0,59682	-0,0152444444444	-0,319879259259
20,45	0,5951736	-0,0324706666667	-0,173278518519
20,5	0,5929784	-0,0365866666667	0,0575901234568
20,55	0,5907832	-0,0248484444444	0,253650617284
20,6	0,5902344	-0,00594533333333	0,33698691358
20,65	0,5902344	0,0129577777778	0,315814074074
20,7	0,5916064	0,0292693333333	0,19978691358
20,75	0,5935272	0,0362817777778	0,00796098765431
20,8	0,5957224	0,031556	-0,207663209877
20,85	0,5973688	0,012348	-0,349182469136
20,9	0,5970944	-0,0103662222222	-0,339019506173
20,95	0,5959968	-0,0265253333333	-0,210034567901
21	0,594076	-0,0335377777778	-0,0226125925926
21,05	0,5921552	-0,028812	0,164978765432
21,1	0,5907832	-0,0144822222222	0,291592345679
21,15	0,5905088	0,00457333333333	0,318862962963
21,2	0,591332	0,0217995555556	0,239507160494
21,25	0,5929784	0,0318608888889	0,0771538271605
21,3	0,5948992	0,0318608888889	-0,132203209877
21,35	0,59682	0,0176835555556	-0,310732592593
21,4	0,5970944	-0,005488	-0,353840493827
21,45	0,5959968	-0,0239337777778	-0,255429135802
21,5	0,5943504	-0,0339951111111	-0,0780854320988
21,55	0,5921552	-0,032928	0,126782962963
21,6	0,5905088	-0,0195128888889	0,288204691358
21,65	0,58996	0,000152444444444	0,34943654321
21,7	0,5905088	0,0201226666667	0,294895308642
21,75	0,5921552	0,0347573333333	0,124665679012
21,8	0,5946248	0,0352146666667	-0,101036790123
21,85	0,5962712	0,0222568888889	-0,277364197531
21,9	0,5970944	0,002744	-0,346641728395
21,95	0,5965456	-0,0170737777778	-0,300823703704
22	0,5951736	-0,0314035555556	-0,155832098765
22,05	0,5929784	-0,0353671111111	0,0496291358025
22,1	0,5910576	-0,026068	0,243657037037
22,15	0,58996	-0,00716488888889	0,348420246914
22,2	0,5902344	0,0143297777778	0,322504691358
22,25	0,5916064	0,0304888888889	0,171330617284
22,3	0,5938016	0,0346048888889	-0,0492903703704
22,35	0,5957224	0,0242386666667	-0,243402962963
22,4	0,5965456	0,00564044444444	-0,335970617284
22,45	0,5962712	-0,0135675555556	-0,320980246914
22,5	0,5951736	-0,0309462222222	-0,196653333333
22,55	0,592704	-0,0373488888889	0,0157525925926
22,6	0,5907832	-0,0291168888889	0,222822962963
22,65	0,5894112	-0,0114333333333	0,346218271605
22,7	0,5894112	0,0111284444444	0,338934814815
22,75	0,5907832	0,0280497777778	0,203428641975
22,8	0,592704	0,0338426666667	0,0082150617284
22,85	0,5946248	0,0285071111111	-0,181239506173
22,9	0,5959968	0,0128053333333	-0,303195061728
22,95	0,5959968	-0,00579288888889	-0,326654567901
23	0,595448	-0,0242386666667	-0,242471358025
23,05	0,5932528	-0,0347573333333	-0,0543718518519
23,1	0,591332	-0,0309462222222	0,160320740741
23,15	0,5896856	-0,0160066666667	0,312680493827
23,2	0,5894112	0,00594533333333	0,338341975309
23,25	0,5905088	0,0234764444444	0,233917530864
23,3	0,5921552	0,0318608888889	0,0626716049383
23,35	0,594076	0,0304888888889	-0,126952345679
23,4	0,5957224	0,0173786666667	-0,273637777778
23,45	0,5959968	-0,000609777777778	-0,331312592593
23,5	0,5957224	-0,0199702222222	-0,282699753086
23,55	0,5938016	-0,0336902222222	-0,12178617284
23,6	0,5918808	-0,0358244444444	0,111284444444
23,65	0,5894112	-0,0210373333333	0,306667407407
23,7	0,5894112	0,00213422222222	0,349521234568
23,75	0,58996	0,0195128888889	0,262543209877
23,8	0,5916064	0,0307937777778	0,10806617284
23,85	0,5935272	0,0306413333333	-0,0614012345679
23,9	0,5948992	0,0237813333333	-0,208594814815
23,95	0,5962712	0,00838444444444	-0,310055061728
24	0,5959968	-0,0118906666667	-0,300654320988
24,05	0,5948992	-0,0275924444444	-0,163115555556
24,1	0,592704	-0,031556	0,0462414814815
24,15	0,5910576	-0,0207324444444	0,214607901235
24,2	0,5905088	-0,005488	0,284647654321
24,25	0,5905088	0,0106711111111	0,27355308642
24,3	0,5916064	0,0250008888889	0,178868148148
24,35	0,5932528	0,0324706666667	0,00118567901234
24,4	0,595448	0,0268302222222	-0,205291851852
24,45	0,5965456	0,00807955555556	-0,32800962963
24,5	0,5962712	-0,0120431111111	-0,315305925926
24,55	0,5951736	-0,0282022222222	-0,189200493827
24,6	0,5929784	-0,0335377777778	-0,000169382716048
24,65	0,591332	-0,02744	0,176835555556
24,7	0,58996	-0,01372	0,300230864198
24,75	0,5896856	0,00594533333333	0,334784938272
24,8	0,5905088	0,0254582222222	0,241116296296
24,85	0,592704	0,0347573333333	0,0456486419753
24,9	0,5946248	0,0298791111111	-0,154138271605
24,95	0,5959968	0,016464	-0,28854345679
25	0,5965456	-0,00289644444444	-0,324367901235
25,05	0,5957224	-0,0217995555556	-0,231038024691
25,1	0,5938016	-0,0292693333333	-0,0597920987654
25,15	0,5924296	-0,0272875555556	0,11060691358
25,2	0,5907832	-0,0173786666667	0,252888395062
25,25	0,5902344	0,00167688888889	0,305735802469
25,3	0,5910576	0,0187506666667	0,23493382716
25,35	0,5924296	0,0286595555556	0,0799486419753
25,4	0,5943504	0,0280497777778	-0,105610123457
25,45	0,5957224	0,016464	-0,252464938272
25,5	0,5962712	-0,00152444444444	-0,303279753086
25,55	0,595448	-0,017836	-0,255937283951
25,6	0,5943504	-0,0300315555556	-0,13118691358
25,65	0,5921552	-0,0343	0,0629256790123
25,7	0,5902344	-0,0237813333333	0,251533333333
25,75	0,5894112	-0,00472577777778	0,341644938272
25,8	0,5896856	0,0161591111111	0,300061481481
25,85	0,591332	0,030184	0,145499753086
25,9	0,5932528	0,0320133333333	-0,0464108641975
25,95	0,5948992	0,0242386666667	-0,212067160494
26	0,5959968	0,00853688888889	-0,316068148148
26,05	0,5959968	-0,0118906666667	-0,311579506173
26,1	0,5946248	-0,0280497777778	-0,185812839506
26,15	0,592704	-0,0333853333333	0,00872320987654
26,2	0,5907832	-0,0266777777778	0,195552345679
26,25	0,5896856	-0,0111284444444	0,314797777778
26,3	0,5894112	0,009604	0,319286419753
26,35	0,5907832	0,0268302222222	0,19208
26,4	0,592704	0,0314035555556	0,00186320987654
26,45	0,5943504	0,0254582222222	-0,165402222222
26,5	0,595448	0,0131102222222	-0,284817037037
26,55	0,5959968	-0,00594533333333	-0,323944444444
26,6	0,5948992	-0,0251533333333	-0,234849135802
26,65	0,5929784	-0,0335377777778	-0,0600461728395
26,7	0,5910576	-0,0303364444444	0,0899422222222
26,75	0,5894112	-0,0185982222222	0,12991654321
26,8	0,5894112	-0,0103662222222	0,0779160493827
26,85	0,58996	-0,0228666666667	0,227142222222
26,9	0,5852952	-0,00304888888889	0,579458271605
26,95	0,5866672	0,0632644444444	0,413971358025
27	0,5951736	0,0670755555556	-0,256953580247
27,05	0,5962712	0,0169213333333	-0,58437037037
27,1	0,595448	-0,0157017777778	-0,441919506173
27,15	0,5938016	-0,0303364444444	-0,165148148148
27,2	0,5918808	-0,0291168888889	0,0782548148148
27,25	0,5905088	-0,0182933333333	0,225024938272
27,3	0,58996	-0,00381111111111	0,292185185185
27,35	0,58996	0,01372	0,277025432099
27,4	0,591332	0,0294217777778	0,141773333333
27,45	0,5935272	0,0318608888889	-0,0733427160494
27,5	0,5951736	0,0199702222222	-0,248060987654
27,55	0,5957224	0,00228666666667	-0,317761975309
27,6	0,595448	-0,016464	-0,275500987654
27,65	0,5938016	-0,0289644444444	-0,143890617284
27,7	0,5921552	-0,0321657777778	0,0236288888889
27,75	0,5902344	-0,0263728888889	0,185135308642
27,8	0,5891368	-0,0117382222222	0,296419753086
27,85	0,5888624	0,00731733333333	0,311071358025
27,9	0,58996	0,0240862222222	0,215624197531
27,95	0,5916064	0,0326231111111	0,0371795061728
28	0,5938016	0,0283546666667	-0,15261382716
28,05	0,5948992	0,01372	-0,266862469136
28,1	0,5951736	-0,00243911111111	-0,284732345679
28,15	0,5946248	-0,0176835555556	-0,221721975309
28,2	0,5932528	-0,0282022222222	-0,0744437037037
28,25	0,591332	-0,0275924444444	0,121193333333
28,3	0,58996	-0,0149395555556	0,283292592593
28,35	0,5894112	0,00640266666667	0,320048641975
28,4	0,5907832	0,0240862222222	0,20664691358
28,45	0,5924296	0,0294217777778	0,0300654320988
28,5	0,594076	0,0256106666667	-0,128900246914
28,55	0,5951736	0,0155493333333	-0,256360740741
28,6	0,5959968	-0,00198177777778	-0,322250617284
28,65	0,5951736	-0,0225617777778	-0,259070864198
28,7	0,5932528	-0,0330804444444	-0,0835903703704
28,75	0,591332	-0,031556	0,114672098765
28,8	0,5896856	-0,0195128888889	0,267285925926
28,85	0,5891368	-0,001372	0,331058518519
28,9	0,5894112	0,0187506666667	0,273807160494
28,95	0,591332	0,0314035555556	0,102307160494
29	0,5932528	0,0295742222222	-0,0885024691358
29,05	0,5946248	0,0190555555556	-0,214438518519
29,1	0,5951736	0,00594533333333	-0,279396790123
29,15	0,595448	-0,0111284444444	-0,27482345679
29,2	0,594076	-0,0269826666667	-0,152698518519
29,25	0,5921552	-0,030184	0,0470037037037
29,3	0,5905088	-0,0210373333333	0,222060740741
29,35	0,5896856	-0,00335377777778	0,297097283951
29,4	0,5902344	0,01372	0,256445432099
29,45	0,591332	0,0250008888889	0,142112098765
29,5	0,5929784	0,0294217777778	-0,013550617284
29,55	0,5946248	0,0248484444444	-0,187252592593
29,6	0,5959968	0,00884177777778	-0,310647901235
29,65	0,5957224	-0,0117382222222	-0,310478518519
29,7	0,5946248	-0,0278973333333	-0,183610864198
29,75	0,5924296	-0,032928	0,00982419753087
29,8	0,5907832	-0,0254582222222	0,178868148148
29,85	0,5896856	-0,0120431111111	0,279735555556
29,9	0,5894112	0,005488	0,300400246914
29,95	0,5902344	0,0221044444444	0,22079037037
30	0,5918808	0,0320133333333	0,0460720987654
30,05	0,594076	0,0280497777778	-0,155408641975
30,1	0,5951736	0,0129577777778	-0,283038518519
30,15	0,595448	-0,00503066666667	-0,299129876543
30,2	0,5946248	-0,0213422222222	-0,208510123457
30,25	0,5929784	-0,0295742222222	-0,0370101234568
30,3	0,5910576	-0,0248484444444	0,134659259259
30,35	0,5902344	-0,0129577777778	0,24094691358
30,4	0,5896856	0,00167688888889	0,27998962963
30,45	0,5902344	0,0187506666667	0,22765037037
30,5	0,5918808	0,0286595555556	0,0816424691358
30,55	0,5935272	0,0285071111111	-0,101121481481
30,6	0,5951736	0,0176835555556	-0,258478024691
30,65	0,5957224	-0,00182933333333	-0,314120246914
30,7	0,5948992	-0,0198177777778	-0,238152098765
30,75	0,5932528	-0,0280497777778	-0,0957012345679
30,8	0,5918808	-0,0295742222222	0,0614012345679
30,85	0,58996	-0,0224093333333	0,217572098765
30,9	0,5891368	-0,00503066666667	0,304211358025
30,95	0,5894112	0,0135675555556	0,26923382716
31	0,5907832	0,026068	0,136607160494
31,05	0,5924296	0,028812	-0,037687654321
31,1	0,594076	0,0214946666667	-0,193180987654
31,15	0,5948992	0,00670755555556	-0,280074320988
31,2	0,5948992	-0,0111284444444	-0,261272839506
31,25	0,5935272	-0,0236288888889	-0,14490691358
31,3	0,5921552	-0,0271351111111	0,0131271604938
31,35	0,5905088	-0,0225617777778	0,173532592593
31,4	0,5894112	-0,00746977777778	0,276856049383
31,45	0,5896856	0,00975644444444	0,274145925926
31,5	0,5905088	0,0240862222222	0,17277037037
31,55	0,5924296	0,030184	0,0003387654321
31,6	0,594076	0,0240862222222	-0,1715
31,65	0,5951736	0,00990888888889	-0,274908148148
31,7	0,5951736	-0,00731733333333	-0,284562962963
31,75	0,5943504	-0,0222568888889	-0,201480740741
31,8	0,592704	-0,0307937777778	-0,0414140740741
31,85	0,5907832	-0,0278973333333	0,146939506173
31,9	0,5894112	-0,0138724444444	0,281598765432
31,95	0,5891368	0,00579288888889	0,29498
32	0,5902344	0,0207324444444	0,19292691358
32,05	0,5916064	0,0268302222222	0,0420916049383
32,1	0,5932528	0,0245435555556	-0,106457037037
32,15	0,5943504	0,0147871111111	-0,220620987654
32,2	0,5948992	0,000609777777778	-0,279481481482
32,25	0,5946248	-0,0170737777778	-0,243148888889
32,3	0,5929784	-0,0292693333333	-0,0903656790124
32,35	0,5910576	-0,0280497777778	0,104085679012
32,4	0,5896856	-0,0157017777778	0,237474567901
32,45	0,5894112	-0,000152444444444	0,276178518519
32,5	0,5896856	0,015092	0,228497283951
32,55	0,5910576	0,0262204444444	0,0932451851852
32,6	0,592704	0,0278973333333	-0,120177037037
32,65	0,5943504	0,015092	-0,32369037037
32,7	0,5948992	-0,00884177777778	-0,398896296296
32,75	0,5943504	-0,0445137777778	-0,121108641975
32,8	0,587216	-0,024696	0,224262716049
32,85	0,5916064	0,00243911111111	0,157441234568
32,9	0,58996	-0,00945155555556	0,0722417283951
32,95	0,5894112	-0,00198177777778	0,15735654321
33	0,5894112	0,00975644444444	0,192757530864
33,05	0,5905088	0,021952	0,140841728395
33,1	0,5918808	0,0271351111111	0,00550493827161
33,15	0,5935272	0,0242386666667	-0,16294617284
33,2	0,5948992	0,00899422222222	-0,284308888889
33,25	0,5946248	-0,0103662222222	-0,2744
33,3	0,5935272	-0,023324	-0,154815802469
33,35	0,5918808	-0,0269826666667	0,00203259259259
33,4	0,5905088	-0,0222568888889	0,144568148148
33,45	0,5894112	-0,0111284444444	0,247468148148
33,5	0,5891368	0,00533555555556	0,278041728395
33,55	0,58996	0,0211897777778	0,203852098765
33,6	0,5916064	0,0292693333333	0,0423456790123
33,65	0,5932528	0,0280497777778	-0,183610864198
33,7	0,5948992	0,0117382222222	-0,389495555556
33,75	0,5951736	-0,0158542222222	-0,443952098765
33,8	0,5943504	-0,056252	-0,0803720987654
33,85	0,5855696	-0,0282022222222	0,352993580247
33,9	0,5910576	0,0108235555556	0,245096790123
33,95	0,58996	-0,002744	0,0843525925926
34	0,5894112	0,004116	0,144568148148
34,05	0,58996	0,015092	0,156679012346
34,1	0,5910576	0,026068	0,0528474074074
34,15	0,5929784	0,0257631111111	-0,161675802469
34,2	0,5943504	0,00975644444444	-0,343
34,25	0,5948992	-0,02058	-0,285663950617
34,3	0,591332	-0,0330804444444	0,0235441975309
34,35	0,5894112	-0,00777466666667	0,163623703704
34,4	0,5918808	-0,00198177777778	0,0518311111111
34,45	0,5902344	-0,0118906666667	0,0740202469136
34,5	0,5894112	-0,00167688888889	0,2058
34,55	0,5896856	0,0155493333333	0,223331111111
34,6	0,591332	0,02744	0,106118271605
34,65	0,5929784	0,02744	-0,05488
34,7	0,5943504	0,0199702222222	-0,181578271605
34,75	0,5951736	0,00716488888889	-0,25509037037
34,8	0,5951736	-0,00807955555556	-0,26025654321
34,85	0,5943504	-0,0222568888889	-0,182763950617
34,9	0,592704	-0,030184	-0,0221891358025
34,95	0,5907832	-0,0257631111111	0,162776790123
35	0,5896856	-0,0112808888889	0,286510864198
35,05	0,5894112	0,00838444444444	0,28812
35,1	0,5907832	0,0228666666667	0,169128641975
35,15	0,5921552	0,0269826666667	0,00414987654321
35,2	0,5938016	0,0228666666667	-0,152275061728
35,25	0,5948992	0,00884177777778	-0,243741728395
35,3	0,5946248	-0,00518311111111	-0,248823209877
35,35	0,5943504	-0,0182933333333	-0,188607654321
35,4	0,592704	-0,0275924444444	-0,0500525925926
35,45	0,5910576	-0,0253057777778	0,124665679012
35,5	0,5896856	-0,0125004444444	0,243995802469
35,55	0,5896856	0,00381111111111	0,261018765432
35,6	0,5902344	0,0170737777778	0,191825925926
35,65	0,5916064	0,0248484444444	0,0707172839506
35,7	0,5929784	0,0256106666667	-0,0807955555556
35,75	0,5946248	0,0163115555556	-0,216047654321
35,8	0,5948992	0,000457333333333	-0,271520493827
35,85	0,5946248	-0,0149395555556	-0,229852345679
35,9	0,5932528	-0,026068	-0,104339753086
35,95	0,5916064	-0,0275924444444	0,0672449382716
36	0,58996	-0,0176835555556	0,204614320988
36,05	0,5896856	-0,00320133333333	0,256021975309
36,1	0,5896856	0,0108235555556	0,230360493827
36,15	0,5907832	0,0231715555556	0,124665679012
36,2	0,5924296	0,0259155555556	-0,0364172839506
36,25	0,5938016	0,0189031111111	-0,183441481482
36,3	0,5946248	0,00457333333333	-0,26068
36,35	0,5943504	-0,0115857777778	-0,236119506173
36,4	0,5932528	-0,0230191111111	-0,121447407407
36,45	0,5916064	-0,0248484444444	0,0259155555556
36,5	0,5905088	-0,0195128888889	0,156424938272
36,55	0,5894112	-0,00807955555556	0,251787407407
36,6	0,5894112	0,00914666666667	0,263474814815
36,65	0,5905088	0,0225617777778	0,175311111111
36,7	0,5918808	0,0300315555556	0,0121108641975
36,75	0,594076	0,0250008888889	-0,172600987654
36,8	0,5948992	0,00884177777778	-0,2744
36,85	0,5948992	-0,00731733333333	-0,26669308642
36,9	0,594076	-0,0211897777778	-0,174294814815
36,95	0,5924296	-0,0268302222222	-0,0298113580247
37	0,5910576	-0,0242386666667	0,117636296296
37,05	0,5896856	-0,0138724444444	0,233324691358
37,1	0,5894112	0,00228666666667	0,271351111111
37,15	0,58996	0,0173786666667	0,21138962963
37,2	0,591332	0,02744	0,06174
37,25	0,5932528	0,0253057777778	-0,12305654321
37,3	0,5943504	0,012348	-0,24780691358
37,35	0,5946248	-0,00426844444444	-0,26626962963
37,4	0,5938016	-0,0184457777778	-0,186744444444
37,45	0,5924296	-0,0248484444444	-0,0553034567901
37,5	0,5910576	-0,0242386666667	0,0859617283951
37,55	0,5896856	-0,0158542222222	0,211304938272
37,6	0,5891368	-0,000304888888889	0,269741975309
37,65	0,5896856	0,015092	0,234425679012
37,7	0,5907832	0,0266777777778	0,113825185185
37,75	0,592704	0,0294217777778	-0,0665674074074
37,8	0,5943504	0,0190555555556	-0,222822962963
37,85	0,5948992	0,00198177777778	-0,271943950617
37,9	0,5943504	-0,0121955555556	-0,22468617284
37,95	0,5935272	-0,0224093333333	-0,119414814815
38	0,5918808	-0,026068	0,0297266666667
38,05	0,5905088	-0,0201226666667	0,183780246914
38,1	0,5894112	-0,00472577777778	0,268640987654
38,15	0,58996	0,0125004444444	0,230275802469
38,2	0,5910576	0,0217995555556	0,108997777778
38,25	0,5924296	0,0239337777778	-0,0336224691358
38,3	0,5938016	0,0175311111111	-0,157949382716
38,35	0,5943504	0,00640266666667	-0,236288888889
38,4	0,5946248	-0,00853688888889	-0,248653827161
38,45	0,5935272	-0,0230191111111	-0,159897283951
38,5	0,5918808	-0,0280497777778	0,00423456790124
38,55	0,5902344	-0,0221044444444	0,162776790123
38,6	0,5894112	-0,00914666666667	0,260341234568
38,65	0,5891368	0,00762222222222	0,267201234568
38,7	0,5902344	0,0224093333333	0,167350123457
38,75	0,5918808	0,0266777777778	0,013550617284
38,8	0,5932528	0,0225617777778	-0,122124938272
38,85	0,5943504	0,0125004444444	-0,212829382716
38,9	0,5946248	-0,000762222222222	-0,246875308642
38,95	0,5943504	-0,015092	-0,20707037037
39	0,5929784	-0,0254582222222	-0,0802027160494
39,05	0,591332	-0,0253057777778	0,0905350617284
39,1	0,58996	-0,0144822222222	0,220282222222
39,15	0,5896856	0,00121955555556	0,253311851852
39,2	0,5902344	0,0144822222222	0,198008395062
39,25	0,591332	0,0228666666667	0,0874861728395
39,3	0,592704	0,0253057777778	-0,0669908641975
39,35	0,5943504	0,0169213333333	-0,224262716049
39,4	0,5948992	-0,00152444444444	-0,284139506173
39,45	0,594076	-0,017836	-0,209441728395
39,5	0,592704	-0,0256106666667	-0,0597920987654
39,55	0,5910576	-0,0230191111111	0,0843525925926
39,6	0,5902344	-0,015092	0,184627160494
39,65	0,5894112	-0,00335377777778	0,244758024691
39,7	0,5896856	0,0121955555556	0,233494074074
39,75	0,5907832	0,0240862222222	0,131102222222
39,8	0,5924296	0,0280497777778	-0,0311664197531
39,85	0,594076	0,0208848888889	-0,188522962963
39,9	0,5948992	0,005488	-0,264745185185
39,95	0,5946248	-0,0105186666667	-0,233070617284
40	0,5935272	-0,0202751111111	-0,135082716049
40,05	0,5924296	-0,0248484444444	-0,0085538271605
40,1	0,5907832	-0,0224093333333	0,137538765432
40,15	0,5896856	-0,009604	0,243911111111
40,2	0,5896856	0,00655511111111	0,250008888889
40,25	0,5905088	0,0193604444444	0,162014567901
40,3	0,5918808	0,0254582222222	0,0105864197531
40,35	0,5935272	0,0208848888889	-0,148887407407
40,4	0,5943504	0,00762222222222	-0,242556049383
40,45	0,5943504	-0,00746977777778	-0,241455061728
40,5	0,5935272	-0,0204275555556	-0,151004691358
40,55	0,5918808	-0,0243911111111	-0,0149903703704
40,6	0,5907832	-0,0208848888889	0,107896790123
40,65	0,5896856	-0,0131102222222	0,212575308642
40,7	0,5891368	0,00167688888889	0,271689876543
40,75	0,5896856	0,0189031111111	0,222314814815
40,8	0,591332	0,0292693333333	0,0619940740741
40,85	0,5932528	0,026068	-0,121023950617
40,9	0,5943504	0,0134151111111	-0,230021728395
40,95	0,5946248	-0,00121955555556	-0,243741728395
41	0,594076	-0,0131102222222	-0,194705432099
41,05	0,5932528	-0,0224093333333	-0,096124691358
41,1	0,5916064	-0,0253057777778	0,0534402469136
41,15	0,5902344	-0,0175311111111	0,202158271605
41,2	0,5894112	-0,000914666666667	0,261018765432
41,25	0,5902344	0,0144822222222	0,195298271605
41,3	0,591332	0,02058	0,0730039506173
41,35	0,5924296	0,0216471111111	-0,0556422222222
41,4	0,5938016	0,0152444444444	-0,178952839506
41,45	0,5943504	0,000914666666667	-0,236797037037
41,5	0,5938016	-0,012348	-0,206392839506
41,55	0,5929784	-0,0222568888889	-0,110098765432
41,6	0,591332	-0,0256106666667	0,0365019753086
41,65	0,58996	-0,0187506666667	0,181747654321
41,7	0,5891368	-0,00457333333333	0,261272839506
41,75	0,5894112	0,0117382222222	0,24094691358
41,8	0,5905088	0,0234764444444	0,130085925926
41,85	0,5921552	0,0263728888889	-0,0210034567901
41,9	0,5935272	0,0202751111111	-0,152613827161
41,95	0,5943504	0,00914666666667	-0,234679753086
42	0,5946248	-0,00579288888889	-0,246367160494
42,05	0,5938016	-0,0201226666667	-0,156763703704
42,1	0,5921552	-0,0248484444444	0,00203259259259
42,15	0,5907832	-0,0182933333333	0,134066419753
42,2	0,5902344	-0,00807955555556	0,196483950617
42,25	0,58996	0,00320133333333	0,2058
42,3	0,5905088	0,0146346666667	0,158542222222
42,35	0,5916064	0,0216471111111	0,0522545679012
42,4	0,5929784	0,0213422222222	-0,0866392592593
42,45	0,594076	0,0128053333333	-0,214099753086
42,5	0,5946248	-0,00320133333333	-0,265592098765
42,55	0,5938016	-0,0196653333333	-0,191063703704
42,6	0,5921552	-0,0259155555556	-0,0359938271605
42,65	0,5907832	-0,0224093333333	0,110691604938
42,7	0,5896856	-0,0125004444444	0,206562222222
42,75	0,5894112	0,000609777777778	0,240015308642
42,8	0,5896856	0,0144822222222	0,200464444444
42,85	0,5910576	0,0237813333333	0,0896881481482
42,9	0,5924296	0,024696	-0,0525086419753
42,95	0,5938016	0,0182933333333	-0,185558765432
43	0,5946248	0,00396355555556	-0,260849382716
43,05	0,5943504	-0,0129577777778	-0,223077037037
43,1	0,5929784	-0,0227142222222	-0,0906197530864
43,15	0,5916064	-0,0222568888889	0,0564891358025
43,2	0,5905088	-0,015092	0,165232839506
43,25	0,58996	-0,00396355555556	0,225363703704
43,3	0,58996	0,0100613333333	0,217063950617
43,35	0,5910576	0,0214946666667	0,122887160494
43,4	0,5924296	0,0253057777778	-0,0344693827161
43,45	0,594076	0,0181408888889	-0,190216790123
43,5	0,5946248	0,00259155555556	-0,263559506173
43,55	0,5943504	-0,0134151111111	-0,222907654321
43,6	0,5929784	-0,0231715555556	-0,101375555556
43,65	0,5916064	-0,0234764444444	0,030827654321
43,7	0,5905088	-0,019208	0,14533037037
43,75	0,5894112	-0,00838444444444	0,233917530864
43,8	0,5894112	0,00731733333333	0,246790617284
43,85	0,5902344	0,0208848888889	0,159389135802
43,9	0,5918808	0,026068	0,00745283950617
43,95	0,5932528	0,0214946666667	-0,143551851852
44	0,5943504	0,00929911111111	-0,237389876543
44,05	0,5943504	-0,00640266666667	-0,236288888889
44,1	0,5935272	-0,0182933333333	-0,145753827161
44,15	0,5921552	-0,0222568888889	-0,0188014814815
44,2	0,5910576	-0,0196653333333	0,101544938272
44,25	0,58996	-0,0112808888889	0,19724617284
44,3	0,5896856	0,00243911111111	0,232647160494
44,35	0,5902344	0,0153968888889	0,185982222222
44,4	0,591332	0,0248484444444	0,0564891358025
44,45	0,5932528	0,0228666666667	-0,10891308642
44,5	0,594076	0,010976	-0,215370123457
44,55	0,5943504	-0,00243911111111	-0,237643950617
44,6	0,5938016	-0,0152444444444	-0,191910617284
44,65	0,592704	-0,0242386666667	-0,082404691358
44,7	0,5910576	-0,0256106666667	0,0710560493827
44,75	0,5896856	-0,0166164444444	0,209611111111
44,8	0,5891368	-0,00152444444444	0,273891851852
44,85	0,5894112	0,0157017777778	0,227396296296
44,9	0,5910576	0,0254582222222	0,0869780246914
44,95	0,5924296	0,024696	-0,0664827160494
45	0,5938016	0,0169213333333	-0,180731358025
45,05	0,5943504	0,00365866666667	-0,226210617284
45,1	0,594076	-0,008232	-0,20622345679
45,15	0,5935272	-0,019208	-0,128392098765
45,2	0,5918808	-0,0236288888889	0,00592839506173
45,25	0,5907832	-0,0190555555556	0,147701728395
45,3	0,5896856	-0,00746977777778	0,249754814815
45,35	0,5896856	0,0106711111111	0,245350864198
45,4	0,5910576	0,0225617777778	0,124496296296
45,45	0,5924296	0,0242386666667	-0,0292185185185
45,5	0,5938016	0,017836	-0,152359753086
45,55	0,5943504	0,00701244444444	-0,225617777778
45,6	0,5946248	-0,00655511111111	-0,243148888889
45,65	0,5938016	-0,0211897777778	-0,170144938272
45,7	0,5921552	-0,0277448888889	-0,010417037037
45,75	0,5905088	-0,0228666666667	0,160490123457
45,8	0,5894112	-0,00807955555556	0,255259753086
45,85	0,5896856	0,00792711111111	0,235780740741
45,9	0,5905088	0,0179884444444	0,149141481481
45,95	0,5916064	0,0239337777778	0,0298113580247
46	0,5932528	0,0216471111111	-0,101375555556
46,05	0,594076	0,012348	-0,198177777778
46,1	0,5946248	-0,000609777777778	-0,234595061728
46,15	0,594076	-0,0144822222222	-0,188861728395
46,2	0,5929784	-0,0231715555556	-0,0627562962963
46,25	0,591332	-0,0224093333333	0,0956165432099
46,3	0,5902344	-0,010976	0,200718518519
46,35	0,5902344	0,00182933333333	0,214861975309
46,4	0,5905088	0,0128053333333	0,166672592593
46,45	0,5916064	0,0207324444444	0,0647041975309
46,5	0,5929784	0,0201226666667	-0,0585217283951
46,55	0,5938016	0,0141773333333	-0,166249135802
46,6	0,5946248	0,00259155555556	-0,240438765432
46,65	0,5943504	-0,0138724444444	-0,222653580247
46,7	0,5929784	-0,0248484444444	-0,0971409876543
46,75	0,591332	-0,024696	0,0594533333333
46,8	0,5902344	-0,0170737777778	0,180477283951
46,85	0,5894112	-0,00426844444444	0,24137037037
46,9	0,5896856	0,0108235555556	0,215285432099
46,95	0,5907832	0,0201226666667	0,118991358025
47	0,5918808	0,0240862222222	-0,0132118518519
47,05	0,5935272	0,0198177777778	-0,159304444444
47,1	0,5943504	0,005488	-0,242810123457
47,15	0,594076	-0,00929911111111	-0,220536296296
47,2	0,5932528	-0,0202751111111	-0,113994567901
47,25	0,5916064	-0,0217995555556	0,0231207407407
47,3	0,5907832	-0,0161591111111	0,129154320988
47,35	0,58996	-0,00792711111111	0,203936790123
47,4	0,5896856	0,00594533333333	0,226125925926
47,45	0,5905088	0,0196653333333	0,14448345679
47,5	0,5921552	0,0234764444444	-0,00347234567901
47,55	0,5932528	0,0179884444444	-0,131949135802
47,6	0,594076	0,00838444444444	-0,214692592593
47,65	0,5943504	-0,00640266666667	-0,225871851852
47,7	0,5932528	-0,0175311111111	-0,158711604938
47,75	0,5924296	-0,0242386666667	-0,0421762962963
47,8	0,5905088	-0,0231715555556	0,103916296296
47,85	0,5896856	-0,0125004444444	0,217402716049
47,9	0,5891368	0,00152444444444	0,258393333333
47,95	0,5896856	0,017836	0,197330864198
48	0,591332	0,0253057777778	0,0503913580247
48,05	0,592704	0,0224093333333	-0,0938380246914
48,1	0,5938016	0,0132626666667	-0,185728148148
48,15	0,594076	0,00182933333333	-0,222907654321
48,2	0,594076	-0,010976	-0,202920493827
48,25	0,5929784	-0,0224093333333	-0,0981572839506
48,3	0,591332	-0,023324	0,058182962963
48,35	0,5902344	-0,0149395555556	0,183441481482
48,4	0,5896856	-0,00198177777778	0,238999012346
48,45	0,58996	0,012348	0,210119259259
48,5	0,5910576	0,0228666666667	0,096124691358
48,55	0,592704	0,0236288888889	-0,0553034567901
48,6	0,5938016	0,0155493333333	-0,173617283951
48,65	0,5943504	0,00396355555556	-0,235272592593
48,7	0,5943504	-0,0105186666667	-0,228243209877
48,75	0,5932528	-0,0230191111111	-0,129239012346
48,8	0,5916064	-0,026068	0,0267624691358
48,85	0,5902344	-0,0195128888889	0,167858271605
48,9	0,5894112	-0,00670755555556	0,24780691358
48,95	0,5894112	0,00914666666667	0,236288888889
49	0,5905088	0,0208848888889	0,135336790123
49,05	0,5918808	0,0242386666667	-0,00525086419753
49,1	0,5932528	0,0196653333333	-0,134066419753
49,15	0,594076	0,00914666666667	-0,219181234568
49,2	0,5943504	-0,00518311111111	-0,230529876543
49,25	0,5935272	-0,0181408888889	-0,147871111111
49,3	0,5921552	-0,0228666666667	-0,00271012345679
49,35	0,5907832	-0,0175311111111	0,128730864198
49,4	0,5902344	-0,00731733333333	0,201734814815
49,45	0,58996	0,00518311111111	0,210034567901
49,5	0,5907832	0,0166164444444	0,147447654321
49,55	0,5918808	0,0221044444444	0,0325214814815
49,6	0,5932528	0,0208848888889	-0,104085679012
49,65	0,5943504	0,010976	-0,217741481482
49,7	0,5946248	-0,00457333333333	-0,247976296296
49,75	0,5938016	-0,0184457777778	-0,175311111111
49,8	0,5924296	-0,0245435555556	-0,0421762962963
49,85	0,5910576	-0,0231715555556	0,102984691358
49,9	0,5896856	-0,0125004444444	0,207578518519
49,95	0,5896856	0,001372	0,228920740741
50	0,58996	0,0129577777778	0,18394962963
50,05	0,5910576	0,0217995555556	0,0852841975309
50,1	0,5924296	0,0234764444444	-0,054710617284
50,15	0,5938016	0,0161591111111	-0,185812839506
50,2	0,5943504	0,00198177777778	-0,247976296296
50,25	0,594076	-0,0134151111111	-0,204614320988
50,3	0,592704	-0,0224093333333	-0,07546
50,35	0,591332	-0,0207324444444	0,0588604938272
50,4	0,5905088	-0,0146346666667	0,155832098765
50,45	0,5896856	-0,00396355555556	0,215878271605
50,5	0,58996	0,009604	0,210034567901
50,55	0,5907832	0,0201226666667	0,131017530864
50,6	0,5921552	0,0254582222222	-0,00829975308642
50,65	0,5938016	0,0202751111111	-0,162522716049
50,7	0,5946248	0,00579288888889	-0,243402962963
50,75	0,5943504	-0,00884177777778	-0,22036691358
50,8	0,5935272	-0,0190555555556	-0,127037037037
50,85	0,5921552	-0,0224093333333	-0,00516617283951
50,9	0,5910576	-0,0195128888889	0,116365925926
50,95	0,58996	-0,0103662222222	0,216979259259
51	0,5896856	0,00518311111111	0,243657037037
51,05	0,5905088	0,0195128888889	0,155323950617
51,1	0,5921552	0,0234764444444	0,00525086419753
51,15	0,5932528	0,0182933333333	-0,118144444444
51,2	0,594076	0,00945155555556	-0,19123308642
51,25	0,5943504	-0,002744	-0,210627407407
51,3	0,5938016	-0,0144822222222	-0,160913580247
51,35	0,592704	-0,0214946666667	-0,0505607407408
51,4	0,591332	-0,0208848888889	0,0885871604938
51,45	0,5902344	-0,0115857777778	0,201480740741
51,5	0,58996	0,00259155555556	0,237389876543
51,55	0,5905088	0,0163115555556	0,17836
51,6	0,5918808	0,0234764444444	0,0495444444444
51,65	0,5932528	0,0216471111111	-0,0910432098766
51,7	0,5943504	0,0125004444444	-0,192164691358
51,75	0,5946248	-0,000152444444444	-0,230783950617
51,8	0,5943504	-0,0131102222222	-0,202581728395
51,85	0,5932528	-0,0236288888889	-0,100443950617
51,9	0,5916064	-0,0256106666667	0,0527627160494
51,95	0,5902344	-0,0173786666667	0,185897530864
52	0,5896856	-0,004116	0,250601728395
52,05	0,5896856	0,0115857777778	0,223246419753
52,1	0,5910576	0,0224093333333	0,104424444444
52,15	0,5924296	0,0227142222222	-0,0365866666667
52,2	0,5935272	0,0172262222222	-0,149480246914
52,25	0,5943504	0,00640266666667	-0,221552592593
52,3	0,5943504	-0,00777466666667	-0,220705679012
52,35	0,5935272	-0,0201226666667	-0,124242222222
52,4	0,5918808	-0,0228666666667	0,0287103703704
52,45	0,5907832	-0,0155493333333	0,15176691358
52,5	0,5902344	-0,00472577777778	0,208764197531
52,55	0,5902344	0,00777466666667	0,200887901235
52,6	0,5910576	0,0184457777778	0,12263308642
52,65	0,5924296	0,0217995555556	0,00321827160493
52,7	0,5935272	0,0181408888889	-0,10976
52,75	0,5943504	0,0103662222222	-0,203936790123
52,8	0,5948992	-0,00396355555556	-0,246028395062
52,85	0,594076	-0,0196653333333	-0,174040740741
52,9	0,5924296	-0,0253057777778	-0,020410617284
52,95	0,5910576	-0,0204275555556	0,116111851852
53	0,5902344	-0,0106711111111	0,19080962963
53,05	0,58996	0,000609777777778	0,210881481482
53,1	0,5902344	0,0125004444444	0,174379506173
53,15	0,591332	0,0210373333333	0,0713948148148
53,2	0,592704	0,0213422222222	-0,0694469135803
53,25	0,5938016	0,0135675555556	-0,198008395062
53,3	0,5943504	-0,000609777777778	-0,276432592593
53,35	0,5938016	-0,017836	-0,254497530864
53,4	0,5924296	-0,0297266666667	-0,128815555556
53,45	0,5910576	-0,0407026666667	0,166757283951
53,5	0,5861184	-0,0118906666667	0,420153827161
53,55	0,5896856	0,0213422222222	0,309462222222
53,6	0,5902344	0,0214946666667	0,119668888889
53,65	0,591332	0,0263728888889	0,0212575308642
53,7	0,5929784	0,0256106666667	-0,0973103703704
53,75	0,5943504	0,0169213333333	-0,203513333333
53,8	0,5948992	0,00259155555556	-0,251872098765
53,85	0,5946248	-0,0120431111111	-0,213252839506
53,9	0,5935272	-0,0224093333333	-0,0944308641975
53,95	0,5918808	-0,0222568888889	0,0456486419753
54	0,5910576	-0,0157017777778	0,145499753086
54,05	0,5902344	-0,00625022222222	0,20537654321
54,1	0,5902344	0,00701244444445	0,207747901235
54,15	0,5910576	0,0175311111111	0,139063209877
54,2	0,5921552	0,0234764444444	0,0126190123457
54,25	0,5938016	0,0201226666667	-0,136268395062
54,3	0,5946248	0,00731733333333	-0,227819753086
54,35	0,5946248	-0,00777466666667	-0,21181308642
54,4	0,5935272	-0,0169213333333	-0,121447407407
54,45	0,592704	-0,0202751111111	-0,00999358024692
54,5	0,591332	-0,0184457777778	0,111369135802
54,55	0,5905088	-0,00868933333333	0,212321234568
54,6	0,5902344	0,00579288888889	0,240438765432
54,65	0,5910576	0,0202751111111	0,161845185185
54,7	0,592704	0,0254582222222	0,00770691358025
54,75	0,594076	0,0201226666667	-0,133219506173
54,8	0,5948992	0,00945155555556	-0,214099753086
54,85	0,5951736	-0,00442088888889	-0,218842469136
54,9	0,5943504	-0,0158542222222	-0,145753827161
54,95	0,5932528	-0,0202751111111	-0,0364172839506
55	0,5921552	-0,0195128888889	0,0770691358025
55,05	0,5910576	-0,0126528888889	0,181239506173
55,1	0,5905088	0,00152444444444	0,217995555556
55,15	0,591332	0,0135675555556	0,160236049383
55,2	0,5921552	0,0195128888889	0,0520851851852
55,25	0,5935272	0,0190555555556	-0,0661439506173
55,3	0,5943504	0,0118906666667	-0,159135061728
55,35	0,5948992	0,000609777777778	-0,194959506173
55,4	0,5943504	-0,0100613333333	-0,169890864198
55,45	0,5938016	-0,0181408888889	-0,0951930864198
55,5	0,5924296	-0,0222568888889	0,0337918518519
55,55	0,5910576	-0,0155493333333	0,171245925926
55,6	0,5905088	-0,00121955555556	0,22765037037
55,65	0,5910576	0,0115857777778	0,187930123457
55,7	0,5918808	0,0196653333333	0,0912972839506
55,75	0,5932528	0,0216471111111	-0,0300654320988
55,8	0,5943504	0,016464	-0,143551851852
55,85	0,5951736	0,00518311111111	-0,208425432099
55,9	0,5948992	-0,00731733333333	-0,204190864198
55,95	0,5943504	-0,0176835555556	-0,13677654321
56	0,5929784	-0,0234764444444	-0,013550617284
56,05	0,5916064	-0,0202751111111	0,129747160494
56,1	0,5905088	-0,00792711111111	0,217487407407
56,15	0,5907832	0,00594533333333	0,209187654321
56,2	0,591332	0,0153968888889	0,137030617284
56,25	0,5924296	0,0211897777778	0,023967654321
56,3	0,5938016	0,0187506666667	-0,105779506173
56,35	0,5946248	0,00914666666667	-0,199024691358
56,4	0,5948992	-0,00457333333333	-0,21393037037
56,45	0,594076	-0,0161591111111	-0,140587654321
56,5	0,5929784	-0,0208848888889	-0,0160913580247
56,55	0,5916064	-0,0172262222222	0,101121481481
56,6	0,5910576	-0,00838444444445	0,169298024691
56,65	0,5907832	0,00121955555556	0,194705432099
56,7	0,5910576	0,0128053333333	0,170399012346
56,75	0,5921552	0,0214946666667	0,0742743209877
56,8	0,5935272	0,0227142222222	-0,0710560493827
56,85	0,5948992	0,01372	-0,19894
56,9	0,5951736	-0,001372	-0,236797037037
56,95	0,5946248	-0,0141773333333	-0,178105925926
57	0,5935272	-0,0214946666667	-0,0608930864198
57,05	0,5921552	-0,0210373333333	0,0735967901235
57,1	0,5910576	-0,0125004444444	0,171415308642
57,15	0,5907832	-0,000762222222222	0,200125679012
57,2	0,5910576	0,00990888888889	0,168197037037
57,25	0,5918808	0,0176835555556	0,0905350617284
57,3	0,5929784	0,0208848888889	-0,0279481481482
57,35	0,5943504	0,0155493333333	-0,152444444444
57,4	0,5948992	0,002744	-0,212829382716
57,45	0,5946248	-0,0103662222222	-0,175903950617
57,5	0,5935272	-0,0170737777778	-0,0828281481482
57,55	0,592704	-0,0182933333333	0,0149903703704
57,6	0,5916064	-0,0158542222222	0,114841481481
57,65	0,5907832	-0,00640266666667	0,195806419753
57,7	0,5907832	0,00686	0,20664691358
57,75	0,5916064	0,0175311111111	0,140672345679
57,8	0,592704	0,0234764444444	0,0153291358025
57,85	0,5943504	0,0202751111111	-0,131017530864
57,9	0,5951736	0,00777466666667	-0,219604691358
57,95	0,5951736	-0,00625022222222	-0,209441728395
58	0,5943504	-0,0163115555556	-0,124411604938
58,05	0,5932528	-0,0196653333333	-0,00973950617284
58,1	0,5921552	-0,0169213333333	0,0974797530864
58,15	0,591332	-0,00884177777778	0,174294814815
58,2	0,5910576	0,00350622222222	0,184119012346
58,25	0,5918808	0,012348	0,128815555556
58,3	0,5924296	0,0175311111111	0,0391274074074
58,35	0,5938016	0,0176835555556	-0,0769844444445
58,4	0,5946248	0,00914666666667	-0,172262222222
58,45	0,5948992	-0,00335377777778	-0,189200493827
58,5	0,594076	-0,0125004444444	-0,140757037037
58,55	0,5935272	-0,0182933333333	-0,0591992592593
58,6	0,5921552	-0,0202751111111	0,0591992592593
58,65	0,5910576	-0,0129577777778	0,179291604938
58,7	0,5905088	0,001372	0,22079037037
58,75	0,591332	0,0135675555556	0,167096049383
58,8	0,5921552	0,0198177777778	0,0645348148148
58,85	0,5935272	0,0201226666667	-0,047850617284
58,9	0,5943504	0,0152444444444	-0,155916790123
58,95	0,595448	0,00259155555556	-0,215285432099
59	0,5946248	-0,0106711111111	-0,180900740741
59,05	0,594076	-0,017836	-0,0875708641975
59,1	0,592704	-0,02058	0,0346387654321
59,15	0,5916064	-0,0141773333333	0,147193580247
59,2	0,5910576	-0,00289644444444	0,195128888889
59,25	0,591332	0,00868933333333	0,168281728395
59,3	0,5921552	0,0155493333333	0,0957012345679
59,35	0,5929784	0,019208	-0,00364172839507
59,4	0,5943504	0,0161591111111	-0,119160740741
59,45	0,5948992	0,00625022222222	-0,204275555556
59,5	0,5951736	-0,00762222222222	-0,211728395062
59,55	0,594076	-0,0196653333333	-0,118652592593
59,6	0,592704	-0,0214946666667	0,0208340740741
59,65	0,5916064	-0,0157017777778	0,12906962963
59,7	0,5910576	-0,00670755555556	0,191910617284
59,75	0,5907832	0,00533555555556	0,203716592593
59,8	0,5916064	0,0166164444444	0,149158419753
59,85	0,592704	0,0221044444444	0,0537451358018
59,9	0,594076	0,0218605333333	-0,036789925927
59,95	0,5951736	0,016159111111	-0,0887650123456
60	0,595448	0,0103662222221	-0,109285728393
