0,05	0,00523354174455	-0,00792711111111	-0,115790024691
0,1	0,00495914174455	-0,0126528888889	-0,137013679012
0,15	0,00441034174455	-0,0207629333333	-0,149852888889
0,2	0,00303834174455	-0,0310986666667	-0,102832246914
0,25	0,000843141744545	-0,0335377777778	-0,000965481481483
0,3	-0,000528858255455	-0,0303364444444	0,0984282962963
0,35	-0,00217525825545	-0,0250008888889	0,220028148148
0,4	-0,00354725825545	-0,00853688888889	0,325638271605
0,45	-0,00327285825545	0,0118906666667	0,330380987654
0,5	-0,00244965825545	0,0324706666667	0,183356790123
0,55	0,00111754174455	0,0321657777778	-0,00516617283951
0,6	0,00111754174455	0,0237813333333	-0,0570819753086
0,65	0,00276394174455	0,0256106666667	-0,0843525925926
0,7	0,00413594174455	0,019208	-0,16548691358
0,75	0,00495914174455	0,00792711111111	-0,227396296296
0,8	0,00495914174455	-0,005488	-0,249500740741
0,85	0,00441034174455	-0,0187506666667	-0,224178024691
0,9	0,00303834174455	-0,030184	-0,144568148148
0,95	0,00111754174455	-0,0352146666667	-0,0201565432099
1	-0,000803258255455	-0,0326231111111	0,114248641975
1,05	-0,00244965825545	-0,0227142222222	0,223585185185
1,1	-0,00327285825545	-0,00792711111111	0,277364197531
1,15	-0,00327285825545	0,00762222222222	0,268302222222
1,2	-0,00244965825545	0,0214946666667	0,199871604938
1,25	-0,000803258255455	0,0286595555556	0,10247654321
1,3	0,000568741744545	0,0314035555556	0,00558962962963
1,35	0,00248954174455	0,0297266666667	-0,0981572839506
1,4	0,00386154174455	0,0210373333333	-0,18522
1,45	0,00468474174455	0,00945155555556	-0,227819753086
1,5	0,00495914174455	-0,00426844444444	-0,215285432099
1,55	0,00413594174455	-0,0152444444444	-0,150327160494
1,6	0,00276394174455	-0,0160066666667	-0,133134814815
1,65	0,00303834174455	-0,0243911111111	-0,160659506173
1,7	0,00111754174455	-0,0423795555556	-0,00779160493827
1,75	-0,00272405825545	-0,0335377777778	0,277364197531
1,8	-0,00354725825545	-0,00121955555556	0,334107407407
1,85	-0,00135205825545	0,00868933333333	0,220112839506
1,9	-0,00244965825545	0,0135675555556	0,194112592593
1,95	-0,000803258255455	0,0291168888889	0,14321308642
2	0,00111754174455	0,0327755555556	0,0123649382716
2,05	0,00276394174455	0,0300315555556	-0,118991358025
2,1	0,00441034174455	0,0196653333333	-0,225024938272
2,15	0,00495914174455	0,00442088888889	-0,262881975309
2,2	0,00468474174455	-0,00853688888889	-0,251618024691
2,25	0,00413594174455	-0,0214946666667	-0,209357037037
2,3	0,00248954174455	-0,0320133333333	-0,112216049383
2,35	0,000568741744545	-0,0346048888889	0,0215962962963
2,4	-0,00135205825545	-0,028812	0,138639753086
2,45	-0,00244965825545	-0,0187506666667	0,216386419753
2,5	-0,00327285825545	-0,00670755555556	0,276432592593
2,55	-0,00327285825545	0,00945155555556	0,304888888889
2,6	-0,00244965825545	0,0263728888889	0,261696296296
2,65	-0,000803258255455	0,0435991111111	0,0724958024691
2,7	0,00331274174455	0,0352146666667	-0,144314074074
2,75	0,00303834174455	0,019208	-0,188777037037
2,8	0,00441034174455	0,0149395555556	-0,193011604938
2,85	0,00495914174455	0,00350622222222	-0,239507160494
2,9	0,00495914174455	-0,0106711111111	-0,252464938272
2,95	0,00386154174455	-0,0248484444444	-0,203089876543
3	0,00221514174455	-0,0332328888889	-0,0991735802469
3,05	0,000294341744545	-0,0355195555556	0,0267624691358
3,1	-0,00162645825545	-0,0304888888889	0,15092
3,15	-0,00299845825545	-0,0195128888889	0,249500740741
3,2	-0,00382165825545	-0,00320133333333	0,293370864198
3,25	-0,00327285825545	0,0126528888889	0,270250123457
3,3	-0,00244965825545	0,0257631111111	0,196483950617
3,35	-0,000528858255455	0,0343	0,0776619753086
3,4	0,00139194174455	0,0338426666667	-0,0505607407407
3,45	0,00303834174455	0,0282022222222	-0,158965679012
3,5	0,00441034174455	0,0172262222222	-0,244419259259
3,55	0,00495914174455	0,00213422222222	-0,287442469136
3,6	0,00468474174455	-0,0143297777778	-0,26711654321
3,65	0,00331274174455	-0,0265253333333	-0,195975802469
3,7	0,00194074174455	-0,0353671111111	-0,0874014814815
3,75	-0,000528858255455	-0,0368915555556	0,0531014814815
3,8	-0,00217525825545	-0,0291168888889	0,175226419753
3,85	-0,00354725825545	-0,0175311111111	0,255852592593
3,9	-0,00409605825545	-0,00198177777778	0,291592345679
3,95	-0,00382165825545	0,0144822222222	0,261357530864
4	-0,00244965825545	0,0268302222222	0,172431604938
4,05	-0,000803258255455	0,0320133333333	0,0670755555556
4,1	0,000843141744545	0,0333853333333	-0,0396355555556
4,15	0,00276394174455	0,0289644444444	-0,157441234568
4,2	0,00413594174455	0,0163115555556	-0,244588641975
4,25	0,00441034174455	0,00213422222222	-0,277872345679
4,3	0,00441034174455	-0,0132626666667	-0,262119753086
4,35	0,00303834174455	-0,0268302222222	-0,184034320988
4,4	0,00139194174455	-0,0332328888889	-0,0695316049383
4,45	-0,000528858255455	-0,0335377777778	0,0453945679012
4,5	-0,00217525825545	-0,0282022222222	0,149819012346
4,55	-0,00354725825545	-0,017836	0,234340987654
4,6	-0,00409605825545	-0,00381111111111	0,288458765432
4,65	-0,00409605825545	0,0132626666667	0,285325185185
4,7	-0,00272405825545	0,0286595555556	0,19809308642
4,75	-0,000803258255455	0,0352146666667	0,061824691358
4,8	0,00111754174455	0,0339951111111	-0,0644501234568
4,85	0,00276394174455	0,0277448888889	-0,167096049383
4,9	0,00413594174455	0,0160066666667	-0,237643950617
4,95	0,00441034174455	0,00243911111111	-0,269572592593
5	0,00441034174455	-0,0118906666667	-0,269657283951
5,05	0,00331274174455	-0,0271351111111	-0,208510123457
5,1	0,00139194174455	-0,0355195555556	-0,0869780246914
5,15	-0,000528858255455	-0,0368915555556	0,0585217283951
5,2	-0,00272405825545	-0,0286595555556	0,184034320988
5,25	-0,00354725825545	-0,0160066666667	0,25551382716
5,3	-0,00437045825545	-0,00167688888889	0,28684962963
5,35	-0,00382165825545	0,0146346666667	0,267624691358
5,4	-0,00272405825545	0,0269826666667	0,199109382716
5,45	-0,00107765825545	0,0367391111111	0,0817271604938
5,5	0,00139194174455	0,0368915555556	-0,0691081481482
5,55	0,00303834174455	0,0277448888889	-0,182848641975
5,6	0,00413594174455	0,0169213333333	-0,256784197531
5,65	0,00495914174455	0,001372	-0,300400246914
5,7	0,00441034174455	-0,0163115555556	-0,273383703704
5,75	0,00303834174455	-0,0285071111111	-0,186829135802
5,8	0,00139194174455	-0,0359768888889	-0,0692775308642
5,85	-0,000803258255455	-0,0367391111111	0,0731733333333
5,9	-0,00272405825545	-0,0280497777778	0,199278765432
5,95	-0,00382165825545	-0,0140248888889	0,267455308642
6	-0,00409605825545	0,000609777777778	0,285409876543
6,05	-0,00382165825545	0,0160066666667	0,257969876543
6,1	-0,00244965825545	0,0292693333333	0,168112345679
6,15	-0,000528858255455	0,0347573333333	0,037602962963
6,2	0,00139194174455	0,0320133333333	-0,0785935802469
6,25	0,00276394174455	0,0256106666667	-0,167519506173
6,3	0,00413594174455	0,0147871111111	-0,237728641975
6,35	0,00441034174455	0,000304888888889	-0,269911358025
6,4	0,00413594174455	-0,0138724444444	-0,259494320988
6,45	0,00303834174455	-0,0277448888889	-0,196738024691
6,5	0,00111754174455	-0,0358244444444	-0,0805414814815
6,55	-0,000803258255455	-0,0371964444444	0,0665674074074
6,6	-0,00299845825545	-0,0292693333333	0,21096617284
6,65	-0,00409605825545	-0,0134151111111	0,295996296296
6,7	-0,00437045825545	0,00396355555556	0,300400246914
6,75	-0,00354725825545	0,0185982222222	0,248907901235
6,8	-0,00244965825545	0,0304888888889	0,153206666667
6,85	-0,000254458255455	0,0361293333333	0,0151597530864
6,9	0,00166634174455	0,0314035555556	-0,111115061728
6,95	0,00303834174455	0,0222568888889	-0,185135308642
7	0,00386154174455	0,0120431111111	-0,23196962963
7,05	0,00441034174455	-0,00121955555556	-0,259917777778
7,1	0,00386154174455	-0,016464	-0,23408691358
7,15	0,00248954174455	-0,0265253333333	-0,162861481481
7,2	0,00111754174455	-0,0335377777778	-0,065127654321
7,25	-0,00107765825545	-0,0346048888889	0,0640266666667
7,3	-0,00272405825545	-0,0272875555556	0,192164691358
7,35	-0,00409605825545	-0,0132626666667	0,274738765432
7,4	-0,00409605825545	0,002744	0,295572839506
7,45	-0,00382165825545	0,0184457777778	0,258562716049
7,5	-0,00217525825545	0,031556	0,154477037037
7,55	-0,000254458255455	0,0355195555556	0,0144822222222
7,6	0,00166634174455	0,0324706666667	-0,116111851852
7,65	0,00331274174455	0,021952	-0,20622345679
7,7	0,00386154174455	0,0100613333333	-0,25254962963
7,75	0,00441034174455	-0,00396355555556	-0,270842962963
7,8	0,00358714174455	-0,0195128888889	-0,231292098765
7,85	0,00221514174455	-0,0298791111111	-0,132372592593
7,9	0,000294341744545	-0,0333853333333	-0,01372
7,95	-0,00135205825545	-0,0307937777778	0,0981572839506
8	-0,00299845825545	-0,0228666666667	0,19208
8,05	-0,00382165825545	-0,0103662222222	0,255429135802
8,1	-0,00409605825545	0,00396355555556	0,282784444444
8,15	-0,00354725825545	0,0199702222222	0,263644197531
8,2	-0,00190085825545	0,0326231111111	0,191148395062
8,25	1,99417445452E-005	0,0387208888889	0,102222469136
8,3	0,00166634174455	0,0464955555556	-0,0587758024691
8,35	0,00550794174455	0,0373488888889	-0,287527160494
8,4	0,00633114174455	0,010976	-0,391104691358
8,45	0,00605674174455	-0,00853688888889	-0,357228148148
8,5	0,00523354174455	-0,0234764444444	-0,307344938272
8,55	0,00413594174455	-0,0423795555556	-0,185558765432
8,6	0,000294341744545	-0,0472577777778	0,0272706172839
8,65	-0,00135205825545	-0,0365866666667	0,186744444444
8,7	-0,00327285825545	-0,0248484444444	0,269911358025
8,75	-0,00409605825545	-0,00746977777778	0,29540345679
8,8	-0,00382165825545	0,00625022222222	0,276856049383
8,85	-0,00354725825545	0,0208848888889	0,232731851852
8,9	-0,00162645825545	0,0321657777778	0,130932839506
8,95	1,99417445452E-005	0,0355195555556	-0,00304888888889
9	0,00221514174455	0,0318608888889	-0,13677654321
9,05	0,00358714174455	0,0196653333333	-0,224855555556
9,1	0,00413594174455	0,00716488888889	-0,261357530864
9,15	0,00441034174455	-0,00762222222222	-0,262712592593
9,2	0,00331274174455	-0,0208848888889	-0,217910864198
9,25	0,00221514174455	-0,0310986666667	-0,131102222222
9,3	1,99417445452E-005	-0,0362817777778	0,00296419753086
9,35	-0,00190085825545	-0,0309462222222	0,139656049383
9,4	-0,00327285825545	-0,0202751111111	0,233155308642
9,45	-0,00409605825545	-0,005488	0,275331604938
9,5	-0,00382165825545	0,009604	0,26025654321
9,55	-0,00299845825545	0,0217995555556	0,206816296296
9,6	-0,00162645825545	0,0321657777778	0,109082469136
9,65	0,000568741744545	0,0346048888889	-0,0252380246914
9,7	0,00221514174455	0,0286595555556	-0,140672345679
9,75	0,00358714174455	0,0184457777778	-0,213168148148
9,8	0,00413594174455	0,00579288888889	-0,247637530864
9,85	0,00413594174455	-0,00686	-0,257631111111
9,9	0,00358714174455	-0,0213422222222	-0,227989135802
9,95	0,00194074174455	-0,0333853333333	-0,123225925926
10	-0,000254458255455	-0,0353671111111	0,0192249382716
10,05	-0,00190085825545	-0,0297266666667	0,134489876543
10,1	-0,00327285825545	-0,0211897777778	0,227396296296
10,15	-0,00437045825545	-0,00564044444444	0,281768148148
10,2	-0,00382165825545	0,00990888888889	0,270842962963
10,25	-0,00327285825545	0,023324	0,21096617284
10,3	-0,00135205825545	0,0327755555556	0,106711111111
10,35	0,000294341744545	0,0352146666667	-0,0236288888889
10,4	0,00248954174455	0,030184	-0,148125185185
10,45	0,00358714174455	0,0185982222222	-0,232901234568
10,5	0,00441034174455	0,00487822222222	-0,268725679012
10,55	0,00413594174455	-0,0100613333333	-0,258478024691
10,6	0,00331274174455	-0,0228666666667	-0,201904197531
10,65	0,00166634174455	-0,0314035555556	-0,113147654321
10,7	1,99417445452E-005	-0,0353671111111	0,00389580246913
10,75	-0,00217525825545	-0,0320133333333	0,138216296296
10,8	-0,00354725825545	-0,0204275555556	0,245604938272
10,85	-0,00437045825545	-0,00487822222222	0,293286172839
10,9	-0,00409605825545	0,0118906666667	0,271181728395
10,95	-0,00299845825545	0,024696	0,191995308642
11	-0,00135205825545	0,031556	0,0933298765432
11,05	0,000294341744545	0,0339951111111	-0,0107558024691
11,1	0,00221514174455	0,031556	-0,131102222222
11,15	0,00386154174455	0,0204275555556	-0,236542962963
11,2	0,00441034174455	0,00533555555556	-0,285579259259
11,25	0,00441034174455	-0,0105186666667	-0,275331604938
11,3	0,00331274174455	-0,024696	-0,20537654321
11,35	0,00166634174455	-0,0327755555556	-0,0951930864198
11,4	-0,000254458255455	-0,0341475555556	0,0210034567901
11,45	-0,00190085825545	-0,0304888888889	0,132541975309
11,5	-0,00354725825545	-0,0210373333333	0,236542962963
11,55	-0,00437045825545	-0,00426844444444	0,284139506173
11,6	-0,00382165825545	0,0103662222222	0,264914567901
11,65	-0,00327285825545	0,0234764444444	0,206308148148
11,7	-0,00135205825545	0,0327755555556	0,104424444444
11,75	0,000294341744545	0,0352146666667	-0,024137037037
11,8	0,00248954174455	0,030184	-0,148379259259
11,85	0,00358714174455	0,0185982222222	-0,233832839506
11,9	0,00441034174455	0,00487822222222	-0,272790864198
11,95	0,00413594174455	-0,0103662222222	-0,265168641975
12	0,00331274174455	-0,0236288888889	-0,206900987654
12,05	0,00166634174455	-0,0336902222222	-0,092567654321
12,1	-0,000528858255455	-0,0336902222222	0,041244691358
12,15	-0,00190085825545	-0,0282022222222	0,149395555556
12,2	-0,00354725825545	-0,0176835555556	0,230614567901
12,25	-0,00382165825545	-0,00335377777778	0,267201234568
12,3	-0,00382165825545	0,0102137777778	0,264914567901
12,35	-0,00299845825545	0,026068	0,196992098765
12,4	-0,000803258255455	0,0333853333333	0,0619940740741
12,45	0,000843141744545	0,0306413333333	-0,0506454320988
12,5	0,00221514174455	0,0263728888889	-0,12906962963
12,55	0,00358714174455	0,0185982222222	-0,210542716049
12,6	0,00441034174455	0,00457333333333	-0,266947160494
12,65	0,00413594174455	-0,0114333333333	-0,254412839506
12,7	0,00303834174455	-0,0231715555556	-0,187337283951
12,75	0,00166634174455	-0,0309462222222	-0,0934145679012
12,8	-0,000254458255455	-0,0332328888889	0,0180392592593
12,85	-0,00190085825545	-0,0295742222222	0,134659259259
12,9	-0,00354725825545	-0,0185982222222	0,226041234568
12,95	-0,00382165825545	-0,00503066666667	0,271859259259
13	-0,00409605825545	0,00975644444444	0,277618271605
13,05	-0,00299845825545	0,026068	0,209357037037
13,1	-0,00107765825545	0,0339951111111	0,0739355555556
13,15	0,000843141744545	0,0324706666667	-0,0517464197531
13,2	0,00221514174455	0,0275924444444	-0,15219037037
13,25	0,00386154174455	0,0169213333333	-0,233748148148
13,3	0,00413594174455	0,00167688888889	-0,259494320988
13,35	0,00386154174455	-0,010976	-0,239083703704
13,4	0,00303834174455	-0,0231715555556	-0,187676049383
13,45	0,00139194174455	-0,0312511111111	-0,0984960493827
13,5	-0,000254458255455	-0,0346048888889	0,0229513580247
13,55	-0,00244965825545	-0,0295742222222	0,154900493827
13,6	-0,00354725825545	-0,0169213333333	0,243064197531
13,65	-0,00409605825545	-0,00350622222222	0,284647654321
13,7	-0,00409605825545	0,0132626666667	0,27567037037
13,75	-0,00272405825545	0,0280497777778	0,18394962963
13,8	-0,000803258255455	0,0332328888889	0,0553034567901
13,85	0,000843141744545	0,0321657777778	-0,0555575308642
13,9	0,00248954174455	0,02744	-0,158118765432
13,95	0,00386154174455	0,016464	-0,249500740741
14	0,00441034174455	0,000152444444444	-0,286087407407
14,05	0,00386154174455	-0,0160066666667	-0,241031604938
14,1	0,00248954174455	-0,0257631111111	-0,149988395062
14,15	0,00111754174455	-0,0309462222222	-0,0512382716049
14,2	-0,000803258255455	-0,0309462222222	0,0504760493827
14,25	-0,00217525825545	-0,0257631111111	0,146685432099
14,3	-0,00354725825545	-0,0161591111111	0,231800246914
14,35	-0,00409605825545	-0,000609777777778	0,270927654321
14,4	-0,00354725825545	0,0141773333333	0,24052345679
14,45	-0,00244965825545	0,0245435555556	0,174040740741
14,5	-0,00107765825545	0,0327755555556	0,0746977777778
14,55	0,00111754174455	0,0339951111111	-0,0604696296296
14,6	0,00276394174455	0,0259155555556	-0,178021234568
14,65	0,00386154174455	0,0135675555556	-0,242132592593
14,7	0,00413594174455	0	-0,263305432099
14,75	0,00386154174455	-0,01372	-0,251702716049
14,8	0,00276394174455	-0,0266777777778	-0,197500246914
14,85	0,00111754174455	-0,0365866666667	-0,0775772839506
14,9	-0,00135205825545	-0,0365866666667	0,0846066666667
14,95	-0,00299845825545	-0,0263728888889	0,212998765432
15	-0,00409605825545	-0,0125004444444	0,279142716049
15,05	-0,00437045825545	0,004116	0,281598765432
15,1	-0,00354725825545	0,017836	0,230191111111
15,15	-0,00244965825545	0,0282022222222	0,148379259259
15,2	-0,000528858255455	0,0335377777778	0,0435313580247
15,25	0,00111754174455	0,0330804444444	-0,0703785185185
15,3	0,00303834174455	0,0263728888889	-0,17234691358
15,35	0,00413594174455	0,0129577777778	-0,220451604938
15,4	0,00413594174455	0,001372	-0,215962962963
15,45	0,00386154174455	-0,00442088888889	-0,264321728395
15,5	0,00468474174455	-0,0257631111111	-0,280328395062
15,55	0,00111754174455	-0,0428368888889	-0,108320246914
15,6	-0,000803258255455	-0,0378062222222	0,0966328395062
15,65	-0,00272405825545	-0,0283546666667	0,22036691358
15,7	-0,00382165825545	-0,0134151111111	0,283038518519
15,75	-0,00409605825545	0,00213422222222	0,286087407407
15,8	-0,00354725825545	0,016464	0,250686419753
15,85	-0,00244965825545	0,0294217777778	0,16464
15,9	-0,000254458255455	0,0349097777778	0,0368407407407
15,95	0,00139194174455	0,0323182222222	-0,0817271604938
16	0,00303834174455	0,0263728888889	-0,187845432099
16,05	0,00441034174455	0,0126528888889	-0,265930864198
16,1	0,00441034174455	-0,00350622222222	-0,274908148148
16,15	0,00386154174455	-0,016464	-0,240777530864
16,2	0,00276394174455	-0,0285071111111	-0,174210123457
16,25	0,000843141744545	-0,0358244444444	-0,0633491358025
16,3	-0,00107765825545	-0,0365866666667	0,0806261728395
16,35	-0,00327285825545	-0,02744	0,215370123457
16,4	-0,00409605825545	-0,0118906666667	0,286002716049
16,45	-0,00437045825545	0,00335377777778	0,300654320988
16,5	-0,00382165825545	0,0193604444444	0,271943950617
16,55	-0,00244965825545	0,0339951111111	0,167688888889
16,6	1,99417445452E-005	0,0390257777778	0,00677530864197
16,65	0,00194074174455	0,0335377777778	-0,134320493827
16,7	0,00358714174455	0,0224093333333	-0,213676296296
16,75	0,00413594174455	0,0105186666667	-0,250262962963
16,8	0,00468474174455	-0,00243911111111	-0,273044938272
16,85	0,00413594174455	-0,0190555555556	-0,244419259259
16,9	0,00248954174455	-0,0300315555556	-0,149988395062
16,95	0,000843141744545	-0,0344524444444	-0,0365866666667
17	-0,00107765825545	-0,0343	0,0898575308642
17,05	-0,00299845825545	-0,0253057777778	0,206985679012
17,1	-0,00382165825545	-0,0111284444444	0,270842962963
17,15	-0,00409605825545	0,00365866666667	0,285748641975
17,2	-0,00354725825545	0,0196653333333	0,244503950617
17,25	-0,00190085825545	0,0304888888889	0,148972098765
17,3	-0,000254458255455	0,0355195555556	0,0281175308642
17,35	0,00194074174455	0,0333853333333	-0,0972256790123
17,4	0,00331274174455	0,0251533333333	-0,204614320988
17,45	0,00468474174455	0,0117382222222	-0,278973333333
17,5	0,00468474174455	-0,00579288888889	-0,286172098765
17,55	0,00386154174455	-0,0190555555556	-0,238236790123
17,6	0,00276394174455	-0,0307937777778	-0,153714814815
17,65	0,000568741744545	-0,0367391111111	-0,0218503703704
17,7	-0,00135205825545	-0,0332328888889	0,114926172839
17,75	-0,00299845825545	-0,0234764444444	0,216640493827
17,8	-0,00382165825545	-0,00990888888889	0,275500987654
17,85	-0,00409605825545	0,00579288888889	0,28684962963
17,9	-0,00327285825545	0,0216471111111	0,232985925926
17,95	-0,00162645825545	0,0310986666667	0,130424691358
18	1,99417445452E-005	0,0353671111111	0,00846913580247
18,05	0,00221514174455	0,0323182222222	-0,118737283951
18,1	0,00358714174455	0,0217995555556	-0,210119259259
18,15	0,00441034174455	0,009604	-0,260510617284
18,2	0,00468474174455	-0,005488	-0,273637777778
18,25	0,00386154174455	-0,0201226666667	-0,231122716049
18,3	0,00248954174455	-0,0306413333333	-0,140502962963
18,35	0,000568741744545	-0,0353671111111	-0,0207493827161
18,4	-0,00135205825545	-0,032928	0,10459382716
18,45	-0,00299845825545	-0,0237813333333	0,20664691358
18,5	-0,00382165825545	-0,0112808888889	0,278211111111
18,55	-0,00437045825545	0,00579288888889	0,301162469136
18,6	-0,00327285825545	0,0230191111111	0,235103209877
18,65	-0,00162645825545	0,0314035555556	0,117636296296
18,7	1,99417445452E-005	0,0349097777778	-0,00889259259259
18,75	0,00221514174455	0,0303364444444	-0,128815555556
18,8	0,00331274174455	0,0198177777778	-0,203428641975
18,85	0,00413594174455	0,00899422222222	-0,250093580247
18,9	0,00441034174455	-0,00579288888889	-0,270673580247
18,95	0,00358714174455	-0,02058	-0,232901234568
19	0,00221514174455	-0,0320133333333	-0,131525679012
19,05	1,99417445452E-005	-0,0352146666667	0,00406518518518
19,1	-0,00162645825545	-0,0307937777778	0,125343209877
19,15	-0,00327285825545	-0,0210373333333	0,212490617284
19,2	-0,00382165825545	-0,00807955555556	0,261865679012
19,25	-0,00409605825545	0,00564044444444	0,283461975309
19,3	-0,00354725825545	0,0234764444444	0,23366345679
19,35	-0,00135205825545	0,0332328888889	0,101460246914
19,4	0,000294341744545	0,0326231111111	-0,0216809876543
19,45	0,00194074174455	0,0291168888889	-0,112893580247
19,5	0,00331274174455	0,0217995555556	-0,201734814815
19,55	0,00441034174455	0,00868933333333	-0,272452098765
19,6	0,00441034174455	-0,00868933333333	-0,275162222222
19,65	0,00331274174455	-0,0221044444444	-0,206138765432
19,7	0,00194074174455	-0,0297266666667	-0,114333333333
19,75	0,000294341744545	-0,0344524444444	-0,000254074074078
19,8	-0,00190085825545	-0,0304888888889	0,125089135802
19,85	-0,00299845825545	-0,02058	0,220959753086
19,9	-0,00409605825545	-0,00686	0,277702962963
19,95	-0,00382165825545	0,009604	0,27567037037
20	-0,00299845825545	0,0231715555556	0,214607901235
20,05	-0,00135205825545	0,0327755555556	0,110522222222
20,1	0,000568741744545	0,0353671111111	-0,020410617284
20,15	0,00248954174455	0,0304888888889	-0,144991604938
20,2	0,00386154174455	0,0196653333333	-0,238744938272
20,25	0,00468474174455	0,00396355555556	-0,27355308642
20,3	0,00413594174455	-0,0100613333333	-0,252210864198
20,35	0,00358714174455	-0,021952	-0,202158271605
20,4	0,00194074174455	-0,0321657777778	-0,108828395062
20,45	1,99417445452E-005	-0,0347573333333	0,0222738271605
20,5	-0,00190085825545	-0,0291168888889	0,140587654321
20,55	-0,00299845825545	-0,0195128888889	0,230275802469
20,6	-0,00409605825545	-0,00472577777778	0,281175308642
20,65	-0,00354725825545	0,0115857777778	0,265168641975
20,7	-0,00272405825545	0,0237813333333	0,19851654321
20,75	-0,00107765825545	0,0327755555556	0,095955308642
20,8	0,000843141744545	0,0347573333333	-0,034469382716
20,85	0,00276394174455	0,0286595555556	-0,152105679012
20,9	0,00386154174455	0,0179884444444	-0,235526666667
20,95	0,00468474174455	0,00396355555556	-0,283292592593
21	0,00441034174455	-0,0126528888889	-0,273637777778
21,05	0,00331274174455	-0,0266777777778	-0,19335037037
21,1	0,00139194174455	-0,0333853333333	-0,0768150617284
21,15	-0,000254458255455	-0,0339951111111	0,0398896296296
21,2	-0,00217525825545	-0,0295742222222	0,156594320988
21,25	-0,00354725825545	-0,0176835555556	0,251956790123
21,3	-0,00409605825545	-0,00213422222222	0,293794320988
21,35	-0,00382165825545	0,0146346666667	0,267201234568
21,4	-0,00244965825545	0,0272875555556	0,178021234568
21,45	-0,000803258255455	0,0333853333333	0,0615706172839
21,5	0,00111754174455	0,0333853333333	-0,0573360493827
21,55	0,00276394174455	0,02744	-0,167096049383
21,6	0,00413594174455	0,0153968888889	-0,244673333333
21,65	0,00441034174455	0,000609777777778	-0,26881037037
21,7	0,00413594174455	-0,0132626666667	-0,247214074074
21,75	0,00303834174455	-0,0256106666667	-0,18522
21,8	0,00139194174455	-0,0333853333333	-0,0840985185185
21,85	-0,000528858255455	-0,0352146666667	0,0433619753086
21,9	-0,00244965825545	-0,0294217777778	0,174887654321
21,95	-0,00382165825545	-0,0158542222222	0,264237037037
22	-0,00409605825545	-0,000152444444444	0,288374074074
22,05	-0,00382165825545	0,0152444444444	0,255005679012
22,1	-0,00244965825545	0,02744	0,171161234568
22,15	-0,000803258255455	0,0333853333333	0,0610624691358
22,2	0,00111754174455	0,0335377777778	-0,0527627160494
22,25	0,00276394174455	0,0278973333333	-0,158965679012
22,3	0,00413594174455	0,0169213333333	-0,242301975309
22,35	0,00468474174455	0,00121955555556	-0,271520493827
22,4	0,00413594174455	-0,0126528888889	-0,245181481481
22,45	0,00331274174455	-0,0240862222222	-0,19038617284
22,5	0,00166634174455	-0,0330804444444	-0,099342962963
22,55	-0,000254458255455	-0,035672	0,0272706172839
22,6	-0,00217525825545	-0,0312511111111	0,167604197531
22,65	-0,00382165825545	-0,0175311111111	0,274654074074
22,7	-0,00409605825545	0,000304888888889	0,29625037037
22,75	-0,00354725825545	0,0141773333333	0,262035061728
22,8	-0,00272405825545	0,0277448888889	0,188522962963
22,85	-0,000528858255455	0,0352146666667	0,0678377777778
22,9	0,00111754174455	0,0352146666667	-0,0665674074074
22,95	0,00331274174455	0,0277448888889	-0,183356790123
23	0,00413594174455	0,0144822222222	-0,250008888889
23,05	0,00468474174455	0,001372	-0,278295802469
23,1	0,00441034174455	-0,0141773333333	-0,27312962963
23,15	0,00331274174455	-0,0292693333333	-0,195975802469
23,2	0,00111754174455	-0,0367391111111	-0,0577595061728
23,25	-0,000803258255455	-0,0344524444444	0,0763069135802
23,3	-0,00244965825545	-0,0277448888889	0,182594567901
23,35	-0,00382165825545	-0,0152444444444	0,260087160494
23,4	-0,00409605825545	0,000152444444444	0,289644444444
23,45	-0,00382165825545	0,0158542222222	0,265507407407
23,5	-0,00244965825545	0,0294217777778	0,18005382716
23,55	-0,000528858255455	0,0355195555556	0,0553881481481
23,6	0,00139194174455	0,0344524444444	-0,0659745679012
23,65	0,00303834174455	0,0289644444444	-0,182594567901
23,7	0,00468474174455	0,0152444444444	-0,270419506173
23,75	0,00468474174455	-0,001372	-0,28727308642
23,8	0,00441034174455	-0,0157017777778	-0,249585432099
23,85	0,00303834174455	-0,0277448888889	-0,172262222222
23,9	0,00139194174455	-0,0339951111111	-0,0656358024691
23,95	-0,000528858255455	-0,0352146666667	0,0611471604938
24	-0,00244965825545	-0,0286595555556	0,195806419753
24,05	-0,00382165825545	-0,0134151111111	0,280751851852
24,1	-0,00382165825545	0,00335377777778	0,283038518519
24,15	-0,00327285825545	0,016464	0,238914320988
24,2	-0,00217525825545	0,0282022222222	0,162776790123
24,25	-0,000254458255455	0,0347573333333	0,0449711111111
24,3	0,00166634174455	0,0332328888889	-0,0841832098765
24,35	0,00331274174455	0,0253057777778	-0,189962716049
24,4	0,00441034174455	0,0125004444444	-0,25339654321
24,45	0,00468474174455	-0,00289644444444	-0,256021975309
24,5	0,00386154174455	-0,0141773333333	-0,225702469136
24,55	0,00331274174455	-0,0253057777778	-0,181832345679
24,6	0,00139194174455	-0,035672	-0,0715641975309
24,65	-0,000803258255455	-0,0347573333333	0,0805414814815
24,7	-0,00244965825545	-0,0257631111111	0,199278765432
24,75	-0,00354725825545	-0,0118906666667	0,257715802469
24,8	-0,00354725825545	0,001372	0,273299012346
24,85	-0,00354725825545	0,016464	0,252634320988
24,9	-0,00190085825545	0,0303364444444	0,156848395062
24,95	1,99417445452E-005	0,0336902222222	0,0262543209877
25	0,00166634174455	0,031556	-0,0845219753086
25,05	0,00331274174455	0,0248484444444	-0,182171111111
25,1	0,00441034174455	0,0125004444444	-0,25254962963
25,15	0,00468474174455	-0,00259155555556	-0,271351111111
25,2	0,00413594174455	-0,0172262222222	-0,231207407407
25,25	0,00276394174455	-0,0275924444444	-0,145923209877
25,3	0,00111754174455	-0,0320133333333	-0,0470037037037
25,35	-0,000528858255455	-0,0327755555556	0,0641113580247
25,4	-0,00244965825545	-0,0265253333333	0,185982222222
25,45	-0,00354725825545	-0,0126528888889	0,271266419753
25,5	-0,00382165825545	0,00396355555556	0,285071111111
25,55	-0,00299845825545	0,0181408888889	0,240438765432
25,6	-0,00190085825545	0,0291168888889	0,159304444444
25,65	1,99417445452E-005	0,0362817777778	0,0320980246914
25,7	0,00221514174455	0,0330804444444	-0,108828395062
25,75	0,00358714174455	0,0234764444444	-0,211728395062
25,8	0,00468474174455	0,0100613333333	-0,269318518519
25,85	0,00468474174455	-0,00533555555556	-0,276178518519
25,9	0,00413594174455	-0,0199702222222	-0,225617777778
25,95	0,00248954174455	-0,0300315555556	-0,125936049383
26	0,000843141744545	-0,0332328888889	-0,00863851851852
26,05	-0,00107765825545	-0,0304888888889	0,101714320988
26,1	-0,00244965825545	-0,0217995555556	0,186320987654
26,15	-0,00327285825545	-0,0112808888889	0,249754814815
26,2	-0,00382165825545	0,00396355555556	0,283207901235
26,25	-0,00299845825545	0,0208848888889	0,235272592593
26,3	-0,00135205825545	0,0303364444444	0,124580987654
26,35	0,000294341744545	0,0333853333333	0,00398049382716
26,4	0,00221514174455	0,0303364444444	-0,108659012346
26,45	0,00358714174455	0,0213422222222	-0,194874814815
26,5	0,00441034174455	0,00975644444444	-0,251702716049
26,55	0,00468474174455	-0,00457333333333	-0,278380493827
26,6	0,00413594174455	-0,0213422222222	-0,233748148148
26,65	0,00221514174455	-0,0314035555556	-0,118483209877
26,7	0,000568741744545	-0,0326231111111	-0,00211728395062
26,75	-0,00107765825545	-0,0307937777778	0,102222469136
26,8	-0,00272405825545	-0,023324	0,21181308642
26,85	-0,00382165825545	-0,00792711111111	0,279142716049
26,9	-0,00354725825545	0,00853688888889	0,265338024691
26,95	-0,00272405825545	0,02058	0,201734814815
27	-0,00135205825545	0,0289644444444	0,120177037037
27,05	0,000294341744545	0,0333853333333	0,0187167901235
27,1	0,00221514174455	0,0320133333333	-0,102645925926
27,15	0,00386154174455	0,0227142222222	-0,212829382716
27,2	0,00468474174455	0,00838444444444	-0,272198024691
27,25	0,00468474174455	-0,00640266666667	-0,280751851852
27,3	0,00413594174455	-0,0221044444444	-0,230275802469
27,35	0,00221514174455	-0,0321657777778	-0,119838271605
27,4	0,000568741744545	-0,0343	0,00228666666667
27,45	-0,00135205825545	-0,0318608888889	0,122463703704
27,5	-0,00299845825545	-0,0211897777778	0,22079037037
27,55	-0,00354725825545	-0,00777466666667	0,272875555556
27,6	-0,00382165825545	0,00716488888889	0,287611851852
27,65	-0,00299845825545	0,0240862222222	0,230783950617
27,7	-0,00107765825545	0,0338426666667	0,100782716049
27,75	0,000843141744545	0,0339951111111	-0,0337918518519
27,8	0,00248954174455	0,028812	-0,13847037037
27,85	0,00386154174455	0,0195128888889	-0,219858765432
27,9	0,00468474174455	0,00533555555556	-0,261611604938
27,95	0,00441034174455	-0,00929911111111	-0,24568962963
28	0,00358714174455	-0,0207324444444	-0,191402469136
28,05	0,00221514174455	-0,0289644444444	-0,116111851852
28,1	0,000568741744545	-0,0333853333333	-0,0152444444444
28,15	-0,00135205825545	-0,0318608888889	0,109675308642
28,2	-0,00299845825545	-0,0221044444444	0,223331111111
28,25	-0,00382165825545	-0,00655511111111	0,27524691358
28,3	-0,00354725825545	0,00792711111111	0,267201234568
28,35	-0,00299845825545	0,0213422222222	0,220112839506
28,4	-0,00135205825545	0,0321657777778	0,122040246914
28,45	0,000568741744545	0,0352146666667	-0,0110945679012
28,5	0,00248954174455	0,0306413333333	-0,137538765432
28,55	0,00386154174455	0,0201226666667	-0,232308395062
28,6	0,00468474174455	0,00533555555556	-0,276263209877
28,65	0,00441034174455	-0,00990888888889	-0,262966666667
28,7	0,00358714174455	-0,0228666666667	-0,201480740741
28,75	0,00194074174455	-0,0312511111111	-0,106880493827
28,8	0,000294341744545	-0,0347573333333	0,0131271604938
28,85	-0,00190085825545	-0,030184	0,135675555556
28,9	-0,00299845825545	-0,019208	0,21824962963
28,95	-0,00382165825545	-0,00686	0,262881975309
29	-0,00382165825545	0,008232	0,271181728395
29,05	-0,00299845825545	0,0227142222222	0,222314814815
29,1	-0,00135205825545	0,0327755555556	0,120261728395
29,15	0,000568741744545	0,0358244444444	-0,00999358024692
29,2	0,00248954174455	0,0320133333333	-0,142620246914
29,25	0,00413594174455	0,0202751111111	-0,243657037037
29,3	0,00468474174455	0,00442088888889	-0,276263209877
29,35	0,00441034174455	-0,00899422222222	-0,263728888889
29,4	0,00386154174455	-0,0230191111111	-0,216979259259
29,45	0,00194074174455	-0,032928	-0,119330123457
29,5	0,000294341744545	-0,0361293333333	0,00609777777777
29,55	-0,00190085825545	-0,0332328888889	0,146431358025
29,6	-0,00354725825545	-0,0196653333333	0,248399753086
29,65	-0,00382165825545	-0,00533555555556	0,283716049383
29,7	-0,00409605825545	0,009604	0,283546666667
29,75	-0,00299845825545	0,0259155555556	0,217318024691
29,8	-0,00107765825545	0,0336902222222	0,0984113580247
29,85	0,000568741744545	0,0358244444444	-0,0286256790123
29,9	0,00276394174455	0,0312511111111	-0,158880987654
29,95	0,00413594174455	0,0176835555556	-0,242132592593
30	0,00441034174455	0,00472577777778	-0,272790864198
30,05	0,00468474174455	-0,00990888888889	-0,277957037037
30,1	0,00358714174455	-0,0262204444444	-0,213337530864
30,15	0,00166634174455	-0,0344524444444	-0,0846066666667
30,2	-0,000254458255455	-0,0341475555556	0,0421762962963
30,25	-0,00190085825545	-0,028812	0,143128395062
30,3	-0,00327285825545	-0,0195128888889	0,228581975309
30,35	-0,00409605825545	-0,00487822222222	0,28168345679
30,4	-0,00382165825545	0,010976	0,278803950617
30,45	-0,00299845825545	0,0262204444444	0,205715308642
30,5	-0,000803258255455	0,0333853333333	0,0876555555556
30,55	0,000568741744545	0,0344524444444	-0,0286256790123
30,6	0,00276394174455	0,0310986666667	-0,15092
30,65	0,00413594174455	0,0184457777778	-0,247552839506
30,7	0,00468474174455	0,00335377777778	-0,28083654321
30,75	0,00441034174455	-0,0112808888889	-0,267624691358
30,8	0,00358714174455	-0,0253057777778	-0,205037777778
30,85	0,00166634174455	-0,0343	-0,089264691358
30,9	-0,000254458255455	-0,0344524444444	0,037772345679
30,95	-0,00190085825545	-0,0300315555556	0,155239259259
31	-0,00354725825545	-0,0187506666667	0,256868888889
31,05	-0,00409605825545	-0,001372	0,292778024691
31,1	-0,00354725825545	0,0140248888889	0,253989382716
31,15	-0,00244965825545	0,024696	0,185474074074
31,2	-0,00107765825545	0,0333853333333	0,0904503703704
31,25	0,00111754174455	0,0361293333333	-0,04802
31,3	0,00303834174455	0,0283546666667	-0,179715061728
31,35	0,00413594174455	0,0155493333333	-0,256445432099
31,4	0,00468474174455	0,000304888888889	-0,275416296296
31,45	0,00413594174455	-0,0143297777778	-0,237728641975
31,5	0,00303834174455	-0,0243911111111	-0,170737777778
31,55	0,00166634174455	-0,0324706666667	-0,0763916049383
31,6	-0,000528858255455	-0,0332328888889	0,0427691358025
31,65	-0,00190085825545	-0,0278973333333	0,155239259259
31,7	-0,00354725825545	-0,0169213333333	0,245859012346
31,75	-0,00382165825545	-0,000914666666667	0,28041308642
31,8	-0,00354725825545	0,0135675555556	0,255259753086
31,85	-0,00244965825545	0,0268302222222	0,177259012346
31,9	-0,000528858255455	0,032928	0,0604696296296
31,95	0,00111754174455	0,0323182222222	-0,0529320987654
32	0,00276394174455	0,0282022222222	-0,170907160494
32,05	0,00441034174455	0,0146346666667	-0,264829876543
32,1	0,00441034174455	-0,00259155555556	-0,271689876543
32,15	0,00386154174455	-0,015092	-0,220282222222
32,2	0,00276394174455	-0,0243911111111	-0,157187160494
32,25	0,00139194174455	-0,0314035555556	-0,0746977777778
32,3	-0,000528858255455	-0,0339951111111	0,0463261728395
32,35	-0,00244965825545	-0,0272875555556	0,174125432099
32,4	-0,00354725825545	-0,0140248888889	0,251956790123
32,45	-0,00382165825545	0,000152444444444	0,276517283951
32,5	-0,00354725825545	0,0146346666667	0,262373827161
32,55	-0,00244965825545	0,0292693333333	0,183356790123
32,6	-0,000254458255455	0,0361293333333	0,0426844444444
32,65	0,00166634174455	0,0324706666667	-0,0832516049383
32,7	0,00303834174455	0,0256106666667	-0,163539012346
32,75	0,00441034174455	0,0152444444444	-0,220620987654
32,8	0,00468474174455	0,00152444444444	-0,23967654321
32,85	0,00413594174455	-0,00625022222222	-0,28210691358
32,9	0,00495914174455	-0,0280497777778	-0,278888641975
32,95	0,00111754174455	-0,0445137777778	-0,0864698765432
33	-0,000803258255455	-0,0367391111111	0,116111851852
33,05	-0,00244965825545	-0,0275924444444	0,225448395062
33,1	-0,00382165825545	-0,0118906666667	0,27355308642
33,15	-0,00354725825545	0,00198177777778	0,264237037037
33,2	-0,00354725825545	0,0146346666667	0,239422469136
33,25	-0,00217525825545	0,0275924444444	0,173193827161
33,3	-0,000528858255455	0,0346048888889	0,0546259259259
33,35	0,00166634174455	0,0333853333333	-0,0746977777778
33,4	0,00303834174455	0,0259155555556	-0,180477283951
33,45	0,00441034174455	0,0143297777778	-0,257715802469
33,5	0,00468474174455	-0,00182933333333	-0,286172098765
33,55	0,00413594174455	-0,016464	-0,259324938272
33,6	0,00303834174455	-0,0300315555556	-0,176835555556
33,65	0,000843141744545	-0,0367391111111	-0,0398896296296
33,7	-0,00107765825545	-0,0338426666667	0,0970562962963
33,75	-0,00272405825545	-0,0254582222222	0,200803209877
33,8	-0,00382165825545	-0,012348	0,266608395062
33,85	-0,00409605825545	0,00365866666667	0,276771358025
33,9	-0,00327285825545	0,0167688888889	0,245774320988
33,95	-0,00244965825545	0,0292693333333	0,179291604938
34	-0,000254458255455	0,0381111111111	0,0448864197531
34,05	0,00194074174455	0,0350622222222	-0,113571111111
34,1	0,00358714174455	0,0240862222222	-0,221213827161
34,15	0,00441034174455	0,0103662222222	-0,269911358025
34,2	0,00468474174455	-0,00472577777778	-0,269826666667
34,25	0,00386154174455	-0,0181408888889	-0,229259506173
34,3	0,00276394174455	-0,028812	-0,155832098765
34,35	0,000843141744545	-0,0353671111111	-0,044717037037
34,4	-0,00107765825545	-0,0346048888889	0,0912125925926
34,45	-0,00299845825545	-0,0254582222222	0,209949876543
34,5	-0,00382165825545	-0,0111284444444	0,275500987654
34,55	-0,00409605825545	0,00381111111111	0,293455555556
34,6	-0,00354725825545	0,0202751111111	0,256276049383
34,65	-0,00190085825545	0,0324706666667	0,151597530864
34,7	1,99417445452E-005	0,0371964444444	0,00880790123457
34,75	0,00221514174455	0,032928	-0,126274814815
34,8	0,00358714174455	0,0221044444444	-0,211897777778
34,85	0,00441034174455	0,0100613333333	-0,255598518519
34,9	0,00468474174455	-0,00396355555556	-0,274230617284
34,95	0,00413594174455	-0,0196653333333	-0,238914320988
35	0,00248954174455	-0,0304888888889	-0,145584444444
35,05	0,000843141744545	-0,0353671111111	-0,0232901234568
35,1	-0,00135205825545	-0,032928	0,103069382716
35,15	-0,00272405825545	-0,0237813333333	0,201819506173
35,2	-0,00382165825545	-0,0115857777778	0,268132839506
35,25	-0,00409605825545	0,00487822222222	0,28642617284
35,3	-0,00327285825545	0,0199702222222	0,23840617284
35,35	-0,00190085825545	0,0306413333333	0,14236617284
35,4	1,99417445452E-005	0,0353671111111	0,0168535802469
35,45	0,00194074174455	0,0326231111111	-0,113232345679
35,5	0,00358714174455	0,0228666666667	-0,215454814815
35,55	0,00441034174455	0,00868933333333	-0,265422716049
35,6	0,00441034174455	-0,005488	-0,26838691358
35,65	0,00386154174455	-0,019208	-0,235865432099
35,7	0,00248954174455	-0,0317084444444	-0,144822222222
35,75	0,000294341744545	-0,035672	-0,0107558024691
35,8	-0,00135205825545	-0,0326231111111	0,121616790123
35,85	-0,00327285825545	-0,0224093333333	0,22680345679
35,9	-0,00382165825545	-0,00701244444445	0,268048148148
35,95	-0,00382165825545	0,00625022222222	0,261018765432
36	-0,00327285825545	0,0202751111111	0,218080246914
36,05	-0,00162645825545	0,030184	0,127460493827
36,1	1,99417445452E-005	0,0338426666667	0,0148209876543
36,15	0,00194074174455	0,0321657777778	-0,107981481481
36,2	0,00358714174455	0,0225617777778	-0,214523209877
36,25	0,00441034174455	0,008232	-0,266523703704
36,3	0,00441034174455	-0,00670755555556	-0,260087160494
36,35	0,00358714174455	-0,0189031111111	-0,217910864198
36,4	0,00248954174455	-0,0292693333333	-0,148463950617
36,45	0,000568741744545	-0,0362817777778	-0,0285409876543
36,5	-0,00162645825545	-0,0330804444444	0,109675308642
36,55	-0,00299845825545	-0,0234764444444	0,212998765432
36,6	-0,00409605825545	-0,0100613333333	0,275077530864
36,65	-0,00409605825545	0,00564044444444	0,291084197531
36,7	-0,00354725825545	0,0211897777778	0,251025185185
36,75	-0,00190085825545	0,0339951111111	0,140164197531
36,8	0,000294341744545	0,0371964444444	-0,0124496296296
36,85	0,00221514174455	0,0314035555556	-0,141773333333
36,9	0,00358714174455	0,0208848888889	-0,224940246914
36,95	0,00441034174455	0,00746977777778	-0,268302222222
37	0,00441034174455	-0,00762222222222	-0,266947160494
37,05	0,00358714174455	-0,0210373333333	-0,220282222222
37,1	0,00221514174455	-0,0318608888889	-0,123734074074
37,15	1,99417445452E-005	-0,0343	-0,00304888888889
37,2	-0,00135205825545	-0,0321657777778	0,11789037037
37,25	-0,00354725825545	-0,0222568888889	0,227565679012
37,3	-0,00382165825545	-0,00670755555556	0,278295802469
37,35	-0,00409605825545	0,00731733333333	0,28083654321
37,4	-0,00327285825545	0,0237813333333	0,224516790123
37,45	-0,00135205825545	0,0326231111111	0,106372345679
37,5	0,000294341744545	0,0343	-0,0175311111111
37,55	0,00221514174455	0,0310986666667	-0,141688641975
37,6	0,00386154174455	0,0187506666667	-0,23154617284
37,65	0,00413594174455	0,00457333333333	-0,253311851852
37,7	0,00413594174455	-0,00716488888889	-0,248823209877
37,75	0,00358714174455	-0,0210373333333	-0,214015061728
37,8	0,00194074174455	-0,0320133333333	-0,106033580247
37,85	1,99417445452E-005	-0,0339951111111	0,0431925925926
37,9	-0,00190085825545	-0,0271351111111	0,172939753086
37,95	-0,00327285825545	-0,00975644444445	0,181578271605
38	-0,00190085825545	-0,00716488888889	0,15219037037
38,05	-0,00409605825545	-0,00243911111111	0,24052345679
38,1	-0,00327285825545	0,0204275555556	0,260087160494
38,15	-0,00135205825545	0,0314035555556	0,137708148148
38,2	0,000294341744545	0,0339951111111	-0,000846913580249
38,25	0,00221514174455	0,0303364444444	-0,12864617284
38,3	0,00358714174455	0,0202751111111	-0,229090123457
38,35	0,00441034174455	0,00609777777778	-0,289136296296
38,4	0,00441034174455	-0,0117382222222	-0,278634567901
38,45	0,00303834174455	-0,0256106666667	-0,188099506173
38,5	0,00139194174455	-0,0304888888889	-0,0845219753087
38,55	1,99417445452E-005	-0,0335377777778	0,017277037037
38,6	-0,00217525825545	-0,0306413333333	0,145160987654
38,65	-0,00354725825545	-0,0179884444444	0,245435555556
38,7	-0,00409605825545	-0,00213422222222	0,267794074074
38,75	-0,00354725825545	0,0106711111111	0,241624444444
38,8	-0,00299845825545	0,0221044444444	0,197500246914
38,85	-0,00135205825545	0,0323182222222	0,11103037037
38,9	0,000568741744545	0,0352146666667	-0,0157525925926
38,95	0,00248954174455	0,0306413333333	-0,143467160494
39	0,00386154174455	0,0198177777778	-0,244927407407
39,05	0,00468474174455	0,00426844444444	-0,296758518519
39,1	0,00441034174455	-0,0134151111111	-0,270673580247
39,15	0,00303834174455	-0,0253057777778	-0,185897530864
39,2	0,00166634174455	-0,0320133333333	-0,0879096296296
39,25	-0,000254458255455	-0,0349097777778	0,0283716049383
39,3	-0,00217525825545	-0,0298791111111	0,152698518519
39,35	-0,00354725825545	-0,0181408888889	0,244503950617
39,4	-0,00409605825545	-0,00304888888889	0,28210691358
39,45	-0,00382165825545	0,0117382222222	0,271012345679
39,5	-0,00299845825545	0,0266777777778	0,199532839506
39,55	-0,000803258255455	0,0343	0,0738508641975
39,6	0,000843141744545	0,0330804444444	-0,0424303703704
39,65	0,00248954174455	0,0295742222222	-0,148125185185
39,7	0,00413594174455	0,0187506666667	-0,250008888889
39,75	0,00468474174455	0,00167688888889	-0,289729135803
39,8	0,00413594174455	-0,0131102222222	-0,263898271605
39,85	0,00331274174455	-0,026068	-0,195891111111
39,9	0,00139194174455	-0,0347573333333	-0,0812190123457
39,95	-0,000528858255455	-0,0352146666667	0,0533555555556
40	-0,00244965825545	-0,0283546666667	0,167434814815
40,05	-0,00354725825545	-0,016464	0,238490864198
40,1	-0,00409605825545	-0,00350622222222	0,276771358025
40,15	-0,00409605825545	0,0128053333333	0,271520493827
40,2	-0,00272405825545	0,0268302222222	0,198262469136
40,25	-0,00107765825545	0,0339951111111	0,0881637037037
40,3	0,000843141744545	0,0359768888889	-0,0364172839506
40,35	0,00276394174455	0,0312511111111	-0,171584691358
40,4	0,00441034174455	0,0175311111111	-0,27270617284
40,45	0,00468474174455	-0,000152444444444	-0,28854345679
40,5	0,00413594174455	-0,0135675555556	-0,247468148148
40,55	0,00331274174455	-0,0256106666667	-0,178614074074
40,6	0,00139194174455	-0,032928	-0,075375308642
40,65	-0,000254458255455	-0,0336902222222	0,0403977777778
40,7	-0,00217525825545	-0,0291168888889	0,157525925926
40,75	-0,00354725825545	-0,016464	0,241878518519
40,8	-0,00382165825545	-0,00259155555556	0,273468395062
40,85	-0,00382165825545	0,0118906666667	0,269572592593
40,9	-0,00272405825545	0,0269826666667	0,203852098765
40,95	-0,000803258255455	0,0350622222222	0,078932345679
41	0,00111754174455	0,0353671111111	-0,0603002469136
41,05	0,00303834174455	0,0280497777778	-0,17836
41,1	0,00413594174455	0,0155493333333	-0,249670123457
41,15	0,00468474174455	0,000762222222222	-0,26711654321
41,2	0,00413594174455	-0,0128053333333	-0,242471358025
41,25	0,00331274174455	-0,0242386666667	-0,19038617284
41,3	0,00166634174455	-0,0333853333333	-0,099427654321
41,35	-0,000254458255455	-0,0365866666667	0,0387886419753
41,4	-0,00244965825545	-0,0298791111111	0,182594567901
41,45	-0,00354725825545	-0,0158542222222	0,273807160494
41,5	-0,00409605825545	0,000304888888889	0,297774814815
41,55	-0,00354725825545	0,0167688888889	0,252634320988
41,6	-0,00217525825545	0,0277448888889	0,15608617284
41,65	-0,000528858255455	0,032928	0,0431925925926
41,7	0,00139194174455	0,031556	-0,0628409876543
41,75	0,00276394174455	0,0259155555556	-0,151851604938
41,8	0,00413594174455	0,0163115555556	-0,230106419753
41,85	0,00468474174455	0,00106711111111	-0,266184938272
41,9	0,00413594174455	-0,0128053333333	-0,245774320988
41,95	0,00331274174455	-0,0245435555556	-0,190047407407
42	0,00166634174455	-0,0341475555556	-0,0825740740741
42,05	-0,000528858255455	-0,0346048888889	0,0590298765432
42,1	-0,00217525825545	-0,0266777777778	0,173024444444
42,15	-0,00327285825545	-0,0153968888889	0,245350864198
42,2	-0,00382165825545	-0,00121955555556	0,283716049383
42,25	-0,00354725825545	0,0152444444444	0,265592098765
42,3	-0,00217525825545	0,028812	0,174210123457
42,35	-0,000254458255455	0,0338426666667	0,0506454320988
42,4	0,00139194174455	0,0333853333333	-0,0687693827161
42,45	0,00331274174455	0,0269826666667	-0,182933333333
42,5	0,00441034174455	0,0135675555556	-0,259917777778
42,55	0,00468474174455	-0,00106711111111	-0,285494567901
42,6	0,00441034174455	-0,0173786666667	-0,251194567901
42,65	0,00276394174455	-0,0292693333333	-0,149564938272
42,7	0,00111754174455	-0,0332328888889	-0,0243911111111
42,75	-0,000803258255455	-0,0309462222222	0,0894340740741
42,8	-0,00217525825545	-0,023324	0,180307901235
42,85	-0,00327285825545	-0,0120431111111	0,244419259259
42,9	-0,00354725825545	0,002744	0,266100246914
42,95	-0,00299845825545	0,0172262222222	0,228243209877
43	-0,00162645825545	0,0275924444444	0,142535555556
43,05	1,99417445452E-005	0,0318608888889	0,0393814814815
43,1	0,00166634174455	0,0321657777778	-0,0773232098766
43,15	0,00358714174455	0,0245435555556	-0,195298271605
43,2	0,00441034174455	0,0105186666667	-0,264745185185
43,25	0,00468474174455	-0,00487822222222	-0,267878765432
43,3	0,00386154174455	-0,0189031111111	-0,210627407407
43,35	0,00248954174455	-0,0266777777778	-0,128476790123
43,4	0,00111754174455	-0,031556	-0,0415834567901
43,45	-0,000803258255455	-0,0321657777778	0,0702938271605
43,5	-0,00244965825545	-0,0250008888889	0,186998518519
43,55	-0,00354725825545	-0,0120431111111	0,269996049383
43,6	-0,00382165825545	0,00472577777778	0,289729135803
43,65	-0,00299845825545	0,0199702222222	0,237813333333
43,7	-0,00162645825545	0,0304888888889	0,136014320988
43,75	0,000294341744545	0,0347573333333	0,00702938271605
43,8	0,00221514174455	0,0307937777778	-0,113401728395
43,85	0,00358714174455	0,0214946666667	-0,194536049383
43,9	0,00441034174455	0,0100613333333	-0,243064197531
43,95	0,00468474174455	-0,00350622222222	-0,265761481482
44	0,00413594174455	-0,0182933333333	-0,242301975309
44,05	0,00276394174455	-0,0304888888889	-0,155832098765
44,1	0,000843141744545	-0,0364342222222	-0,0168535802469
44,15	-0,00135205825545	-0,0323182222222	0,12432691358
44,2	-0,00272405825545	-0,0207324444444	0,204868395062
44,25	-0,00327285825545	-0,0100613333333	0,243657037037
44,3	-0,00382165825545	0,00289644444444	0,275839753086
44,35	-0,00327285825545	0,0199702222222	0,249839506173
44,4	-0,00162645825545	0,0326231111111	0,132287901235
44,45	0,000568741744545	0,0338426666667	-0,00533555555556
44,5	0,00194074174455	0,0297266666667	-0,105440740741
44,55	0,00358714174455	0,0227142222222	-0,187845432099
44,6	0,00441034174455	0,0111284444444	-0,25940962963
44,65	0,00495914174455	-0,00518311111111	-0,284478271605
44,7	0,00386154174455	-0,0210373333333	-0,231884938272
44,75	0,00248954174455	-0,0297266666667	-0,138978518519
44,8	0,000843141744545	-0,0355195555556	-0,0242217283951
44,85	-0,00135205825545	-0,0338426666667	0,118483209877
44,9	-0,00299845825545	-0,0227142222222	0,236458271605
44,95	-0,00382165825545	-0,00670755555556	0,282784444444
45	-0,00354725825545	0,00792711111111	0,269996049383
45,05	-0,00299845825545	0,0213422222222	0,220197530864
45,1	-0,00135205825545	0,0321657777778	0,119922962963
45,15	0,000568741744545	0,0350622222222	-0,0149903703704
45,2	0,00248954174455	0,030184	-0,139571358025
45,25	0,00386154174455	0,0189031111111	-0,217910864198
45,3	0,00441034174455	0,00609777777778	-0,245350864198
45,35	0,00441034174455	-0,00625022222222	-0,24780691358
45,4	0,00386154174455	-0,0193604444444	-0,223923950617
45,45	0,00248954174455	-0,031556	-0,140079506173
45,5	0,000294341744545	-0,0353671111111	-0,0138893827161
45,55	-0,00135205825545	-0,0320133333333	0,102307160494
45,6	-0,00299845825545	-0,024696	0,206816296296
45,65	-0,00409605825545	-0,0111284444444	0,293116790123
45,7	-0,00437045825545	0,00746977777778	0,311494814815
45,75	-0,00327285825545	0,0242386666667	0,238660246914
45,8	-0,00162645825545	0,0339951111111	0,106711111111
45,85	0,000568741744545	0,0343	-0,0219350617284
45,9	0,00194074174455	0,0298791111111	-0,116111851852
45,95	0,00358714174455	0,0231715555556	-0,208171358025
46	0,00468474174455	0,008232	-0,274061234568
46,05	0,00441034174455	-0,00731733333333	-0,273722469136
46,1	0,00386154174455	-0,0210373333333	-0,224432098765
46,15	0,00221514174455	-0,0318608888889	-0,125089135802
46,2	0,000294341744545	-0,0343	-0,00508148148148
46,25	-0,00135205825545	-0,0323182222222	0,115180246914
46,3	-0,00327285825545	-0,0225617777778	0,224940246914
46,35	-0,00382165825545	-0,00777466666667	0,285918024691
46,4	-0,00409605825545	0,00838444444445	0,288289382716
46,45	-0,00299845825545	0,0240862222222	0,221298518519
46,5	-0,00135205825545	0,0326231111111	0,107134567901
46,55	0,000568741744545	0,0343	-0,00465802469136
46,6	0,00221514174455	0,0314035555556	-0,102561234568
46,65	0,00386154174455	0,0240862222222	-0,189878024691
46,7	0,00495914174455	0,010976	-0,24696
46,75	0,00495914174455	-0,00365866666667	-0,247637530864
46,8	0,00413594174455	-0,0114333333333	-0,265422716049
46,85	0,00468474174455	-0,0320133333333	-0,230699259259
46,9	0,000568741744545	-0,0443613333333	-0,0213422222222
46,95	-0,00107765825545	-0,0324706666667	0,164470617284
47	-0,00244965825545	-0,0214946666667	0,236797037037
47,05	-0,00327285825545	-0,00777466666667	0,268556296296
47,1	-0,00327285825545	0,00609777777778	0,266947160494
47,15	-0,00272405825545	0,02058	0,22510962963
47,2	-0,00107765825545	0,031556	0,121278024691
47,25	0,000843141744545	0,0336902222222	-0,0071987654321
47,3	0,00248954174455	0,030184	-0,124072839506
47,35	0,00413594174455	0,0202751111111	-0,215031358025
47,4	0,00468474174455	0,00640266666667	-0,255259753086
47,45	0,00468474174455	-0,00655511111111	-0,257546419753
47,5	0,00413594174455	-0,0207324444444	-0,219858765432
47,55	0,00248954174455	-0,031556	-0,118906666667
47,6	0,000568741744545	-0,0336902222222	0,00829975308642
47,65	-0,00107765825545	-0,030184	0,127037037037
47,7	-0,00272405825545	-0,0201226666667	0,222568888889
47,75	-0,00327285825545	-0,00579288888889	0,268556296296
47,8	-0,00327285825545	0,00853688888889	0,267455308642
47,85	-0,00244965825545	0,0228666666667	0,216640493827
47,9	-0,000803258255455	0,0326231111111	0,112216049383
47,95	0,00111754174455	0,0350622222222	-0,0110098765432
48	0,00303834174455	0,0304888888889	-0,114587407407
48,05	0,00441034174455	0,02058	-0,171245925926
48,1	0,00468474174455	0,0147871111111	-0,24526617284
48,15	0,00633114174455	0,000457333333333	-0,367983950617
48,2	0,00578234174455	-0,0304888888889	-0,325722962963
48,25	0,00221514174455	-0,0423795555556	-0,0939227160494
48,3	0,000568741744545	-0,0355195555556	0,0792711111111
48,35	-0,00107765825545	-0,0292693333333	0,159643209877
48,4	-0,00244965825545	-0,0198177777778	0,221552592593
48,45	-0,00327285825545	-0,00686	0,264914567901
48,5	-0,00327285825545	0,00899422222222	0,259579012346
48,55	-0,00217525825545	0,0211897777778	0,203428641975
48,6	-0,00107765825545	0,0306413333333	0,111284444444
48,65	0,00111754174455	0,0341475555556	-0,0177004938272
48,7	0,00276394174455	0,0285071111111	-0,138809135802
48,75	0,00413594174455	0,0182933333333	-0,219265925926
48,8	0,00468474174455	0,00503066666667	-0,257461728395
48,85	0,00468474174455	-0,00914666666667	-0,244334567901
48,9	0,00386154174455	-0,0228666666667	-0,163539012346
48,95	0,00194074174455	-0,0282022222222	-0,0398049382716
49	0,000294341744545	-0,0207324444444	-0,00965481481482
49,05	0,000843141744545	-0,0272875555556	-0,00160913580247
49,1	-0,00244965825545	-0,0314035555556	0,177004938272
49,15	-0,00382165825545	-0,00914666666667	0,340713333333
49,2	-0,00327285825545	0,0131102222222	0,317761975309
49,25	-0,00190085825545	0,0256106666667	0,218334320988
49,3	-0,000528858255455	0,0332328888889	0,119753580247
49,35	0,00139194174455	0,0379586666667	0,00525086419753
49,4	0,00331274174455	0,0391782222222	-0,19080962963
49,45	0,00660554174455	0,0170737777778	-0,34257654321
49,5	0,00495914174455	-0,00533555555556	-0,305820493827
49,55	0,00523354174455	-0,0141773333333	-0,232731851852
49,6	0,00386154174455	-0,0263728888889	-0,177428395062
49,65	0,00248954174455	-0,0346048888889	-0,0748671604938
49,7	1,99417445452E-005	-0,0353671111111	0,0555575308642
49,75	-0,00135205825545	-0,0283546666667	0,173871358025
49,8	-0,00299845825545	-0,0166164444444	0,256784197531
49,85	-0,00327285825545	0,000304888888889	0,274230617284
49,9	-0,00272405825545	0,0131102222222	0,237559259259
49,95	-0,00190085825545	0,0242386666667	0,183102716049
50	-0,000254458255455	0,032928	0,0923135802469
50,05	0,00166634174455	0,0352146666667	-0,0335377777778
50,1	0,00358714174455	0,0298791111111	-0,164470617284
50,15	0,00495914174455	0,0173786666667	-0,26195037037
50,2	0,00550794174455	0,000762222222222	-0,29370962963
50,25	0,00495914174455	-0,0147871111111	-0,259324938272
50,3	0,00386154174455	-0,0265253333333	-0,184034320988
50,35	0,00221514174455	-0,0347573333333	-0,0722417283951
50,4	1,99417445452E-005	-0,0349097777778	0,06174
50,45	-0,00162645825545	-0,0271351111111	0,169467407407
50,5	-0,00272405825545	-0,0167688888889	0,245774320988
50,55	-0,00354725825545	-0,00152444444444	0,286595555556
50,6	-0,00299845825545	0,0155493333333	0,249754814815
50,65	-0,00162645825545	0,0257631111111	0,159389135802
50,7	-0,000254458255455	0,0314035555556	0,0594533333333
50,75	0,00166634174455	0,0323182222222	-0,0523392592593
50,8	0,00331274174455	0,0259155555556	-0,155662716049
50,85	0,00441034174455	0,0153968888889	-0,228666666667
50,9	0,00495914174455	0,00182933333333	-0,265930864198
50,95	0,00468474174455	-0,0134151111111	-0,242725432099
51	0,00358714174455	-0,0262204444444	-0,140672345679
51,05	0,00166634174455	-0,0306413333333	0,0154138271605
51,1	-0,000254458255455	-0,0204275555556	0,0941767901235
51,15	1,99417445452E-005	-0,0160066666667	0,0792711111111
51,2	-0,00162645825545	-0,0147871111111	0,103069382716
51,25	-0,00162645825545	-0,00990888888889	0,202327654321
51,3	-0,00299845825545	0,00350622222222	0,325468888889
51,35	-0,00190085825545	0,0282022222222	0,320556790123
51,4	1,99417445452E-005	0,0464955555556	0,102645925926
51,45	0,00386154174455	0,0429893333333	-0,196060493827
51,5	0,00550794174455	0,0166164444444	-0,310647901235
51,55	0,00468474174455	0,00243911111111	-0,241878518519
51,6	0,00523354174455	-0,00320133333333	-0,219604691358
51,65	0,00495914174455	-0,0169213333333	-0,229852345679
51,7	0,00358714174455	-0,0307937777778	-0,162183950617
51,75	0,00139194174455	-0,0358244444444	-0,0382804938272
51,8	-0,000254458255455	-0,0339951111111	0,0844372839506
51,85	-0,00217525825545	-0,0269826666667	0,194959506173
51,9	-0,00327285825545	-0,0131102222222	0,268217530864
51,95	-0,00354725825545	0,00243911111111	0,28168345679
52	-0,00299845825545	0,0173786666667	0,239337777778
52,05	-0,00162645825545	0,0280497777778	0,154646419753
52,1	1,99417445452E-005	0,0335377777778	0,0487822222222
52,15	0,00194074174455	0,0333853333333	-0,0700397530864
52,2	0,00358714174455	0,0269826666667	-0,192418765432
52,25	0,00495914174455	0,0134151111111	-0,28769654321
52,3	0,00523354174455	-0,00579288888889	-0,297097283951
52,35	0,00413594174455	-0,02058	-0,217910864198
52,4	0,00276394174455	-0,02744	-0,126105432099
52,45	0,00139194174455	-0,0321657777778	-0,0434466666667
52,5	-0,000528858255455	-0,0336902222222	0,0704632098765
52,55	-0,00244965825545	-0,0256106666667	0,189031111111
52,6	-0,00327285825545	-0,0126528888889	0,261780987654
52,65	-0,00382165825545	0,00289644444444	0,277872345679
52,7	-0,00299845825545	0,0182933333333	0,223923950617
52,75	-0,00162645825545	0,0265253333333	0,136183703704
52,8	-0,000254458255455	0,031556	0,0455639506173
52,85	0,00166634174455	0,0321657777778	-0,0643654320988
52,9	0,00331274174455	0,0253057777778	-0,173786666667
52,95	0,00441034174455	0,0131102222222	-0,246875308642
53	0,00468474174455	-0,00106711111111	-0,276178518519
53,05	0,00441034174455	-0,0169213333333	-0,24738345679
53,1	0,00276394174455	-0,0282022222222	-0,159812592593
53,15	0,00139194174455	-0,0341475555556	-0,0348928395062
53,2	-0,000803258255455	-0,0339951111111	0,124157530864
53,25	-0,00272405825545	-0,0207324444444	0,248738518519
53,3	-0,00327285825545	-0,000304888888889	0,215962962963
53,35	-0,00162645825545	0,00213422222222	0,150242469136
53,4	-0,00327285825545	0,00746977777778	0,193519753086
53,45	-0,00162645825545	0,0243911111111	0,182848641975
53,5	-0,000254458255455	0,0310986666667	0,0741049382716
53,55	0,00166634174455	0,0330804444444	-0,068684691358
53,6	0,00358714174455	0,023324	-0,195637037037
53,65	0,00413594174455	0,00975644444445	-0,246197777778
53,7	0,00441034174455	-0,00228666666667	-0,261611604938
53,75	0,00413594174455	-0,0176835555556	-0,236204197531
53,8	0,00248954174455	-0,0292693333333	-0,141434567901
53,85	0,000843141744545	-0,0330804444444	-0,0174464197531
53,9	-0,00107765825545	-0,0304888888889	0,100782716049
53,95	-0,00244965825545	-0,0216471111111	0,190724938272
54	-0,00327285825545	-0,0108235555556	0,257292345679
54,05	-0,00382165825545	0,005488	0,282784444444
54,1	-0,00272405825545	0,0213422222222	0,225787160494
54,15	-0,00135205825545	0,0303364444444	0,117212839506
54,2	0,000568741744545	0,0330804444444	0,000762222222221
54,25	0,00221514174455	0,0294217777778	-0,0991735802469
54,3	0,00358714174455	0,0227142222222	-0,186405679012
54,35	0,00468474174455	0,010976	-0,264406419753
54,4	0,00495914174455	-0,00579288888889	-0,290067901235
54,45	0,00413594174455	-0,0225617777778	-0,224855555556
54,5	0,00221514174455	-0,0303364444444	-0,11060691358
54,55	0,000843141744545	-0,0317084444444	-0,017022962963
54,6	-0,000803258255455	-0,0330804444444	0,092737037037
54,65	-0,00299845825545	-0,0239337777778	0,218927160494
54,7	-0,00354725825545	-0,00762222222222	0,275839753086
54,75	-0,00354725825545	0,00625022222222	0,272028641975
54,8	-0,00299845825545	0,0207324444444	0,229428888889
54,85	-0,00135205825545	0,0317084444444	0,134066419753
54,9	0,000568741744545	0,0344524444444	0,0299807407407
54,95	0,00221514174455	0,0336902222222	-0,0589451851852
55	0,00413594174455	0,0278973333333	-0,138978518519
55,05	0,00495914174455	0,0208848888889	-0,234256296296
55,1	0,00660554174455	0,00609777777778	-0,346557037037
55,15	0,00605674174455	-0,0181408888889	-0,362987160494
55,2	0,00441034174455	-0,0355195555556	-0,252634320988
55,25	0,00248954174455	-0,0486297777778	-0,0300654320988
55,3	-0,00135205825545	-0,0423795555556	0,244927407407
55,35	-0,00299845825545	-0,0140248888889	0,327670864198
55,4	-0,00190085825545	0,001372	0,207493827161
55,45	-0,00190085825545	0,000609777777778	0,168451111111
55,5	-0,00272405825545	0,0128053333333	0,21308345679
55,55	-0,000803258255455	0,0275924444444	0,163539012346
55,6	0,000568741744545	0,0330804444444	0,0353162962963
55,65	0,00276394174455	0,031556	-0,112216049383
55,7	0,00413594174455	0,0204275555556	-0,22765037037
55,75	0,00495914174455	0,00564044444444	-0,273044938272
55,8	0,00468474174455	-0,00945155555556	-0,257122962963
55,85	0,00386154174455	-0,0213422222222	-0,202327654321
55,9	0,00248954174455	-0,0307937777778	-0,116450617284
55,95	0,000568741744545	-0,0347573333333	0,0058437037037
56	-0,00135205825545	-0,0304888888889	0,133134814815
56,05	-0,00272405825545	-0,0201226666667	0,230953333333
56,1	-0,00354725825545	-0,00533555555556	0,279820246914
56,15	-0,00327285825545	0,0102137777778	0,269741975309
56,2	-0,00244965825545	0,0236288888889	0,207493827161
56,25	-0,000803258255455	0,0335377777778	0,0908738271605
56,3	0,00139194174455	0,0333853333333	-0,0413293827161
56,35	0,00276394174455	0,0272875555556	-0,136099012346
56,4	0,00413594174455	0,019208	-0,212998765432
56,45	0,00495914174455	0,00533555555556	-0,266015555556
56,5	0,00468474174455	-0,00914666666667	-0,273807160494
56,55	0,00413594174455	-0,024696	-0,220705679012
56,6	0,00194074174455	-0,0343	-0,101036790123
56,65	0,000294341744545	-0,0347573333333	0,0254920987654
56,7	-0,00162645825545	-0,0314035555556	0,143382469136
56,75	-0,00327285825545	-0,019208	0,232139012346
56,8	-0,00354725825545	-0,00579288888889	0,269233827161
56,85	-0,00382165825545	0,00792711111111	0,285240493827
56,9	-0,00299845825545	0,0250008888889	0,243487654321
56,95	-0,00107765825545	0,0364342222222	0,11789037037
57	0,00111754174455	0,0379586666667	-0,0369254320988
57,05	0,00303834174455	0,0312511111111	-0,16548691358
57,1	0,00441034174455	0,0198177777778	-0,25466691358
57,15	0,00523354174455	0,00365866666667	-0,291931111111
57,2	0,00468474174455	-0,0112808888889	-0,278295802469
57,25	0,00413594174455	-0,0259155555556	-0,216640493827
57,3	0,00194074174455	-0,0361293333333	-0,0888412345679
57,35	1,99417445452E-005	-0,035672	0,0569972839506
57,4	-0,00190085825545	-0,0285071111111	0,166249135802
57,45	-0,00299845825545	-0,0167688888889	0,226464691358
57,5	-0,00354725825545	-0,00472577777778	0,254497530864
57,55	-0,00354725825545	0,00899422222222	0,263136049383
57,6	-0,00272405825545	0,0234764444444	0,224347407407
57,65	-0,00107765825545	0,0346048888889	0,11789037037
57,7	0,00111754174455	0,0371964444444	-0,0298960493827
57,75	0,00303834174455	0,0307937777778	-0,163877777778
57,8	0,00441034174455	0,0185982222222	-0,250517037037
57,85	0,00495914174455	0,004116	-0,291253580247
57,9	0,00495914174455	-0,0126528888889	-0,276686666667
57,95	0,00358714174455	-0,0266777777778	-0,194451358025
58	0,00194074174455	-0,0333853333333	-0,0792711111111
58,05	1,99417445452E-005	-0,0341475555556	0,0347234567901
58,1	-0,00162645825545	-0,0300315555556	0,148463950617
58,15	-0,00327285825545	-0,019208	0,250262962963
58,2	-0,00382165825545	-0,002744	0,299722716049
58,25	-0,00354725825545	0,0141773333333	0,273891851852
58,3	-0,00217525825545	0,0265253333333	0,195891111111
58,35	-0,000803258255455	0,0352146666667	0,0800333333333
58,4	0,00166634174455	0,0362817777778	-0,0680071604938
58,45	0,00331274174455	0,0269826666667	-0,186998518519
58,5	0,00441034174455	0,015092	-0,251194567901
58,55	0,00495914174455	0,000152444444444	-0,269149135803
58,6	0,00441034174455	-0,0141773333333	-0,23324
58,65	0,00331274174455	-0,0240862222222	-0,169975555556
58,7	0,00194074174455	-0,031556	-0,089010617284
58,75	1,99417445452E-005	-0,0347573333333	0,0276940740741
58,8	-0,00190085825545	-0,0297266666667	0,159219753086
58,85	-0,00327285825545	-0,0173786666667	0,256868888889
58,9	-0,00382165825545	-0,000914666666667	0,286256790123
58,95	-0,00327285825545	0,0141773333333	0,248569135803
59	-0,00217525825545	0,024696	0,180477283951
59,05	-0,000803258255455	0,0332328888889	0,0849454320988
59,1	0,00139194174455	0,0353671111111	-0,0430232098766
59,15	0,00331274174455	0,0271351111111	-0,137369382716
59,2	0,00413594174455	0,0170737777778	-0,162183950617
59,25	0,00441034174455	0,0144822222222	-0,241031604938
59,3	0,00633114174455	-0,00167688888889	-0,385684444444
59,35	0,00523354174455	-0,0336902222222	-0,344947901235
59,4	0,00194074174455	-0,0472577777778	-0,0962940740741
59,45	-0,000528858255455	-0,0405502222222	0,122971851852
59,5	-0,00217525825545	-0,0285071111111	0,225194320988
59,55	-0,00327285825545	-0,0166164444444	0,276263209877
59,6	-0,00409605825545	-0,000304888888889	0,297520740741
59,65	-0,00327285825545	0,0153968888889	0,266015555556
59,7	-0,00244965825545	0,0283546666667	0,184542469136
59,75	-0,000254458255455	0,0362817777778	0,0515939753086
59,8	0,00166634174455	0,0336902222222	-0,084598197531
59,85	0,00331274174455	0,0256106666667	-0,174015333333
59,9	0,00441034174455	0,0139029333333	-0,208620222221
59,95	0,00468474174455	0,00251533333332	-0,19871133333
60	0,00413594174455	-0,00548799999986	-0,179223851846
