0,05	0,6278272	-0,0817102222222	0,625835259259
0,1	0,622888	-0,0550324444444	0,741337333333
0,15	0,6204184	-0,0136285333333	0,860752148148
0,2	0,6209672	0,0371964444444	0,856195753086
0,25	0,6245344	0,08232	0,631983851852
0,3	0,6300224	0,107625777778	0,23767782716
0,35	0,6363336	0,107930666667	-0,207324444444
0,4	0,6418216	0,0839968888889	-0,590129382716
0,45	0,6453888	0,0432942222222	-0,838698518519
0,5	0,6464864	-0,00625022222222	-0,921865432099
0,55	0,64484	-0,0565568888889	-0,810835061728
0,6	0,6404496	-0,0963448888889	-0,492988395062
0,65	0,6341384	-0,111741777778	-0,0419222222222
0,7	0,6281016	-0,0995462222222	0,397541234568
0,75	0,6234368	-0,0675328888889	0,733088395062
0,8	0,6206928	-0,0199702222222	0,909331111111
0,85	0,6212416	0,0320133333333	0,878334074074
0,9	0,62426	0,0757648888889	0,654579506173
0,95	0,6294736	0,103204888889	0,287865925926
1	0,6355104	0,107625777778	-0,150157777778
1,05	0,6412728	0,0871982222222	-0,559979259259
1,1	0,6451144	0,0458857777778	-0,834548641975
1,15	0,646212	-0,00457333333333	-0,911363703704
1,2	0,6445656	-0,0532031111111	-0,790255061728
1,25	0,6404496	-0,090552	-0,497222962963
1,3	0,6346872	-0,107778222222	-0,0888412345679
1,35	0,6286504	-0,100460888889	0,344016296296
1,4	0,6237112	-0,0702768888889	0,70141382716
1,45	0,6209672	-0,0240862222222	0,902979259259
1,5	0,6209672	0,0291168888889	0,888666419753
1,55	0,62426	0,0739355555556	0,660931358025
1,6	0,6291992	0,0998511111111	0,308022469136
1,65	0,6349616	0,106558666667	-0,099427654321
1,7	0,640724	0,0908568888889	-0,512467407407
1,75	0,6451144	0,0515262222222	-0,825063209877
1,8	0,6464864	-0,00167688888889	-0,915937037037
1,85	0,6445656	-0,0486297777778	-0,801010864198
1,9	0,6412728	-0,0868933333333	-0,538467654321
1,95	0,635236	-0,107473333333	-0,14964962963
2	0,629748	-0,107016	0,33012691358
2,05	0,622888	-0,0721062222222	0,744775802469
2,1	0,6217904	-0,0195128888889	0,891545925926
2,15	0,621516	0,0251533333333	0,836665925926
2,2	0,62426	0,0682951111111	0,649074567901
2,25	0,6289248	0,09604	0,32284345679
2,3	0,6346872	0,104272	-0,082404691358
2,35	0,6404496	0,0868933333333	-0,470206419753
2,4	0,6440168	0,0525933333333	-0,747994074074
2,45	0,646212	0,00625022222222	-0,874861728395
2,5	0,64484	-0,0435991111111	-0,796014074074
2,55	0,6412728	-0,080948	-0,535334074074
2,6	0,6360592	-0,101223111111	-0,166164444444
2,65	0,6302968	-0,0996986666667	0,249924197531
2,7	0,6250832	-0,0745453333333	0,618077530864
2,75	0,6220648	-0,0312511111111	0,831753827161
2,8	0,6217904	0,0170737777778	0,84505037037
2,85	0,6239856	0,0606728888889	0,670755555556
2,9	0,628376	0,0902471111111	0,350452839506
2,95	0,633864	0,0996986666667	-0,0531861728395
3	0,6396264	0,0814053333333	-0,397287160494
3,05	0,642096	0,0553373333333	-0,639335061728
3,1	0,6456632	0,0169213333333	-0,824809135802
3,15	0,6445656	-0,0352146666667	-0,819558271605
3,2	0,6415472	-0,07546	-0,585386666667
3,25	0,6363336	-0,0993937777778	-0,209865185185
3,3	0,6305712	-0,0981742222222	0,211728395062
3,35	0,625632	-0,07546	0,570480987654
3,4	0,6223392	-0,035672	0,797115061728
3,45	0,6217904	0,0111284444444	0,850470617284
3,5	0,6234368	0,0573191111111	0,710645185185
3,55	0,6281016	0,0896373333333	0,397202469136
3,6	0,6333152	0,100460888889	-0,000592839506173
3,65	0,6390776	0,0887226666667	-0,38543037037
3,7	0,6429192	0,0582337777778	-0,681341975309
3,75	0,6453888	0,0155493333333	-0,843102469136
3,8	0,64484	-0,0341475555556	-0,811427901235
3,85	0,6415472	-0,0743928888889	-0,577849135802
3,9	0,636608	-0,0963448888889	-0,230699259259
3,95	0,63112	-0,0986315555556	0,155747407407
4	0,6259064	-0,079576	0,515262222222
4,05	0,6226136	-0,045276	0,805076049383
4,1	0,6204184	0,00792711111111	0,918308395062
4,15	0,6234368	0,0600631111111	0,741049382716
4,2	0,6275528	0,08918	0,389410864198
4,25	0,6330408	0,100003555556	-0,00728345679012
4,3	0,6385288	0,0871982222222	-0,377808148148
4,35	0,6423704	0,0583862222222	-0,654071358025
4,4	0,64484	0,0176835555556	-0,814561481481
4,45	0,6445656	-0,0309462222222	-0,787883703704
4,5	0,6412728	-0,0696671111111	-0,565399506173
4,55	0,6368824	-0,0916191111111	-0,23281654321
4,6	0,6313944	-0,0948204444444	0,146854814815
4,65	0,6264552	-0,0757648888889	0,494428148148
4,7	0,6231624	-0,0405502222222	0,72631308642
4,75	0,6220648	0,00335377777778	0,794404938272
4,8	0,6234368	0,0469528888889	0,672025925926
4,85	0,6272784	0,0783564444444	0,383143703704
4,9	0,632492	0,0852164444444	0,0691928395062
4,95	0,6360592	0,0815577777778	-0,195806419753
5	0,640724	0,0701244444444	-0,520174320988
5,05	0,6445656	0,0295742222222	-0,807532098765
5,1	0,6442912	-0,023324	-0,833786419753
5,15	0,6415472	-0,064484	-0,619009135802
5,2	0,6371568	-0,08918	-0,281937530864
5,25	0,6319432	-0,0948204444444	0,109675308642
5,3	0,6267296	-0,078204	0,48663654321
5,35	0,6231624	-0,0402453333333	0,731479259259
5,4	0,6226136	0,00259155555556	0,79703037037
5,45	0,6234368	0,0449711111111	0,710560493827
5,5	0,6272784	0,080948	0,45276
5,55	0,632492	0,0954302222222	0,0786782716049
5,6	0,6377056	0,0885702222222	-0,298621728395
5,65	0,642096	0,0626546666667	-0,605881975309
5,7	0,6445656	0,0225617777778	-0,777890123457
5,75	0,6445656	-0,0224093333333	-0,775518765432
5,8	0,642096	-0,0620448888889	-0,605543209877
5,85	0,6377056	-0,0873506666667	-0,315644691358
5,9	0,6327664	-0,0958875555556	0,0418375308642
5,95	0,6275528	-0,0875031111111	0,463431111111
6	0,6223392	-0,0457333333333	0,784834814815
6,05	0,6226136	0,00533555555556	0,814984938272
6,1	0,6237112	0,0426844444444	0,668299506173
6,15	0,627004	0,074088	0,438362469136
6,2	0,6316688	0,090552	0,118144444444
6,25	0,6368824	0,087808	-0,238575555556
6,3	0,6412728	0,0650937777778	-0,555151851852
6,35	0,6440168	0,0272875555556	-0,749687901235
6,4	0,6442912	-0,0172262222222	-0,76832
6,45	0,642096	-0,0571666666667	-0,605119753086
6,5	0,63798	-0,0830822222222	-0,309800987654
6,55	0,6330408	-0,090552	0,0469190123457
6,6	0,6281016	-0,0778991111111	0,391104691358
6,65	0,6245344	-0,0478675555556	0,648058271605
6,7	0,622888	-0,00731733333333	0,762984444444
6,75	0,6237112	0,0353671111111	0,706071851852
6,8	0,6267296	0,0704293333333	0,47418691358
6,85	0,6313944	0,0887226666667	0,109844691358
6,9	0,636608	0,0835395555556	-0,285918024691
6,95	0,6409984	0,0528982222222	-0,537197283951
7	0,6418216	0,0198177777778	-0,590468148148
7,05	0,6423704	-0,00503066666667	-0,620364197531
7,1	0,642096	-0,0417697777778	-0,615452098765
7,15	0,6382544	-0,076832	-0,404655308642
7,2	0,6333152	-0,0896373333333	-0,0370948148148
7,25	0,628376	-0,0803382222222	0,342322469136
7,3	0,6245344	-0,0518311111111	0,637387160494
7,35	0,6226136	-0,0100613333333	0,772131111111
7,4	0,6234368	0,0338426666667	0,708443209877
7,45	0,6264552	0,0675328888889	0,482063209877
7,5	0,6308456	0,0855213333333	0,16464
7,55	0,6357848	0,0844542222222	-0,171669382716
7,6	0,6399008	0,067228	-0,476473580247
7,65	0,6431936	0,0338426666667	-0,697687407407
7,7	0,6437424	-0,00945155555556	-0,75502345679
7,75	0,642096	-0,0496968888889	-0,625445679012
7,8	0,6382544	-0,0777466666667	-0,355110864198
7,85	0,6335896	-0,087808	-0,0201565432099
7,9	0,6286504	-0,0789662222222	0,305058271605
7,95	0,6250832	-0,0538128888889	0,55735382716
8	0,6231624	-0,0224093333333	0,752228641975
8,05	0,6217904	0,02744	0,79017037037
8,1	0,6261808	0,0707342222222	0,540415555556
8,15	0,6302968	0,0858262222222	0,176327407407
8,2	0,635236	0,0861311111111	-0,167350123457
8,25	0,6396264	0,0678377777778	-0,470883950617
8,3	0,6426448	0,0352146666667	-0,673719753086
8,35	0,643468	-0,00533555555556	-0,73444345679
8,4	0,642096	-0,0451235555556	-0,628579259259
8,45	0,6385288	-0,0745453333333	-0,372980740741
8,5	0,633864	-0,0856737777778	-0,0370948148148
8,55	0,6291992	-0,0780515555556	0,298198271605
8,6	0,6253576	-0,0530506666667	0,565060740741
8,65	0,6234368	-0,0167688888889	0,711407407407
8,7	0,6234368	0,024696	0,698195555556
8,75	0,6261808	0,0599106666667	0,52263037037
8,8	0,6300224	0,0812528888889	0,237135802469
8,85	0,6349616	0,0856737777778	-0,100782716049
8,9	0,639352	0,071344	-0,43387382716
8,95	0,6429192	0,0382635555556	-0,669823950617
9	0,643468	-0,00259155555556	-0,741218765432
9,05	0,6426448	-0,0428368888889	-0,641537037037
9,1	0,6388032	-0,0734782222222	-0,384329382716
9,15	0,6344128	-0,0841493333333	-0,0528474074074
9,2	0,629748	-0,078204	0,273637777778
9,25	0,6259064	-0,05488	0,546513333333
9,3	0,6237112	-0,0190555555556	0,704462716049
9,35	0,6237112	0,0230191111111	0,691420246914
9,4	0,6264552	0,0564044444444	0,523223209877
9,45	0,629748	0,0789662222222	0,255937283951
9,5	0,6349616	0,0856737777778	-0,0894340740741
9,55	0,639352	0,0692097777778	-0,414479506173
9,6	0,6423704	0,0396355555556	-0,633914814815
9,65	0,6437424	0,000152444444444	-0,712847160494
9,7	0,6423704	-0,0388733333333	-0,621041728395
9,75	0,639352	-0,0669231111111	-0,401521728395
9,8	0,635236	-0,0824724444444	-0,0957012345679
9,85	0,6302968	-0,0786613333333	0,250347654321
9,9	0,6264552	-0,0542702222222	0,525763950617
9,95	0,6245344	-0,0202751111111	0,667621975309
10	0,62426	0,0179884444444	0,668553580247
10,05	0,6264552	0,0525933333333	0,52220691358
10,1	0,6300224	0,0751551111111	0,258901481481
10,15	0,6346872	0,0806431111111	-0,0587758024691
10,2	0,6388032	0,0684475555556	-0,359684197531
10,25	0,642096	0,0419222222222	-0,589367160494
10,3	0,643468	0,00457333333333	-0,694723209877
10,35	0,6426448	-0,0346048888889	-0,633660740741
10,4	0,6396264	-0,0650937777778	-0,422271111111
10,45	0,6355104	-0,0804906666667	-0,118906666667
10,5	0,6308456	-0,0778991111111	0,208256049383
10,55	0,627004	-0,0577764444444	0,488415061728
10,6	0,6245344	-0,024696	0,660338518518
10,65	0,62426	0,0146346666667	0,679055308642
10,7	0,6261808	0,0498493333333	0,539483950617
10,75	0,629748	0,0731733333333	0,285325185185
10,8	0,6341384	0,0806431111111	-0,0271859259259
10,85	0,6385288	0,0704293333333	-0,338596049383
10,9	0,6418216	0,0443613333333	-0,586064197531
10,95	0,643468	0,00686	-0,710899259259
11	0,6426448	-0,0341475555556	-0,658814074074
11,05	0,6396264	-0,0652462222222	-0,449372345679
11,1	0,6357848	-0,0853688888889	-0,105356049383
11,15	0,629748	-0,0772893333333	0,266184938272
11,2	0,6272784	-0,0510688888889	0,491294567901
11,25	0,6248088	-0,0236288888889	0,604611604938
11,3	0,6245344	0,0114333333333	0,637302469136
11,35	0,6259064	0,0457333333333	0,536011604938
11,4	0,6294736	0,071344	0,296335061728
11,45	0,633864	0,0783564444444	-0,0163454320988
11,5	0,63798	0,0686	-0,311410123457
11,55	0,6412728	0,0446662222222	-0,541347160494
11,6	0,6429192	0,00990888888889	-0,656273333333
11,65	0,6423704	-0,0272875555556	-0,620872345679
11,7	0,6399008	-0,0579288888889	-0,445561234568
11,75	0,6360592	-0,0757648888889	-0,171754074074
11,8	0,6316688	-0,0771368888889	0,147786419753
11,85	0,6275528	-0,0599106666667	0,438277777778
11,9	0,6250832	-0,0285071111111	0,617908148148
11,95	0,6245344	0,00777466666667	0,654918271605
12	0,6259064	0,0426844444444	0,549477530864
12,05	0,6291992	0,0678377777778	0,319709876543
12,1	0,6333152	0,0777466666667	0,0158372839506
12,15	0,6377056	0,0698195555556	-0,295318765432
12,2	0,6409984	0,045276	-0,535588148148
12,25	0,6426448	0,0106711111111	-0,644077777778
12,3	0,642096	-0,0251533333333	-0,605712592593
12,35	0,6399008	-0,0551848888889	-0,437092098765
12,4	0,6360592	-0,072716	-0,175057037037
12,45	0,6319432	-0,0737831111111	0,117212839506
12,5	0,6281016	-0,0600631111111	0,386870123457
12,55	0,6253576	-0,0323182222222	0,583777530864
12,6	0,6245344	0,00335377777778	0,655087654321
12,65	0,625632	0,039788	0,570142222222
12,7	0,6289248	0,0666182222222	0,340798024691
12,75	0,6330408	0,0763746666667	0,044632345679
12,8	0,6371568	0,0707342222222	-0,249924197531
12,85	0,640724	0,0496968888889	-0,496630123457
12,9	0,6426448	0,0169213333333	-0,638234074074
12,95	0,6426448	-0,0208848888889	-0,624598765432
13	0,6401752	-0,0512213333333	-0,470037037037
13,05	0,6371568	-0,071344	-0,222738271605
13,1	0,632492	-0,0771368888889	0,0979879012346
13,15	0,628376	-0,0600631111111	0,387547654321
13,2	0,6261808	-0,0332328888889	0,564298518519
13,25	0,6248088	0	0,636455555556
13,3	0,6259064	0,0371964444444	0,551510123457
13,35	0,6291992	0,0608253333333	0,33656345679
13,4	0,632492	0,0719537777778	0,0786782716049
13,45	0,6368824	0,0696671111111	-0,201057283951
13,5	0,6401752	0,050764	-0,448779506173
13,55	0,6423704	0,0213422222222	-0,60969308642
13,6	0,6426448	-0,0155493333333	-0,636794320988
13,65	0,640724	-0,0495444444444	-0,496121975309
13,7	0,6371568	-0,0710391111111	-0,222230123457
13,75	0,6327664	-0,0731733333333	0,0909585185185
13,8	0,6291992	-0,0593008888889	0,352993580247
13,85	0,6264552	-0,0347573333333	0,535842222222
13,9	0,6253576	-0,00182933333333	0,614012345679
13,95	0,6261808	0,0324706666667	0,553203950617
14	0,6289248	0,0593008888889	0,358498518519
14,05	0,6327664	0,0711915555556	0,089010617284
14,1	0,636608	0,0684475555556	-0,192842222222
14,15	0,6401752	0,0512213333333	-0,448356049383
14,2	0,6423704	0,0198177777778	-0,607237037037
14,25	0,6423704	-0,016464	-0,607660493827
14,3	0,6404496	-0,0471053333333	-0,462753580247
14,35	0,6371568	-0,0660084444444	-0,230106419753
14,4	0,6333152	-0,071344	0,0398049382716
14,45	0,6294736	-0,0623497777778	0,311833580247
14,5	0,6264552	-0,0385684444444	0,533894320988
14,55	0,6250832	-0,00335377777778	0,625360987654
14,6	0,6261808	0,0312511111111	0,551510123457
14,65	0,6286504	0,056252	0,362563703704
14,7	0,6322176	0,0701244444444	0,10459382716
14,75	0,6363336	0,0678377777778	-0,177004938272
14,8	0,6396264	0,0506115555556	-0,415919259259
14,85	0,6418216	0,0225617777778	-0,565230123457
14,9	0,642096	-0,0106711111111	-0,594702716049
14,95	0,640724	-0,042532	-0,48875382716
15	0,6374312	-0,0646364444444	-0,263813580247
15,05	0,6335896	-0,0710391111111	0,0163454320988
15,1	0,629748	-0,0626546666667	0,290491358025
15,15	0,6267296	-0,039788	0,506539012346
15,2	0,6253576	-0,00731733333333	0,607491111111
15,25	0,6259064	0,0271351111111	0,562435308642
15,3	0,628376	0,0545751111111	0,38331308642
15,35	0,6319432	0,0684475555556	0,127037037037
15,4	0,6357848	0,0679902222222	-0,15007308642
15,45	0,639352	0,0524408888889	-0,398557530864
15,5	0,6415472	0,024696	-0,560572098765
15,55	0,642096	-0,00929911111111	-0,58911308642
15,6	0,6404496	-0,0399404444444	-0,480792839506
15,65	0,6377056	-0,0611302222222	-0,274992839506
15,7	0,633864	-0,069972	-0,00770691358025
15,75	0,6300224	-0,0625022222222	0,269826666667
15,8	0,627004	-0,0403977777778	0,485620246914
15,85	0,625632	-0,00945155555556	0,591145679012
15,9	0,6259064	0,0245435555556	0,556676296296
15,95	0,628376	0,0519835555556	0,386192592593
16	0,6316688	0,0661608888889	0,138300987654
16,05	0,6355104	0,0669231111111	-0,13635308642
16,1	0,6390776	0,0510688888889	-0,37560617284
16,15	0,6409984	0,0254582222222	-0,524239506173
16,2	0,6418216	-0,005488	-0,567516790123
16,25	0,6404496	-0,0359768888889	-0,491463950617
16,3	0,63798	-0,0597582222222	-0,295742222222
16,35	0,633864	-0,0692097777778	-0,0188861728395
16,4	0,6302968	-0,0611302222222	0,250940493827
16,45	0,6272784	-0,0408551111111	0,449541728395
16,5	0,6259064	-0,0125004444444	0,555067160494
16,55	0,6259064	0,0187506666667	0,552272345679
16,6	0,6278272	0,0478675555556	0,424557777778
16,65	0,63112	0,0664657777778	0,179291604938
16,7	0,635236	0,0676853333333	-0,110522222222
16,75	0,6385288	0,0533555555556	-0,358583209877
16,8	0,6409984	0,0280497777778	-0,517464197531
16,85	0,6415472	-0,002744	-0,565992345679
16,9	0,640724	-0,0332328888889	-0,496206666667
16,95	0,63798	-0,0573191111111	-0,308361234568
17	0,6344128	-0,0675328888889	-0,0405671604938
17,05	0,6305712	-0,0618924444444	0,237220493827
17,1	0,6275528	-0,0408551111111	0,448356049383
17,15	0,6261808	-0,0117382222222	0,539145185185
17,2	0,6264552	0,0169213333333	0,526187407407
17,25	0,6278272	0,0449711111111	0,407704197531
17,3	0,6313944	0,0623497777778	0,184881234568
17,35	0,6346872	0,0652462222222	-0,0809649382716
17,4	0,6385288	0,0532031111111	-0,325807654321
17,45	0,6404496	0,0297266666667	-0,496291358025
17,5	0,6418216	-0,000762222222222	-0,558116049383
17,55	0,6404496	-0,0324706666667	-0,476219506173
17,6	0,63798	-0,052136	-0,298367654321
17,65	0,6349616	-0,0635693333333	-0,0764762962963
17,7	0,63112	-0,06174	0,182255802469
17,75	0,6281016	-0,0445137777778	0,413717283951
17,8	0,6261808	-0,0158542222222	0,543379753086
17,85	0,6264552	0,0152444444444	0,543379753086
17,9	0,6278272	0,0431417777778	0,425404691358
17,95	0,63112	0,0620448888889	0,206477530864
18	0,6346872	0,0657035555556	-0,0587758024691
18,05	0,6382544	0,0553373333333	-0,30742962963
18,1	0,640724	0,0324706666667	-0,493581234568
18,15	0,6418216	0,00182933333333	-0,574292098765
18,2	0,6409984	-0,0304888888889	-0,519581481481
18,25	0,6385288	-0,056252	-0,325722962963
18,3	0,6346872	-0,0666182222222	-0,0512382716049
18,35	0,63112	-0,0599106666667	0,202581728395
18,4	0,628376	-0,0434466666667	0,392798518519
18,45	0,6264552	-0,0185982222222	0,518226419753
18,5	0,6261808	0,0126528888889	0,535842222222
18,55	0,6278272	0,04116	0,416850864198
18,6	0,6308456	0,0580813333333	0,205545925926
18,65	0,6341384	0,0621973333333	-0,0305735802469
18,7	0,6374312	0,0556422222222	-0,272367407407
18,75	0,6404496	0,0330804444444	-0,463092345679
18,8	0,6409984	0,00381111111111	-0,531607654321
18,85	0,640724	-0,0242386666667	-0,492734320988
18,9	0,6385288	-0,0496968888889	-0,346387654321
18,95	0,635236	-0,0628071111111	-0,110776296296
19	0,6316688	-0,0620448888889	0,154138271605
19,05	0,628376	-0,0457333333333	0,381449876543
19,1	0,6267296	-0,0199702222222	0,514330617284
19,15	0,6261808	0,0103662222222	0,531184197531
19,2	0,6278272	0,0387208888889	0,418290617284
19,25	0,6305712	0,0557946666667	0,216809876543
19,3	0,633864	0,0612826666667	-0,0154985185185
19,35	0,6371568	0,0545751111111	-0,251109876543
19,4	0,6399008	0,0346048888889	-0,442258271605
19,45	0,6409984	0,00579288888889	-0,528050617284
19,5	0,6404496	-0,0231715555556	-0,49307308642
19,55	0,6385288	-0,0478675555556	-0,348843703704
19,6	0,635236	-0,0618924444444	-0,116535308642
19,65	0,6316688	-0,0605204444444	0,140502962963
19,7	0,6286504	-0,0458857777778	0,356127160494
19,75	0,6267296	-0,021952	0,495952592593
19,8	0,6261808	0,00792711111111	0,528812839506
19,85	0,6275528	0,0365866666667	0,431248395062
19,9	0,6302968	0,0551848888889	0,235357283951
19,95	0,6335896	0,0612826666667	0,00279481481482
20	0,6368824	0,0553373333333	-0,227819753086
20,05	0,6396264	0,0371964444444	-0,420661975309
20,1	0,6409984	0,00975644444444	-0,525763950617
20,15	0,640724	-0,0204275555556	-0,509503209877
20,2	0,6388032	-0,046648	-0,366120740741
20,25	0,6355104	-0,0605204444444	-0,1372
20,3	0,6322176	-0,0609777777778	0,112808888889
20,35	0,6289248	-0,0487822222222	0,345117283951
20,4	0,6267296	-0,0231715555556	0,496376049383
20,45	0,6264552	0,00655511111111	0,517972345679
20,5	0,6275528	0,0330804444444	0,428199506173
20,55	0,6300224	0,0527457777778	0,251872098765
20,6	0,6333152	0,0605204444444	0,0215116049383
20,65	0,636608	0,0551848888889	-0,214607901235
20,7	0,639352	0,0373488888889	-0,407450123457
20,75	0,640724	0,0105186666667	-0,507131851852
20,8	0,6404496	-0,0179884444444	-0,493581234568
20,85	0,6388032	-0,0431417777778	-0,371964444444
20,9	0,6357848	-0,0593008888889	-0,155069876543
20,95	0,6322176	-0,060368	0,102222469136
21	0,6291992	-0,0477151111111	0,328771851852
21,05	0,627004	-0,0243911111111	0,477743950617
21,1	0,6264552	0,005488	0,502558518519
21,15	0,6278272	0,0304888888889	0,415665185185
21,2	0,629748	0,0492395555556	0,262458518519
21,25	0,6330408	0,0594533333333	0,0472577777778
21,3	0,6363336	0,0551848888889	-0,191148395062
21,35	0,6390776	0,0382635555556	-0,383567160494
21,4	0,6404496	0,01372	-0,497307654321
21,45	0,640724	-0,0163115555556	-0,496121975309
21,5	0,6385288	-0,0407026666667	-0,378824444444
21,55	0,6363336	-0,0568617777778	-0,186320987654
21,6	0,632492	-0,0626546666667	0,0746130864198
21,65	0,6291992	-0,0495444444444	0,328941234568
21,7	0,627004	-0,0243911111111	0,470799259259
21,75	0,6267296	0,00320133333333	0,486551851852
21,8	0,6275528	0,0268302222222	0,424134320988
21,85	0,6294736	0,0474102222222	0,301585925926
21,9	0,632492	0,0612826666667	0,0879943209877
21,95	0,6363336	0,058996	-0,179037530864
22	0,6390776	0,0410075555556	-0,397541234568
22,05	0,640724	0,0147871111111	-0,512213333333
22,1	0,640724	-0,015092	-0,504845185185
22,15	0,6390776	-0,04116	-0,371371604938
22,2	0,6360592	-0,0553373333333	-0,161675802469
22,25	0,6330408	-0,0571666666667	0,0573360493827
22,3	0,6300224	-0,049392	0,26711654321
22,35	0,6275528	-0,0292693333333	0,437176790123
22,4	0,6267296	-0,00106711111111	0,501965679012
22,45	0,6275528	0,0257631111111	0,450642716049
22,5	0,6294736	0,0478675555556	0,300739012346
22,55	0,6327664	0,0593008888889	0,0718182716049
22,6	0,6360592	0,0556422222222	-0,171669382716
22,65	0,6388032	0,0400928888889	-0,369000246914
22,7	0,6404496	0,0152444444444	-0,480454074074
22,75	0,6404496	-0,0125004444444	-0,481555061728
22,8	0,6390776	-0,0373488888889	-0,375521481481
22,85	0,6363336	-0,0532031111111	-0,190724938272
22,9	0,6333152	-0,0579288888889	0,0322674074074
22,95	0,6300224	-0,0500017777778	0,253650617284
23	0,6278272	-0,0303364444444	0,419899753086
23,05	0,6267296	-0,00426844444444	0,493411851852
23,1	0,6272784	0,0240862222222	0,446916296296
23,15	0,6294736	0,0449711111111	0,293963703704
23,2	0,6322176	0,0554897777778	0,0869780246914
23,25	0,6355104	0,0538128888889	-0,129408395062
23,3	0,63798	0,0419222222222	-0,325807654321
23,35	0,6401752	0,019208	-0,465548395062
23,4	0,6401752	-0,00945155555556	-0,493242469136
23,45	0,6390776	-0,0352146666667	-0,400166666667
23,5	0,6363336	-0,0530506666667	-0,216386419753
23,55	0,6333152	-0,0593008888889	0,0236288888889
23,6	0,629748	-0,0504591111111	0,257800493827
23,65	0,6278272	-0,0304888888889	0,422101728395
23,7	0,6264552	-0,00442088888889	0,491125185185
23,75	0,6272784	0,0236288888889	0,442088888889
23,8	0,6291992	0,0435991111111	0,299129876543
23,85	0,6319432	0,0554897777778	0,10247654321
23,9	0,635236	0,0551848888889	-0,123734074074
23,95	0,63798	0,0423795555556	-0,328263703704
24	0,6399008	0,0195128888889	-0,462668888889
24,05	0,6401752	-0,00884177777778	-0,482825432099
24,1	0,6388032	-0,0332328888889	-0,393645432099
24,15	0,636608	-0,0510688888889	-0,22765037037
24,2	0,6333152	-0,0588435555556	0,000592839506173
24,25	0,6300224	-0,0510688888889	0,230529876543
24,3	0,6278272	-0,0330804444444	0,400505432099
24,35	0,6264552	-0,008232	0,492819012346
24,4	0,6267296	0,0213422222222	0,463346419753
24,45	0,6289248	0,0437515555556	0,309631604938
24,5	0,6316688	0,0539653333333	0,105948888889
24,55	0,6346872	0,0539653333333	-0,099597037037
24,6	0,6374312	0,0440564444444	-0,296758518519
24,65	0,6396264	0,0224093333333	-0,441750123457
24,7	0,6399008	-0,00472577777778	-0,479945925926
24,75	0,6390776	-0,0303364444444	-0,403977777778
24,8	0,636608	-0,0492395555556	-0,230868641975
24,85	0,6335896	-0,0553373333333	-0,0107558024691
24,9	0,6305712	-0,0492395555556	0,193180987654
24,95	0,628376	-0,0346048888889	0,359938271605
25	0,6267296	-0,0112808888889	0,467835061728
25,05	0,627004	0,0169213333333	0,464278024691
25,1	0,6286504	0,0402453333333	0,342322469136
25,15	0,6313944	0,0545751111111	0,137454074074
25,2	0,6346872	0,0551848888889	-0,0971409876543
25,25	0,6374312	0,0432942222222	-0,298537037037
25,3	0,639352	0,0225617777778	-0,43218
25,35	0,6399008	-0,00335377777778	-0,475796049383
25,4	0,6390776	-0,0297266666667	-0,407619506173
25,45	0,636608	-0,0487822222222	-0,234849135802
25,5	0,6335896	-0,0544226666667	-0,023967654321
25,55	0,6308456	-0,0506115555556	0,179884444444
25,6	0,6281016	-0,0361293333333	0,364511604938
25,65	0,6267296	-0,0108235555556	0,46775037037
25,7	0,627004	0,0155493333333	0,456655802469
25,75	0,628376	0,0393306666667	0,33783382716
25,8	0,6313944	0,0525933333333	0,140587654321
25,85	0,6341384	0,0538128888889	-0,0738508641975
25,9	0,6371568	0,0446662222222	-0,27312962963
25,95	0,6390776	0,0245435555556	-0,417359012346
26	0,6399008	-0,00167688888889	-0,455808888889
26,05	0,6388032	-0,026068	-0,381111111111
26,1	0,6368824	-0,0419222222222	-0,243826419753
26,15	0,6344128	-0,0513737777778	-0,0735967901235
26,2	0,6313944	-0,0513737777778	0,135844938272
26,25	0,6286504	-0,0375013333333	0,332074814815
26,3	0,6272784	-0,0147871111111	0,451404938272
26,35	0,627004	0,0121955555556	0,462330123457
26,4	0,6286504	0,0358244444444	0,36358
26,45	0,6308456	0,0522884444444	0,174972345679
26,5	0,6344128	0,0559471111111	-0,0680918518518
26,55	0,6371568	0,043904	-0,279904938272
26,6	0,6390776	0,0239337777778	-0,405671604938
26,65	0,6396264	0,000762222222222	-0,456317037037
26,7	0,639352	-0,0253057777778	-0,412531604938
26,75	0,6368824	-0,0458857777778	-0,251872098765
26,8	0,6341384	-0,0528982222222	-0,0346387654321
26,85	0,63112	-0,0483248888889	0,168451111111
26,9	0,6289248	-0,0338426666667	0,32242
26,95	0,6275528	-0,0140248888889	0,418629382716
27	0,6272784	0,0108235555556	0,43904
27,05	0,6286504	0,0346048888889	0,35113037037
27,1	0,63112	0,0498493333333	0,173363209877
27,15	0,6341384	0,0532031111111	-0,0396355555556
27,2	0,6368824	0,045276	-0,2401
27,25	0,6390776	0,0272875555556	-0,39102
27,3	0,6399008	0,00259155555556	-0,454369135802
27,35	0,639352	-0,0225617777778	-0,41202345679
27,4	0,6374312	-0,042532	-0,274992839506
27,45	0,6346872	-0,0525933333333	-0,0765609876543
27,5	0,6316688	-0,0506115555556	0,134659259259
27,55	0,6291992	-0,0378062222222	0,31428962963
27,6	0,6275528	-0,0167688888889	0,430570864198
27,65	0,6272784	0,00945155555555	0,44632345679
27,7	0,6286504	0,0324706666667	0,353840493827
27,75	0,6308456	0,0478675555556	0,185135308642
27,8	0,633864	0,0525933333333	-0,0232901234568
27,85	0,636608	0,045276	-0,225024938272
27,9	0,6388032	0,0278973333333	-0,374843950617
27,95	0,6396264	0,00457333333333	-0,443782716049
28	0,639352	-0,0204275555556	-0,415072345679
28,05	0,6374312	-0,0414648888889	-0,282615061728
28,1	0,6346872	-0,0510688888889	-0,0901962962963
28,15	0,6319432	-0,0506115555556	0,111115061728
28,2	0,6291992	-0,0394831111111	0,296080987654
28,25	0,6275528	-0,0182933333333	0,415411111111
28,3	0,6272784	0,00579288888889	0,443698024691
28,35	0,6281016	0,0300315555556	0,373827654321
28,4	0,6305712	0,0472577777778	0,208086666667
28,45	0,6333152	0,0528982222222	-0,00779160493827
28,5	0,6363336	0,046648	-0,22510962963
28,55	0,6385288	0,0278973333333	-0,382042716049
28,6	0,639352	0,00365866666667	-0,431671851852
28,65	0,6388032	-0,0193604444444	-0,383905925926
28,7	0,6371568	-0,0367391111111	-0,275416296296
28,75	0,6349616	-0,0486297777778	-0,118821975309
28,8	0,6319432	-0,0512213333333	0,0880790123457
28,85	0,6291992	-0,039788	0,288797530864
28,9	0,6275528	-0,0185982222222	0,409143950617
28,95	0,6272784	0,00518311111111	0,43260345679
29	0,6281016	0,0280497777778	0,367221728395
29,05	0,6302968	0,045276	0,219350617284
29,1	0,6330408	0,0524408888889	0,0152444444444
29,15	0,6360592	0,0472577777778	-0,197923703704
29,2	0,6382544	0,0304888888889	-0,361039259259
29,25	0,639352	0,00746977777778	-0,436160493827
29,3	0,6390776	-0,0172262222222	-0,412108148148
29,35	0,6374312	-0,0375013333333	-0,29625037037
29,4	0,6349616	-0,0489346666667	-0,124242222222
29,45	0,6322176	-0,0515262222222	0,0826587654321
29,5	0,6291992	-0,0403977777778	0,279481481481
29,55	0,6278272	-0,0204275555556	0,404062469136
29,6	0,627004	0,00350622222222	0,440649135802
29,65	0,6281016	0,0283546666667	0,367306419753
29,7	0,6302968	0,0435991111111	0,211982469136
29,75	0,6327664	0,0506115555556	0,0236288888889
29,8	0,6357848	0,0468004444444	-0,179460987654
29,85	0,63798	0,0309462222222	-0,341136790123
29,9	0,6390776	0,00945155555556	-0,425065925926
29,95	0,6390776	-0,0152444444444	-0,416342716049
30	0,6374312	-0,0367391111111	-0,301585925926
30,05	0,6349616	-0,0481724444444	-0,119584197531
30,1	0,6322176	-0,0495444444444	0,0840138271605
30,15	0,6294736	-0,0385684444444	0,260849382716
30,2	0,6281016	-0,02058	0,370948148148
30,25	0,6272784	0,00106711111111	0,412700987654
30,3	0,6281016	0,0243911111111	0,36442691358
30,35	0,6300224	0,0410075555556	0,23196962963
30,4	0,632492	0,0498493333333	0,044462962963
30,45	0,6355104	0,046648	-0,165740987654
30,5	0,6377056	0,0310986666667	-0,327840246914
30,55	0,6388032	0,0102137777778	-0,406603209877
30,6	0,6388032	-0,0128053333333	-0,401437037037
30,65	0,6374312	-0,0332328888889	-0,312172345679
30,7	0,635236	-0,0472577777778	-0,147617037037
30,75	0,6322176	-0,0498493333333	0,058267654321
30,8	0,629748	-0,0405502222222	0,246028395062
30,85	0,6278272	-0,0227142222222	0,374928641975
30,9	0,6272784	0,000152444444444	0,423287407407
30,95	0,6278272	0,0231715555556	0,382381481481
31	0,629748	0,0422271111111	0,249585432099
31,05	0,632492	0,050764	0,0535249382716
31,1	0,635236	0,0486297777778	-0,162268641975
31,15	0,63798	0,0327755555556	-0,33486962963
31,2	0,6388032	0,0100613333333	-0,400251358025
31,25	0,6388032	-0,0105186666667	-0,38416
31,3	0,6377056	-0,0295742222222	-0,319625185185
31,35	0,6357848	-0,0454284444444	-0,183187407407
31,4	0,6327664	-0,0515262222222	0,027609382716
31,45	0,6300224	-0,0435991111111	0,252464938272
31,5	0,6278272	-0,0228666666667	0,401437037037
31,55	0,6275528	0,00259155555556	0,419391604938
31,6	0,628376	0,0228666666667	0,343
31,65	0,6300224	0,0382635555556	0,220620987654
31,7	0,632492	0,0461906666667	0,0634338271605
31,75	0,6349616	0,0455808888889	-0,113825185185
31,8	0,6374312	0,0353671111111	-0,290914814815
31,85	0,6390776	0,0134151111111	-0,39703308642
31,9	0,6388032	-0,0100613333333	-0,383143703704
31,95	0,6377056	-0,0271351111111	-0,303533827161
32	0,6360592	-0,0414648888889	-0,182594567901
32,05	0,6333152	-0,0486297777778	0,00330296296295
32,1	0,6305712	-0,0422271111111	0,207324444444
32,15	0,6286504	-0,0253057777778	0,355788395062
32,2	0,6278272	-0,002744	0,413039753086
32,25	0,628376	0,0199702222222	0,372303209877
32,3	0,6300224	0,0378062222222	0,248992592593
32,35	0,632492	0,0472577777778	0,0691081481482
32,4	0,635236	0,045276	-0,124242222222
32,45	0,6374312	0,0332328888889	-0,282445679012
32,5	0,6388032	0,0146346666667	-0,380010123457
32,55	0,6390776	-0,00792711111111	-0,39703308642
32,6	0,63798	-0,0292693333333	-0,317507901235
32,65	0,6357848	-0,0426844444444	-0,166249135802
32,7	0,6333152	-0,0464955555556	0,00813037037037
32,75	0,6308456	-0,0420746666667	0,185474074074
32,8	0,6286504	-0,0271351111111	0,335970617284
32,85	0,6278272	-0,00518311111111	0,408551111111
32,9	0,6281016	0,017836	0,38246617284
32,95	0,629748	0,037044	0,262373827161
33	0,6322176	0,0468004444444	0,0798639506173
33,05	0,6349616	0,0445137777778	-0,100020493827
33,1	0,6368824	0,0353671111111	-0,249077283951
33,15	0,6388032	0,0187506666667	-0,365697283951
33,2	0,6390776	-0,00442088888889	-0,404485925926
33,25	0,6382544	-0,0257631111111	-0,347573333333
33,3	0,6363336	-0,042532	-0,208425432099
33,35	0,6335896	-0,0492395555556	-0,0108404938272
33,4	0,6308456	-0,0432942222222	0,182425185185
33,45	0,6289248	-0,0285071111111	0,322335308642
33,5	0,6278272	-0,00884177777778	0,401352345679
33,55	0,6278272	0,0149395555556	0,395932098765
33,6	0,6294736	0,0350622222222	0,290660740741
33,65	0,6316688	0,0471053333333	0,113232345679
33,7	0,6346872	0,0474102222222	-0,0896881481482
33,75	0,6368824	0,0364342222222	-0,258562716049
33,8	0,6385288	0,0193604444444	-0,371625679012
33,85	0,6390776	-0,00335377777778	-0,412192839506
33,9	0,6382544	-0,0265253333333	-0,346557037037
33,95	0,6360592	-0,0419222222222	-0,192418765432
34	0,6335896	-0,0464955555556	-0,0110098765432
34,05	0,63112	-0,0426844444444	0,165148148148
34,1	0,6289248	-0,0292693333333	0,315051851852
34,15	0,6278272	-0,00807955555556	0,39186691358
34,2	0,6281016	0,0141773333333	0,371795061728
34,25	0,6294736	0,0317084444444	0,27998962963
34,3	0,6313944	0,0446662222222	0,126359506173
34,35	0,6344128	0,046648	-0,0739355555556
34,4	0,636608	0,0361293333333	-0,250517037037
34,45	0,6382544	0,0190555555556	-0,366205432099
34,5	0,6388032	-0,004116	-0,394153580247
34,55	0,6377056	-0,0245435555556	-0,325722962963
34,6	0,6360592	-0,0387208888889	-0,20021037037
34,65	0,6335896	-0,0458857777778	-0,0372641975309
34,7	0,63112	-0,043904	0,151174074074
34,75	0,6286504	-0,0298791111111	0,31428962963
34,8	0,6278272	-0,00853688888889	0,390511851852
34,85	0,6278272	0,0129577777778	0,375352098765
34,9	0,6291992	0,0321657777778	0,280751851852
34,95	0,6313944	0,0432942222222	0,129239012346
35	0,633864	0,0458857777778	-0,0455639506173
35,05	0,6363336	0,0391782222222	-0,224432098765
35,1	0,6382544	0,021952	-0,361716790124
35,15	0,6388032	-0,001372	-0,401098271605
35,2	0,63798	-0,0224093333333	-0,340967407407
35,25	0,6363336	-0,0379586666667	-0,214692592593
35,3	0,633864	-0,0454284444444	-0,04802
35,35	0,6313944	-0,0431417777778	0,127968641975
35,4	0,6291992	-0,0320133333333	0,285409876543
35,45	0,6278272	-0,012348	0,384837530864
35,5	0,6278272	0,0103662222222	0,391104691358
35,55	0,6289248	0,0312511111111	0,295488148148
35,6	0,6313944	0,0426844444444	0,132372592593
35,65	0,6335896	0,0443613333333	-0,0392120987654
35,7	0,6360592	0,0388733333333	-0,208594814815
35,75	0,63798	0,0224093333333	-0,343762222222
35,8	0,6385288	0,000609777777778	-0,39102
35,85	0,63798	-0,0204275555556	-0,34816617284
35,9	0,6363336	-0,0373488888889	-0,227396296296
35,95	0,633864	-0,045276	-0,0555575308642
36	0,6313944	-0,0431417777778	0,124580987654
36,05	0,6291992	-0,0320133333333	0,28253037037
36,1	0,6278272	-0,0125004444444	0,380094814815
36,15	0,6278272	0,00990888888889	0,385260987654
36,2	0,6289248	0,0298791111111	0,298282962963
36,25	0,63112	0,042532	0,14321308642
36,3	0,6335896	0,045276	-0,0393814814815
36,35	0,6360592	0,0379586666667	-0,208340740741
36,4	0,6377056	0,0225617777778	-0,330635061728
36,45	0,6385288	0,00213422222222	-0,383651851852
36,5	0,63798	-0,0195128888889	-0,348674320988
36,55	0,6363336	-0,0358244444444	-0,237220493827
36,6	0,6341384	-0,045276	-0,0738508641975
36,65	0,6313944	-0,0445137777778	0,11619654321
36,7	0,6291992	-0,0326231111111	0,280921234568
36,75	0,6278272	-0,0132626666667	0,374843950617
36,8	0,6278272	0,00807955555556	0,387717037037
36,85	0,6286504	0,0285071111111	0,32114962963
36,9	0,6308456	0,0440564444444	0,166757283951
36,95	0,6335896	0,0474102222222	-0,0355703703704
37	0,6360592	0,0396355555556	-0,219435308642
37,05	0,63798	0,0221044444444	-0,332752345679
37,1	0,6382544	0,00304888888889	-0,367560493827
37,15	0,6382544	-0,0157017777778	-0,356465925926
37,2	0,6368824	-0,0362817777778	-0,258901481482
37,25	0,6341384	-0,0461906666667	-0,0687693827161
37,3	0,6316688	-0,0431417777778	0,126528888889
37,35	0,6294736	-0,0309462222222	0,269911358025
37,4	0,628376	-0,0132626666667	0,343169382716
37,45	0,6281016	0,00579288888889	0,350622222222
37,5	0,6289248	0,024696	0,287611851852
37,55	0,6308456	0,0373488888889	0,161675802469
37,6	0,6330408	0,0414648888889	0,0143128395062
37,65	0,635236	0,0385684444444	-0,133304197531
37,7	0,6371568	0,0285071111111	-0,278295802469
37,75	0,6385288	0,00914666666667	-0,377469382716
37,8	0,6382544	-0,0140248888889	-0,37086345679
37,85	0,6368824	-0,0323182222222	-0,263220740741
37,9	0,6346872	-0,042532	-0,0984960493827
37,95	0,6322176	-0,0426844444444	0,0813037037037
38	0,6300224	-0,0332328888889	0,235357283951
38,05	0,6286504	-0,0172262222222	0,340374567901
38,1	0,6281016	0,00335377777778	0,3773
38,15	0,6289248	0,0245435555556	0,319879259259
38,2	0,6308456	0,0391782222222	0,176835555556
38,25	0,6333152	0,0432942222222	0,00262543209877
38,3	0,6355104	0,0385684444444	-0,15820345679
38,35	0,6374312	0,0266777777778	-0,293370864198
38,4	0,6385288	0,00716488888889	-0,372641975309
38,45	0,6382544	-0,0146346666667	-0,358752592593
38,5	0,6368824	-0,0324706666667	-0,256445432099
38,55	0,6346872	-0,042532	-0,0984960493827
38,6	0,6322176	-0,0428368888889	0,0744437037037
38,65	0,6300224	-0,0338426666667	0,222653580247
38,7	0,6286504	-0,019208	0,332667654321
38,75	0,6278272	0,001372	0,38500691358
38,8	0,6286504	0,0239337777778	0,332752345679
38,85	0,6305712	0,0390257777778	0,184881234568
38,9	0,6330408	0,0432942222222	0,00846913580247
38,95	0,635236	0,0387208888889	-0,149564938272
39	0,6371568	0,0272875555556	-0,277618271605
39,05	0,6382544	0,00929911111111	-0,357651604938
39,1	0,6382544	-0,0120431111111	-0,354687407407
39,15	0,6368824	-0,0298791111111	-0,266184938272
39,2	0,6349616	-0,0407026666667	-0,12348
39,25	0,632492	-0,0431417777778	0,044632345679
39,3	0,6302968	-0,0365866666667	0,214438518519
39,35	0,628376	-0,0199702222222	0,340205185185
39,4	0,6281016	0,00152444444444	0,373573580247
39,45	0,6286504	0,0208848888889	0,319709876543
39,5	0,6302968	0,0365866666667	0,191741234568
39,55	0,6327664	0,0420746666667	0,0193943209877
39,6	0,6349616	0,0371964444444	-0,132372592593
39,65	0,636608	0,02744	-0,252041481482
39,7	0,63798	0,0112808888889	-0,341814320988
39,75	0,63798	-0,00975644444445	-0,358583209877
39,8	0,6368824	-0,0283546666667	-0,286087407407
39,85	0,6349616	-0,0417697777778	-0,134235802469
39,9	0,6322176	-0,043904	0,0624175308642
39,95	0,6300224	-0,0338426666667	0,22638
40	0,6286504	-0,0181408888889	0,321742469136
40,05	0,6281016	0,000609777777778	0,354433333333
40,1	0,6286504	0,0201226666667	0,315221234568
40,15	0,6302968	0,0352146666667	0,203767407407
40,2	0,632492	0,042532	0,044717037037
40,25	0,6349616	0,0400928888889	-0,124411604938
40,3	0,6368824	0,0285071111111	-0,259324938272
40,35	0,63798	0,0120431111111	-0,340967407407
40,4	0,6382544	-0,00807955555556	-0,356465925926
40,45	0,6371568	-0,0272875555556	-0,285494567901
40,5	0,635236	-0,039788	-0,142196790123
40,55	0,6327664	-0,0426844444444	0,0315051851852
40,6	0,6305712	-0,0358244444444	0,189708641975
40,65	0,6289248	-0,0221044444444	0,306752098765
40,7	0,6281016	-0,00259155555556	0,359345432099
40,75	0,6286504	0,0173786666667	0,32758617284
40,8	0,6300224	0,0330804444444	0,223585185185
40,85	0,6322176	0,0420746666667	0,0638572839506
40,9	0,6346872	0,0402453333333	-0,112639506173
40,95	0,636608	0,0295742222222	-0,259324938272
41	0,63798	0,0112808888889	-0,337918518519
41,05	0,6377056	-0,00746977777778	-0,338341975309
41,1	0,6371568	-0,0243911111111	-0,282784444444
41,15	0,635236	-0,0388733333333	-0,155747407407
41,2	0,6327664	-0,0423795555556	0,0216809876543
41,25	0,6305712	-0,0358244444444	0,184457777778
41,3	0,6289248	-0,0221044444444	0,302856296296
41,35	0,6281016	-0,002744	0,351723209877
41,4	0,6286504	0,0167688888889	0,314967160494
41,45	0,6300224	0,0310986666667	0,216894567901
41,5	0,6319432	0,0400928888889	0,0762222222222
41,55	0,6344128	0,0399404444444	-0,0900269135803
41,6	0,6363336	0,0303364444444	-0,237898024691
41,65	0,6377056	0,0141773333333	-0,335970617284
41,7	0,63798	-0,00670755555556	-0,353501728395
41,75	0,6368824	-0,0248484444444	-0,284478271605
41,8	0,635236	-0,0368915555556	-0,16379308642
41,85	0,6330408	-0,0434466666667	0,00491209876543
41,9	0,6302968	-0,0371964444444	0,184965925926
41,95	0,6289248	-0,0217995555556	0,300908395062
42	0,6281016	-0,00426844444444	0,347403950617
42,05	0,628376	0,0153968888889	0,325638271605
42,1	0,629748	0,0318608888889	0,222992345679
42,15	0,6319432	0,0399404444444	0,0689387654321
42,2	0,6341384	0,0385684444444	-0,0871474074074
42,25	0,6360592	0,030184	-0,219774074074
42,3	0,6374312	0,015092	-0,312172345679
42,35	0,6377056	-0,00335377777778	-0,344016296296
42,4	0,6371568	-0,0225617777778	-0,297944197531
42,45	0,635236	-0,0367391111111	-0,170991851852
42,5	0,6330408	-0,0410075555556	-0,00796098765432
42,55	0,6308456	-0,0373488888889	0,152952592593
42,6	0,6289248	-0,024696	0,285071111111
42,65	0,6281016	-0,00579288888889	0,346302962963
42,7	0,628376	0,0131102222222	0,330042222222
42,75	0,6294736	0,0300315555556	0,242640740741
42,8	0,6316688	0,0399404444444	0,0951930864198
42,85	0,633864	0,0403977777778	-0,0730886419753
42,9	0,6360592	0,0320133333333	-0,224601481482
42,95	0,6374312	0,0155493333333	-0,320472098765
43	0,6377056	-0,00365866666667	-0,334954320988
43,05	0,6368824	-0,0198177777778	-0,292269876543
43,1	0,6357848	-0,0352146666667	-0,188014814815
43,15	0,6330408	-0,042532	-0,00813037037037
43,2	0,6308456	-0,0358244444444	0,168789876543
43,25	0,6291992	-0,021952	0,273637777778
43,3	0,6286504	-0,00640266666667	0,322250617284
43,35	0,628376	0,012348	0,312511111111
43,4	0,6300224	0,0278973333333	0,231292098765
43,45	0,6313944	0,0376537777778	0,0990888888889
43,5	0,6341384	0,0391782222222	-0,0637725925926
43,55	0,6357848	0,0298791111111	-0,200718518519
43,6	0,6371568	0,017836	-0,301755308642
43,65	0,63798	-0,00228666666667	-0,347573333333
43,7	0,6368824	-0,0214946666667	-0,292523950617
43,75	0,6355104	-0,0339951111111	-0,173786666667
43,8	0,6333152	-0,0408551111111	-0,00957012345679
43,85	0,6308456	-0,0352146666667	0,156679012346
43,9	0,6294736	-0,021952	0,257377037037
43,95	0,6286504	-0,00716488888889	0,302348148148
44	0,6286504	0,00990888888889	0,299892098765
44,05	0,629748	0,0245435555556	0,248653827161
44,1	0,63112	0,0373488888889	0,137030617284
44,15	0,633864	0,0413124444444	-0,0375182716049
44,2	0,6357848	0,0332328888889	-0,204699012346
44,25	0,6374312	0,0185982222222	-0,318100740741
44,3	0,63798	-0,002744	-0,338087901235
44,35	0,6368824	-0,019208	-0,268471604938
44,4	0,6357848	-0,0298791111111	-0,174887654321
44,45	0,633864	-0,0376537777778	-0,0536943209877
44,5	0,6316688	-0,037044	0,0986654320988
44,55	0,629748	-0,0272875555556	0,236966419753
44,6	0,6286504	-0,0106711111111	0,316999753086
44,65	0,6286504	0,00746977777778	0,323944444444
44,7	0,6294736	0,0239337777778	0,268640987654
44,75	0,63112	0,0371964444444	0,145415061728
44,8	0,6335896	0,04116	-0,0315051851852
44,85	0,6357848	0,0332328888889	-0,19292691358
44,9	0,6371568	0,0187506666667	-0,289983209877
44,95	0,6377056	0,00198177777778	-0,327501481482
45	0,6374312	-0,0160066666667	-0,307090864198
45,05	0,6360592	-0,0320133333333	-0,21138962963
45,1	0,633864	-0,039788	-0,0573360493827
45,15	0,6316688	-0,0379586666667	0,105610123457
45,2	0,629748	-0,0278973333333	0,239083703704
45,25	0,6286504	-0,0120431111111	0,320218024691
45,3	0,628376	0,00716488888889	0,328602469136
45,35	0,6294736	0,0242386666667	0,258562716049
45,4	0,63112	0,0344524444444	0,14490691358
45,45	0,6330408	0,0399404444444	-0,000169382716049
45,5	0,6355104	0,0359768888889	-0,169721481482
45,55	0,6371568	0,0210373333333	-0,296589135803
45,6	0,6377056	0,002744	-0,344439753086
45,65	0,6374312	-0,0160066666667	-0,321319012346
45,7	0,6360592	-0,0324706666667	-0,222314814815
45,75	0,633864	-0,0413124444444	-0,0575054320988
45,8	0,6313944	-0,038416	0,115603703704
45,85	0,629748	-0,0278973333333	0,249161975309
45,9	0,628376	-0,0115857777778	0,32970345679
45,95	0,628376	0,00868933333333	0,326315802469
46	0,6294736	0,0245435555556	0,243995802469
46,05	0,63112	0,0339951111111	0,129408395062
46,1	0,6330408	0,0381111111111	-0,00508148148148
46,15	0,635236	0,0344524444444	-0,154222962963
46,2	0,6368824	0,021952	-0,280921234568
46,25	0,6377056	0,00320133333333	-0,336732839506
46,3	0,6371568	-0,0152444444444	-0,308445925926
46,35	0,6360592	-0,0303364444444	-0,211982469136
46,4	0,633864	-0,0388733333333	-0,0614012345679
46,45	0,6316688	-0,0364342222222	0,0923135802469
46,5	0,6300224	-0,0280497777778	0,213252839506
46,55	0,6286504	-0,0140248888889	0,298960493827
46,6	0,628376	0,00457333333333	0,318778271605
46,65	0,6291992	0,0214946666667	0,258647407407
46,7	0,6308456	0,0318608888889	0,155239259259
46,75	0,632492	0,0379586666667	0,0236288888889
46,8	0,6349616	0,0359768888889	-0,13762345679
46,85	0,636608	0,0230191111111	-0,269996049383
46,9	0,6374312	0,005488	-0,326654567901
46,95	0,6371568	-0,0126528888889	-0,308530617284
47	0,6360592	-0,0278973333333	-0,225024938272
47,05	0,6341384	-0,0373488888889	-0,0894340740741
47,1	0,6319432	-0,0378062222222	0,0690234567901
47,15	0,6300224	-0,0298791111111	0,213422222222
47,2	0,6286504	-0,0146346666667	0,311071358025
47,25	0,628376	0,00457333333333	0,330211604938
47,3	0,6291992	0,021952	0,266777777778
47,35	0,6308456	0,0332328888889	0,150750617284
47,4	0,6327664	0,0379586666667	0,00829975308642
47,45	0,6349616	0,0346048888889	-0,142704938272
47,5	0,636608	0,0225617777778	-0,264660493827
47,55	0,6374312	0,00533555555556	-0,322081234568
47,6	0,6371568	-0,0126528888889	-0,306243950617
47,65	0,6360592	-0,0278973333333	-0,224601481482
47,7	0,6341384	-0,0373488888889	-0,0899422222222
47,75	0,6319432	-0,0378062222222	0,0661439506173
47,8	0,6300224	-0,0300315555556	0,205969382716
47,85	0,6286504	-0,0152444444444	0,298282962963
47,9	0,628376	0,00259155555556	0,322504691358
47,95	0,6289248	0,0199702222222	0,274569382716
48	0,6305712	0,0326231111111	0,164131851852
48,05	0,632492	0,0378062222222	0,0187167901235
48,1	0,6346872	0,0347573333333	-0,131779753086
48,15	0,6363336	0,0231715555556	-0,248399753086
48,2	0,6371568	0,00746977777778	-0,306836790123
48,25	0,6371568	-0,0100613333333	-0,301247160494
48,3	0,6360592	-0,0253057777778	-0,230275802469
48,35	0,6344128	-0,0352146666667	-0,10806617284
48,4	0,6322176	-0,0373488888889	0,0424303703704
48,45	0,6302968	-0,0304888888889	0,182255802469
48,5	0,6289248	-0,0173786666667	0,280159012346
48,55	0,628376	0	0,31683037037
48,6	0,6289248	0,0173786666667	0,279650864198
48,65	0,6302968	0,0304888888889	0,179884444444
48,7	0,6322176	0,0371964444444	0,0372641975309
48,75	0,6344128	0,0347573333333	-0,11619654321
48,8	0,6360592	0,0237813333333	-0,232139012346
48,85	0,6368824	0,00945155555556	-0,29625037037
48,9	0,6371568	-0,00792711111111	-0,304296049383
48,95	0,6360592	-0,0242386666667	-0,237728641975
49	0,6344128	-0,0336902222222	-0,120600493827
49,05	0,632492	-0,0373488888889	0,024137037037
49,1	0,6302968	-0,0318608888889	0,176496790123
49,15	0,6289248	-0,017836	0,284901728395
49,2	0,628376	-0,000152444444444	0,319117037037
49,25	0,6289248	0,0172262222222	0,277364197531
49,3	0,6302968	0,0300315555556	0,175057037037
49,35	0,6322176	0,0358244444444	0,0424303703704
49,4	0,6341384	0,0347573333333	-0,100782716049
49,45	0,6360592	0,0251533333333	-0,227057530864
49,5	0,6368824	0,00990888888889	-0,301585925926
49,55	0,6371568	-0,00777466666667	-0,308869382716
49,6	0,6360592	-0,0242386666667	-0,2401
49,65	0,6344128	-0,0336902222222	-0,121616790123
49,7	0,632492	-0,0373488888889	0,0216809876543
49,75	0,6302968	-0,0320133333333	0,171330617284
49,8	0,6289248	-0,0182933333333	0,276686666667
49,85	0,628376	-0,00167688888889	0,316915061728
49,9	0,6286504	0,0166164444444	0,281005925926
49,95	0,6302968	0,0294217777778	0,17708962963
50	0,6319432	0,0346048888889	0,054710617284
50,05	0,633864	0,0352146666667	-0,0780007407408
50,1	0,6357848	0,0278973333333	-0,21994345679
50,15	0,6371568	0,0108235555556	-0,307514320988
50,2	0,6368824	-0,00762222222222	-0,297181975309
50,25	0,6360592	-0,0202751111111	-0,239337777778
50,3	0,6349616	-0,0327755555556	-0,141688641975
50,35	0,632492	-0,0378062222222	0,0174464197531
50,4	0,6305712	-0,0306413333333	0,167604197531
50,45	0,6291992	-0,0173786666667	0,248484444444
50,5	0,6289248	-0,004116	0,283716049383
50,55	0,6286504	0,0115857777778	0,288374074074
50,6	0,6300224	0,0275924444444	0,225363703704
50,65	0,6316688	0,0375013333333	0,0884177777778
50,7	0,6341384	0,038416	-0,089010617284
50,75	0,6360592	0,02744	-0,240015308642
50,8	0,6371568	0,0100613333333	-0,30268691358
50,85	0,6368824	-0,005488	-0,297436049383
50,9	0,636608	-0,0202751111111	-0,256868888889
50,95	0,6349616	-0,0349097777778	-0,138131604938
51	0,632492	-0,0368915555556	0,034130617284
51,05	0,6308456	-0,0292693333333	0,168281728395
51,1	0,6294736	-0,0176835555556	0,249924197531
51,15	0,6289248	-0,00259155555556	0,283716049383
51,2	0,6291992	0,0128053333333	0,263305432099
51,25	0,6302968	0,0257631111111	0,192418765432
51,3	0,6319432	0,0343	0,0708019753087
51,35	0,6341384	0,0335377777778	-0,0682612345679
51,4	0,6355104	0,0268302222222	-0,191741234568
51,45	0,6371568	0,0128053333333	-0,277194814815
51,5	0,6368824	-0,00396355555556	-0,292439259259
51,55	0,636608	-0,0179884444444	-0,258393333333
51,6	0,635236	-0,032928	-0,153799506173
51,65	0,6327664	-0,0364342222222	0,00999358024692
51,7	0,63112	-0,0298791111111	0,140333580247
51,75	0,629748	-0,0202751111111	0,226210617284
51,8	0,6289248	-0,00655511111111	0,281852839506
51,85	0,6289248	0,0100613333333	0,283800740741
51,9	0,6300224	0,0248484444444	0,216979259259
51,95	0,6316688	0,0336902222222	0,099258271605
52	0,6335896	0,0364342222222	-0,0542024691358
52,05	0,6357848	0,0286595555556	-0,207493827161
52,1	0,6368824	0,0120431111111	-0,285155802469
52,15	0,6368824	-0,00381111111111	-0,277533580247
52,2	0,6363336	-0,0166164444444	-0,23366345679
52,25	0,635236	-0,0282022222222	-0,15693308642
52,3	0,6333152	-0,0346048888889	-0,0332837037037
52,35	0,6313944	-0,0324706666667	0,109251851852
52,4	0,629748	-0,0225617777778	0,226972839506
52,45	0,6289248	-0,00746977777778	0,290152592593
52,5	0,6289248	0,00945155555556	0,28253037037
52,55	0,6300224	0,0231715555556	0,214523209877
52,6	0,6313944	0,0326231111111	0,102815308642
52,65	0,6335896	0,0347573333333	-0,037857037037
52,7	0,635236	0,0283546666667	-0,169298024691
52,75	0,636608	0,0166164444444	-0,268471604938
52,8	0,6371568	-0,000609777777778	-0,311240740741
52,85	0,636608	-0,0185982222222	-0,264067654321
52,9	0,6349616	-0,0298791111111	-0,150581234568
52,95	0,6333152	-0,0338426666667	-0,0220197530864
53	0,6313944	-0,0321657777778	0,108320246914
53,05	0,629748	-0,0225617777778	0,222822962963
53,1	0,6289248	-0,00777466666667	0,28769654321
53,15	0,6289248	0,00853688888889	0,292523950617
53,2	0,629748	0,0245435555556	0,224770864198
53,25	0,6316688	0,0339951111111	0,092567654321
53,3	0,6335896	0,0338426666667	-0,047850617284
53,35	0,635236	0,0280497777778	-0,166757283951
53,4	0,636608	0,0166164444444	-0,263898271605
53,45	0,6371568	-0,000304888888889	-0,3087
53,5	0,636608	-0,0176835555556	-0,274061234568
53,55	0,635236	-0,0312511111111	-0,160828888889
53,6	0,6330408	-0,0352146666667	-0,0117720987654
53,65	0,6313944	-0,0312511111111	0,118144444444
53,7	0,629748	-0,0222568888889	0,219265925926
53,75	0,6289248	-0,00777466666667	0,278465185185
53,8	0,6289248	0,00792711111111	0,280243703704
53,85	0,629748	0,0227142222222	0,221298518519
53,9	0,6313944	0,0324706666667	0,106118271605
53,95	0,6333152	0,0346048888889	-0,0370948148148
54	0,635236	0,0280497777778	-0,166249135802
54,05	0,6363336	0,0158542222222	-0,248653827161
54,1	0,6368824	0,00152444444444	-0,285409876543
54,15	0,636608	-0,0149395555556	-0,264152345679
54,2	0,635236	-0,0277448888889	-0,176920246914
54,25	0,6335896	-0,0346048888889	-0,0443782716049
54,3	0,6313944	-0,0326231111111	0,0990041975309
54,35	0,6300224	-0,0231715555556	0,208679506173
54,4	0,6289248	-0,00975644444445	0,269996049383
54,45	0,6289248	0,00640266666667	0,270334814815
54,5	0,629748	0,0190555555556	0,222568888889
54,55	0,6308456	0,030184	0,133812345679
54,6	0,6330408	0,0346048888889	-0,000846913580247
54,65	0,6346872	0,0303364444444	-0,140841728395
54,7	0,6363336	0,0193604444444	-0,252464938272
54,75	0,6368824	0,00259155555556	-0,302940987654
54,8	0,636608	-0,0144822222222	-0,272113333333
54,85	0,635236	-0,0272875555556	-0,177428395062
54,9	0,6335896	-0,0332328888889	-0,0532708641975
54,95	0,6316688	-0,0327755555556	0,0770691358025
55	0,6300224	-0,0251533333333	0,195975802469
55,05	0,6289248	-0,0118906666667	0,27956617284
55,1	0,6286504	0,00533555555556	0,300230864198
55,15	0,6294736	0,0217995555556	0,237898024691
55,2	0,63112	0,0318608888889	0,113655802469
55,25	0,6330408	0,0333853333333	-0,0228666666667
55,3	0,6346872	0,0285071111111	-0,139571358025
55,35	0,6360592	0,0189031111111	-0,236034814815
55,4	0,6368824	0,00304888888889	-0,285748641975
55,45	0,6363336	-0,0126528888889	-0,26669308642
55,5	0,6355104	-0,0257631111111	-0,192249382716
55,55	0,6335896	-0,0341475555556	-0,0660592592593
55,6	0,6316688	-0,0330804444444	0,0767303703704
55,65	0,6300224	-0,0253057777778	0,195298271605
55,7	0,6289248	-0,0120431111111	0,27397654321
55,75	0,6286504	0,00472577777778	0,288374074074
55,8	0,6294736	0,0198177777778	0,232647160494
55,85	0,6308456	0,0300315555556	0,126528888889
55,9	0,6327664	0,0332328888889	-0,00186320987654
55,95	0,6344128	0,0298791111111	-0,129662469136
56	0,6360592	0,0195128888889	-0,235272592593
56,05	0,636608	0,00365866666667	-0,280243703704
56,1	0,6363336	-0,010976	-0,264406419753
56,15	0,6355104	-0,0248484444444	-0,195128888889
56,2	0,6335896	-0,0326231111111	-0,0763069135803
56,25	0,6319432	-0,0330804444444	0,0588604938272
56,3	0,6300224	-0,0266777777778	0,189200493827
56,35	0,6289248	-0,0125004444444	0,276856049383
56,4	0,6286504	0,00442088888889	0,287865925926
56,45	0,6294736	0,0193604444444	0,227311604938
56,5	0,6308456	0,0285071111111	0,127545185185
56,55	0,632492	0,0327755555556	0,00838444444445
56,6	0,6344128	0,0298791111111	-0,118991358025
56,65	0,6357848	0,0199702222222	-0,222822962963
56,7	0,636608	0,00533555555556	-0,274654074074
56,75	0,6363336	-0,0100613333333	-0,264406419753
56,8	0,6355104	-0,0231715555556	-0,200803209877
56,85	0,633864	-0,0321657777778	-0,0893493827161
56,9	0,6319432	-0,0330804444444	0,0453945679012
56,95	0,6302968	-0,0272875555556	0,172092839506
57	0,6289248	-0,0146346666667	0,265930864198
57,05	0,6286504	0,00213422222222	0,292947407407
57,1	0,6291992	0,0176835555556	0,248315061728
57,15	0,6305712	0,0294217777778	0,145076296296
57,2	0,632492	0,0332328888889	0,01372
57,25	0,6341384	0,0304888888889	-0,113401728395
57,3	0,6357848	0,0214946666667	-0,224601481482
57,35	0,636608	0,00579288888889	-0,282699753086
57,4	0,6363336	-0,00990888888889	-0,269064444444
57,45	0,6355104	-0,0231715555556	-0,200887901235
57,5	0,633864	-0,0320133333333	-0,0852841975309
57,55	0,6319432	-0,0326231111111	0,0505607407407
57,6	0,6302968	-0,0259155555556	0,166503209877
57,65	0,6291992	-0,0146346666667	0,248315061728
57,7	0,6286504	0,000609777777778	0,283885432099
57,75	0,6291992	0,0167688888889	0,251109876543
57,8	0,6305712	0,0280497777778	0,161591111111
57,85	0,6322176	0,0338426666667	0,0413293827161
57,9	0,6341384	0,0336902222222	-0,107473333333
57,95	0,6360592	0,023324	-0,249754814815
58	0,6368824	0,00457333333333	-0,304973580247
58,05	0,6363336	-0,0115857777778	-0,264237037037
58,1	0,6355104	-0,0231715555556	-0,181578271605
58,15	0,633864	-0,0303364444444	-0,0783395061729
58,2	0,6322176	-0,0312511111111	0,0323520987654
58,25	0,6305712	-0,0272875555556	0,144398765432
58,3	0,6291992	-0,0166164444444	0,244419259259
58,35	0,6286504	-0,000457333333333	0,289729135803
58,4	0,6291992	0,0153968888889	0,263220740741
58,45	0,6302968	0,0282022222222	0,177174320988
58,5	0,6322176	0,035672	0,0369254320988
58,55	0,6344128	0,0317084444444	-0,10374691358
58,6	0,6355104	0,023324	-0,206477530864
58,65	0,6368824	0,0106711111111	-0,286510864198
58,7	0,6368824	-0,00762222222222	-0,305397037037
58,75	0,6360592	-0,0242386666667	-0,229428888889
58,8	0,6341384	-0,0336902222222	-0,0852841975309
58,85	0,6322176	-0,0327755555556	0,0641960493827
58,9	0,6305712	-0,024696	0,165148148148
58,95	0,629748	-0,0147871111111	0,22765037037
59	0,6289248	-0,001372	0,263728888889
59,05	0,6294736	0,0141773333333	0,241624444444
59,1	0,6305712	0,0253057777778	0,162861481482
59,15	0,6322176	0,0312511111111	0,0574207407407
59,2	0,633864	0,0320133333333	-0,0689387654321
59,25	0,6357848	0,0245435555556	-0,19335037037
59,3	0,636608	0,0105186666667	-0,269318518519
59,35	0,6368824	-0,00518311111111	-0,27956617284
59,4	0,6360592	-0,0199702222222	-0,22680345679
59,45	0,6346872	-0,0300315555556	-0,121193333333
59,5	0,6327664	-0,0330804444444	0,010332345679
59,55	0,63112	-0,0292693333333	0,144822222222
59,6	0,6294736	-0,0173786666667	0,247468148148
59,65	0,6291992	-0,00121955555556	0,277279506173
59,7	0,6294736	0,0129577777778	0,243572345679
59,75	0,6305712	0,0248484444444	0,164843259259
59,8	0,6322176	0,0306413333333	0,0575223703701
59,85	0,633864	0,0304888888889	-0,0473763456796
59,9	0,6355104	0,0250618666666	-0,128205777778
59,95	0,636608	0,0152444444443	-0,164563777776
60	0,636608	0,00670755555548	-0,172973629626
