0,05	0,5729472	0,043904	-0,377181432099
0,1	0,5756912	0,02744	-0,434331160494
0,15	0,5767888	0,00310986666667	-0,484773333333
0,2	0,57624	-0,0250008888889	-0,454504641975
0,25	0,5740448	-0,0487822222222	-0,286697185185
0,3	0,570752	-0,0582337777778	-0,0172262222222
0,35	0,5674592	-0,0501542222222	0,251618024691
0,4	0,565264	-0,0297266666667	0,444799012346
0,45	0,5641664	-0,001372	0,526187407407
0,5	0,5649896	0,0291168888889	0,458095555556
0,55	0,5674592	0,050764	0,245859012346
0,6	0,570752	0,0565568888889	-0,0354856790123
0,65	0,5737704	0,0463431111111	-0,297774814815
0,7	0,5759656	0,0227142222222	-0,46563308642
0,75	0,57624	-0,00625022222222	-0,492903703704
0,8	0,5751424	-0,0312511111111	-0,399319753086
0,85	0,5729472	-0,0506115555556	-0,199194074074
0,9	0,56938	-0,0541177777778	0,0660592592593
0,95	0,5669104	-0,0426844444444	0,305651111111
1	0,5647152	-0,0207324444444	0,473594074074
1,05	0,5644408	0,00975644444444	0,515177530864
1,1	0,5658128	0,0373488888889	0,402114567901
1,15	0,5685568	0,0554897777778	0,160913580247
1,2	0,572124	0,0559471111111	-0,137115308642
1,25	0,574868	0,0394831111111	-0,383651851852
1,3	0,5765144	0,012348	-0,508402222222
1,35	0,57624	-0,0179884444444	-0,47977654321
1,4	0,5743192	-0,0403977777778	-0,330465679012
1,45	0,5718496	-0,0533555555556	-0,112978271605
1,5	0,5685568	-0,0544226666667	0,15735654321
1,55	0,5655384	-0,0367391111111	0,39872691358
1,6	0,5644408	-0,00853688888889	0,508232839506
1,65	0,5647152	0,0201226666667	0,473509382716
1,7	0,566636	0,043904	0,312257037037
1,75	0,5696544	0,0547275555556	0,0683459259259
1,8	0,5726728	0,0515262222222	-0,194366666667
1,85	0,5754168	0,0336902222222	-0,413378518519
1,9	0,5765144	0,00518311111111	-0,513144938272
1,95	0,5759656	-0,0242386666667	-0,458942469136
2	0,5737704	-0,0461906666667	-0,274654074074
2,05	0,570752	-0,0544226666667	-0,02058
2,1	0,5677336	-0,0478675555556	0,230360493827
2,15	0,5655384	-0,0298791111111	0,434890123457
2,2	0,5641664	0,000152444444444	0,525679259259
2,25	0,5655384	0,0304888888889	0,441919506173
2,3	0,5677336	0,0496968888889	0,229513580247
2,35	0,5710264	0,0557946666667	-0,0435313580247
2,4	0,5740448	0,0446662222222	-0,300315555556
2,45	0,5759656	0,021952	-0,46690345679
2,5	0,5765144	-0,00731733333333	-0,505607407407
2,55	0,5751424	-0,0344524444444	-0,403639012346
2,6	0,5726728	-0,052136	-0,19250345679
2,65	0,56938	-0,056252	0,0792711111111
2,7	0,5663616	-0,043904	0,339527654321
2,75	0,5644408	-0,0185982222222	0,50721654321
2,8	0,5641664	0,01372	0,515685679012
2,85	0,5660872	0,0402453333333	0,359599506173
2,9	0,5688312	0,0527457777778	0,121447407407
2,95	0,5718496	0,0524408888889	-0,127799259259
3	0,5745936	0,0390257777778	-0,348674320988
3,05	0,57624	0,0143297777778	-0,485112098765
3,1	0,57624	-0,015092	-0,48706
3,15	0,5745936	-0,0408551111111	-0,339781728395
3,2	0,5715752	-0,053508	-0,0889259259259
3,25	0,5685568	-0,0500017777778	0,174887654321
3,3	0,5660872	-0,0338426666667	0,386361975309
3,35	0,5647152	-0,00716488888889	0,492141481481
3,4	0,565264	0,0216471111111	0,450981481481
3,45	0,5671848	0,0435991111111	0,277533580247
3,5	0,5702032	0,052136	0,0339612345679
3,55	0,5729472	0,0469528888889	-0,212490617284
3,6	0,5754168	0,0289644444444	-0,408551111111
3,65	0,57624	0,00182933333333	-0,497900493827
3,7	0,5756912	-0,0269826666667	-0,442427654321
3,75	0,5732216	-0,0483248888889	-0,250855802469
3,8	0,5702032	-0,0547275555556	0,0078762962963
3,85	0,5671848	-0,0469528888889	0,257207654321
3,9	0,5649896	-0,0265253333333	0,443359259259
3,95	0,5641664	0,00228666666667	0,510519506173
4	0,565264	0,0303364444444	0,436414567901
4,05	0,5674592	0,0513737777778	0,23281654321
4,1	0,5710264	0,0574715555556	-0,0540330864198
4,15	0,5740448	0,0448186666667	-0,316152839506
4,2	0,5759656	0,0207324444444	-0,465887160494
4,25	0,57624	-0,00716488888889	-0,484942716049
4,3	0,5751424	-0,0324706666667	-0,383651851852
4,35	0,5726728	-0,0495444444444	-0,183780246914
4,4	0,5696544	-0,053508	0,0751212345679
4,45	0,566636	-0,0416173333333	0,322504691358
4,5	0,5649896	-0,0173786666667	0,478421481481
4,55	0,5647152	0,0114333333333	0,504252345679
4,6	0,5660872	0,0399404444444	0,370609382716
4,65	0,56938	0,0538128888889	0,11534962963
4,7	0,572124	0,0519835555556	-0,159643209877
4,75	0,5751424	0,0359768888889	-0,388987407407
4,8	0,57624	0,008232	-0,502304444444
4,85	0,5759656	-0,0202751111111	-0,471053333333
4,9	0,5740448	-0,0442088888889	-0,309292839506
4,95	0,5710264	-0,0554897777778	-0,0508995061728
5	0,5677336	-0,0495444444444	0,214692592593
5,05	0,5655384	-0,0304888888889	0,40389308642
5,1	0,5644408	-0,00472577777778	0,485027407407
5,15	0,5649896	0,0227142222222	0,446238765432
5,2	0,5669104	0,0448186666667	0,288204691358
5,25	0,5699288	0,0556422222222	0,037857037037
5,3	0,5732216	0,049392	-0,230445185185
5,35	0,5754168	0,0295742222222	-0,429131111111
5,4	0,5765144	0,00167688888889	-0,509587901235
5,45	0,5756912	-0,0280497777778	-0,434127901235
5,5	0,5732216	-0,0471053333333	-0,231122716049
5,55	0,5704776	-0,053508	0,0303195061728
5,6	0,5671848	-0,0437515555556	0,281514074074
5,65	0,5655384	-0,0210373333333	0,435652345679
5,7	0,5649896	0,00503066666667	0,466310617284
5,75	0,5660872	0,0300315555556	0,381788641975
5,8	0,5682824	0,0474102222222	0,193180987654
5,85	0,5713008	0,0527457777778	-0,0686
5,9	0,5743192	0,0407026666667	-0,326654567901
5,95	0,5759656	0,0152444444444	-0,476050123457
6	0,5759656	-0,01372	-0,471053333333
6,05	0,5743192	-0,037044	-0,338087901235
6,1	0,5718496	-0,0503066666667	-0,128730864198
6,15	0,5688312	-0,0515262222222	0,117975061728
6,2	0,5660872	-0,0382635555556	0,349521234568
6,25	0,5644408	-0,0125004444444	0,484773333333
6,3	0,5647152	0,0166164444444	0,47291654321
6,35	0,5663616	0,0400928888889	0,330380987654
6,4	0,5691056	0,053508	0,0957859259259
6,45	0,5723984	0,0510688888889	-0,167858271605
6,5	0,574868	0,0336902222222	-0,368068641975
6,55	0,5759656	0,00990888888889	-0,466225925926
6,6	0,5759656	-0,0166164444444	-0,46131382716
6,65	0,5743192	-0,0416173333333	-0,327332098765
6,7	0,5713008	-0,05488	-0,0746977777778
6,75	0,568008	-0,0498493333333	0,199109382716
6,8	0,5658128	-0,0318608888889	0,404824691358
6,85	0,5644408	-0,00472577777778	0,496291358025
6,9	0,565264	0,0239337777778	0,440818518519
6,95	0,5671848	0,0445137777778	0,262119753086
7	0,5702032	0,0532031111111	0,010417037037
7,05	0,5732216	0,045276	-0,237813333333
7,1	0,5751424	0,0265253333333	-0,416850864198
7,15	0,57624	-0,000609777777778	-0,489431358025
7,2	0,5751424	-0,0286595555556	-0,416003950617
7,25	0,5729472	-0,0472577777778	-0,221976049383
7,3	0,5699288	-0,053508	0,0363325925926
7,35	0,5669104	-0,0435991111111	0,290067901235
7,4	0,5649896	-0,0204275555556	0,450896790123
7,45	0,5647152	0,00716488888889	0,479099012346
7,5	0,5658128	0,0324706666667	0,381873333333
7,55	0,5682824	0,0495444444444	0,180985432099
7,6	0,5713008	0,0533555555556	-0,0808802469136
7,65	0,5743192	0,0410075555556	-0,327247407407
7,7	0,5759656	0,0158542222222	-0,466649382716
7,75	0,5759656	-0,0117382222222	-0,465717777778
7,8	0,5745936	-0,0352146666667	-0,348250864198
7,85	0,572124	-0,0500017777778	-0,14278962963
7,9	0,5691056	-0,0522884444444	0,118567901235
7,95	0,5660872	-0,037044	0,351807901235
8	0,5649896	-0,0115857777778	0,46563308642
8,05	0,5649896	0,0141773333333	0,459958765432
8,1	0,5663616	0,0391782222222	0,333091111111
8,15	0,56938	0,0527457777778	0,0918901234568
8,2	0,5723984	0,049392	-0,174464197531
8,25	0,574868	0,0324706666667	-0,381365185185
8,3	0,5759656	0,00701244444444	-0,482994814815
8,35	0,5756912	-0,0208848888889	-0,455724197531
8,4	0,5737704	-0,0449711111111	-0,283207901235
8,45	0,5704776	-0,0533555555556	-0,0186320987654
8,5	0,5677336	-0,0455808888889	0,227735061728
8,55	0,5655384	-0,0272875555556	0,399743209877
8,6	0,5647152	-0,00182933333333	0,472154320988
8,65	0,565264	0,0250008888889	0,419899753086
8,7	0,5674592	0,0457333333333	0,240692839506
8,75	0,5704776	0,0519835555556	-0,00779160493827
8,8	0,5732216	0,0443613333333	-0,246282469136
8,85	0,5754168	0,0245435555556	-0,416766172839
8,9	0,5759656	-0,00213422222222	-0,471561481481
8,95	0,5751424	-0,0277448888889	-0,399997283951
9	0,5729472	-0,0468004444444	-0,215285432099
9,05	0,5699288	-0,0527457777778	0,0440395061728
9,1	0,5669104	-0,0417697777778	0,288458765432
9,15	0,565264	-0,0190555555556	0,429385185185
9,2	0,5649896	0,00579288888889	0,455724197531
9,25	0,5658128	0,0304888888889	0,375182716049
9,3	0,5682824	0,0483248888889	0,180307901235
9,35	0,5713008	0,0513737777778	-0,0777466666667
9,4	0,5740448	0,0394831111111	-0,314120246914
9,45	0,5756912	0,016464	-0,464701481481
9,5	0,5759656	-0,0125004444444	-0,481131604938
9,55	0,5743192	-0,0382635555556	-0,345456049383
9,6	0,5715752	-0,0513737777778	-0,107558024691
9,65	0,5685568	-0,0495444444444	0,148887407407
9,7	0,5660872	-0,0344524444444	0,358075061728
9,75	0,5647152	-0,00975644444444	0,468766666667
9,8	0,5649896	0,0176835555556	0,451066172839
9,85	0,566636	0,0410075555556	0,301501234568
9,9	0,5696544	0,0515262222222	0,065212345679
9,95	0,5723984	0,0475626666667	-0,178444691358
10	0,574868	0,0317084444444	-0,374251111111
10,05	0,5759656	0,00655511111111	-0,476981728395
10,1	0,5756912	-0,0217995555556	-0,442512345679
10,15	0,573496	-0,0435991111111	-0,272282716049
10,2	0,570752	-0,0519835555556	-0,0289644444444
10,25	0,5677336	-0,0464955555556	0,216809876543
10,3	0,5655384	-0,0275924444444	0,398134074074
10,35	0,5647152	-0,00213422222222	0,469359506173
10,4	0,565264	0,0245435555556	0,413886666667
10,45	0,5674592	0,0442088888889	0,240438765432
10,5	0,5702032	0,0515262222222	-0,00330296296296
10,55	0,5732216	0,0440564444444	-0,250262962963
10,6	0,5751424	0,0237813333333	-0,428284197531
10,65	0,5759656	-0,00442088888889	-0,473848148148
10,7	0,5745936	-0,0303364444444	-0,367221728395
10,75	0,5723984	-0,0448186666667	-0,167858271605
10,8	0,5696544	-0,0477151111111	0,0566585185185
10,85	0,5671848	-0,0388733333333	0,269741975309
10,9	0,565264	-0,0185982222222	0,422609876543
10,95	0,5649896	0,00884177777778	0,450049876543
11	0,5663616	0,0321657777778	0,342830617284
11,05	0,5685568	0,0468004444444	0,143890617284
11,1	0,5715752	0,0484773333333	-0,099427654321
11,15	0,5740448	0,0353671111111	-0,30997037037
11,2	0,5754168	0,0140248888889	-0,437346172839
11,25	0,5756912	-0,0128053333333	-0,452251851852
11,3	0,5740448	-0,0368915555556	-0,332752345679
11,35	0,5715752	-0,050764	-0,107388641975
11,4	0,5682824	-0,0489346666667	0,148887407407
11,45	0,5660872	-0,0330804444444	0,346557037037
11,5	0,5647152	-0,0100613333333	0,445561234568
11,55	0,5649896	0,0155493333333	0,437939012346
11,6	0,5663616	0,0381111111111	0,319625185185
11,65	0,5691056	0,0524408888889	0,0929911111111
11,7	0,5723984	0,0492395555556	-0,173109135802
11,75	0,5745936	0,0323182222222	-0,378824444444
11,8	0,5759656	0,00686	-0,475287901235
11,85	0,5754168	-0,0211897777778	-0,429385185185
11,9	0,573496	-0,0414648888889	-0,256784197531
11,95	0,570752	-0,049392	-0,0199024691358
12	0,568008	-0,0435991111111	0,218419012346
12,05	0,5658128	-0,024696	0,387971111111
12,1	0,565264	0,000762222222222	0,432857530864
12,15	0,5660872	0,0230191111111	0,367137037037
12,2	0,5677336	0,0403977777778	0,22036691358
12,25	0,5704776	0,0483248888889	0,00118567901235
12,3	0,5732216	0,0414648888889	-0,235357283951
12,35	0,5751424	0,0221044444444	-0,410244938272
12,4	0,5756912	-0,00396355555555	-0,474525679012
12,45	0,574868	-0,031556	-0,391612839506
12,5	0,572124	-0,0495444444444	-0,167773580247
12,55	0,5691056	-0,0498493333333	0,0964634567901
12,6	0,566636	-0,0373488888889	0,310563209877
12,65	0,5649896	-0,015092	0,434551358025
12,7	0,5649896	0,0105186666667	0,446662222222
12,75	0,5660872	0,0344524444444	0,340628641975
12,8	0,5688312	0,0489346666667	0,133727654321
12,85	0,5715752	0,049392	-0,110522222222
12,9	0,5743192	0,0365866666667	-0,324198518519
12,95	0,5756912	0,0129577777778	-0,442681728395
13	0,5756912	-0,0128053333333	-0,437515555556
13,05	0,5743192	-0,0359768888889	-0,308530617284
13,1	0,5715752	-0,0472577777778	-0,092482962963
13,15	0,5691056	-0,0461906666667	0,146770123457
13,2	0,5663616	-0,0312511111111	0,35028345679
13,25	0,5655384	-0,00625022222222	0,441496049383
13,3	0,5658128	0,0181408888889	0,40558691358
13,35	0,5674592	0,0388733333333	0,257631111111
13,4	0,5702032	0,0477151111111	0,0263390123457
13,45	0,5729472	0,0408551111111	-0,19724617284
13,5	0,5745936	0,0250008888889	-0,355957777778
13,55	0,5756912	0,002744	-0,43988691358
13,6	0,5751424	-0,0240862222222	-0,400844197531
13,65	0,5729472	-0,0434466666667	-0,227057530864
13,7	0,5702032	-0,049392	0,0110945679012
13,75	0,5674592	-0,0417697777778	0,2401
13,8	0,5655384	-0,0224093333333	0,398134074074
13,85	0,5649896	0,00259155555556	0,446238765432
13,9	0,5658128	0,0271351111111	0,375098024691
13,95	0,568008	0,0443613333333	0,201650123457
14	0,570752	0,0495444444444	-0,0266777777778
14,05	0,573496	0,0416173333333	-0,252126172839
14,1	0,5754168	0,0217995555556	-0,414479506173
14,15	0,5759656	-0,00472577777778	-0,460636296296
14,2	0,574868	-0,0297266666667	-0,375436790123
14,25	0,5726728	-0,0468004444444	-0,179884444444
14,3	0,5696544	-0,0506115555556	0,0798639506173
14,35	0,5669104	-0,0382635555556	0,32114962963
14,4	0,565264	-0,0134151111111	0,449457037037
14,45	0,5655384	0,0132626666667	0,428961728395
14,5	0,5669104	0,0333853333333	0,304211358025
14,55	0,5691056	0,0464955555556	0,106372345679
14,6	0,572124	0,0460382222222	-0,130932839506
14,65	0,5743192	0,0318608888889	-0,331058518519
14,7	0,5756912	0,00838444444444	-0,429046419753
14,75	0,5751424	-0,0157017777778	-0,411769382716
14,8	0,5740448	-0,037044	-0,288289382716
14,85	0,5710264	-0,0484773333333	-0,0751212345679
14,9	0,5685568	-0,045276	0,15820345679
14,95	0,5660872	-0,0310986666667	0,353417037037
15	0,5649896	-0,00655511111111	0,460975061728
15,05	0,565264	0,0211897777778	0,426675061728
15,1	0,5674592	0,0416173333333	0,263982962963
15,15	0,5699288	0,0500017777778	0,0366713580247
15,2	0,5729472	0,0458857777778	-0,203343950617
15,25	0,5751424	0,02744	-0,387208888889
15,3	0,5759656	0,00228666666667	-0,456147654321
15,35	0,5754168	-0,0237813333333	-0,393137283951
15,4	0,5732216	-0,0416173333333	-0,220620987654
15,45	0,570752	-0,0475626666667	-0,000677530864194
15,5	0,568008	-0,0416173333333	0,217233333333
15,55	0,5660872	-0,0239337777778	0,38373654321
15,6	0,565264	0,00152444444444	0,439971604938
15,65	0,5663616	0,0251533333333	0,373488888889
15,7	0,568008	0,0426844444444	0,208933580247
15,75	0,5710264	0,0496968888889	-0,0340459259259
15,8	0,5737704	0,0393306666667	-0,274484691358
15,85	0,5754168	0,017836	-0,418375308642
15,9	0,5756912	-0,00762222222222	-0,43988691358
15,95	0,5745936	-0,0312511111111	-0,338341975309
16	0,572124	-0,0449711111111	-0,149310864198
16,05	0,5696544	-0,0474102222222	0,0737661728395
16,1	0,5669104	-0,0378062222222	0,29328617284
16,15	0,565264	-0,0149395555556	0,434974814815
16,2	0,565264	0,0117382222222	0,43988691358
16,25	0,566636	0,0343	0,319286419753
16,3	0,5691056	0,0469528888889	0,115688395062
16,35	0,5718496	0,0469528888889	-0,115857777778
16,4	0,5743192	0,0343	-0,320302716049
16,45	0,5756912	0,0117382222222	-0,444460246914
16,5	0,5756912	-0,0152444444444	-0,444036790123
16,55	0,5740448	-0,0387208888889	-0,303364444444
16,6	0,5713008	-0,0501542222222	-0,0607237037037
16,65	0,5682824	-0,0448186666667	0,187421975309
16,7	0,5663616	-0,0278973333333	0,360277037037
16,75	0,565264	-0,00472577777778	0,432264691358
16,8	0,5658128	0,0198177777778	0,391697530864
16,85	0,5674592	0,0390257777778	0,242979506173
16,9	0,5702032	0,0469528888889	0,0255767901235
16,95	0,5726728	0,0419222222222	-0,200379753086
17	0,574868	0,0253057777778	-0,379586666667
17,05	0,5756912	-0,00121955555556	-0,43988691358
17,1	0,5745936	-0,0253057777778	-0,353671111111
17,15	0,5726728	-0,0391782222222	-0,192249382716
17,2	0,5704776	-0,0460382222222	0,0100782716049
17,25	0,5674592	-0,0390257777778	0,224093333333
17,3	0,5660872	-0,0207324444444	0,373488888889
17,35	0,565264	0,00182933333333	0,433535061728
17,4	0,5660872	0,0272875555556	0,37645308642
17,45	0,5682824	0,0454284444444	0,188268888889
17,5	0,5713008	0,0487822222222	-0,0610624691358
17,55	0,5737704	0,0376537777778	-0,279566172839
17,6	0,5754168	0,0172262222222	-0,413463209877
17,65	0,5756912	-0,00792711111111	-0,439802222222
17,7	0,5745936	-0,0318608888889	-0,342661234568
17,75	0,572124	-0,046648	-0,141519259259
17,8	0,56938	-0,0481724444444	0,107134567901
17,85	0,566636	-0,0344524444444	0,321403703704
17,9	0,5655384	-0,0111284444444	0,426336296296
17,95	0,5655384	0,0129577777778	0,413717283951
18	0,5669104	0,0344524444444	0,294641234568
18,05	0,56938	0,0461906666667	0,0898575308642
18,1	0,572124	0,0443613333333	-0,136861234568
18,15	0,5743192	0,0303364444444	-0,316999753086
18,2	0,5754168	0,00929911111111	-0,413717283951
18,25	0,5754168	-0,0152444444444	-0,404062469136
18,3	0,5737704	-0,0362817777778	-0,27482345679
18,35	0,5713008	-0,0463431111111	-0,061909382716
18,4	0,5685568	-0,0426844444444	0,161929876543
18,45	0,566636	-0,0285071111111	0,343931604938
18,5	0,565264	-0,00472577777778	0,437261481481
18,55	0,5660872	0,0210373333333	0,39660962963
18,6	0,5677336	0,0390257777778	0,250432345679
18,65	0,5702032	0,0496968888889	0,0214269135803
18,7	0,573496	0,0428368888889	-0,234849135802
18,75	0,5751424	0,0216471111111	-0,395762716049
18,8	0,5756912	-0,00228666666667	-0,430994320988
18,85	0,574868	-0,0253057777778	-0,362140246914
18,9	0,5729472	-0,0422271111111	-0,200718518519
18,95	0,5702032	-0,0483248888889	0,024137037037
19	0,5674592	-0,0396355555556	0,244334567901
19,05	0,5658128	-0,0204275555556	0,387547654321
19,1	0,565264	0,00320133333333	0,428877037037
19,15	0,5660872	0,0271351111111	0,354348641975
19,2	0,5682824	0,0434466666667	0,17107654321
19,25	0,5710264	0,0463431111111	-0,0604696296296
19,3	0,573496	0,035672	-0,259155555556
19,35	0,574868	0,0172262222222	-0,382127407407
19,4	0,5754168	-0,00594533333333	-0,413886666667
19,45	0,5743192	-0,0291168888889	-0,327670864198
19,5	0,572124	-0,0434466666667	-0,13550617284
19,55	0,56938	-0,0442088888889	0,0951083950617
19,6	0,5671848	-0,0323182222222	0,292015802469
19,65	0,5658128	-0,0117382222222	0,407196049383
19,7	0,5658128	0,0129577777778	0,408805185185
19,75	0,5671848	0,0350622222222	0,277702962963
19,8	0,5699288	0,0442088888889	0,0649582716049
19,85	0,572124	0,0408551111111	-0,14406
19,9	0,5743192	0,0285071111111	-0,318524197531
19,95	0,5754168	0,00640266666667	-0,41973037037
20	0,5751424	-0,0190555555556	-0,393221975309
20,05	0,5732216	-0,038416	-0,242640740741
20,1	0,570752	-0,0454284444444	-0,0339612345679
20,15	0,5682824	-0,0417697777778	0,177682469136
20,2	0,5660872	-0,0263728888889	0,351299753086
20,25	0,565264	-0,00259155555556	0,427776049383
20,3	0,5658128	0,0217995555556	0,379078518519
20,35	0,5677336	0,0396355555556	0,224770864198
20,4	0,5702032	0,0468004444444	0,0082150617284
20,45	0,5729472	0,0410075555556	-0,217233333333
20,5	0,574868	0,0224093333333	-0,379163209877
20,55	0,5754168	-0,00198177777778	-0,423626172839
20,6	0,5745936	-0,0248484444444	-0,348843703704
20,65	0,5726728	-0,0410075555556	-0,175649876543
20,7	0,5699288	-0,0443613333333	0,0448017283951
20,75	0,5677336	-0,0353671111111	0,243148888889
20,8	0,5660872	-0,0179884444444	0,384668148148
20,85	0,5655384	0,00731733333333	0,421762962963
20,9	0,5669104	0,0304888888889	0,319032345679
20,95	0,5691056	0,0426844444444	0,129662469136
21	0,5715752	0,0443613333333	-0,0885024691358
21,05	0,5740448	0,0335377777778	-0,292608641975
21,1	0,5754168	0,0118906666667	-0,416850864198
21,15	0,5754168	-0,0138724444444	-0,411091851852
21,2	0,5737704	-0,0343	-0,285494567901
21,25	0,5715752	-0,0449711111111	-0,0921441975309
21,3	0,5688312	-0,0443613333333	0,122717777778
21,35	0,566636	-0,0317084444444	0,309462222222
21,4	0,565264	-0,00990888888889	0,411769382716
21,45	0,5655384	0,0144822222222	0,396524938272
21,5	0,5669104	0,0343	0,272960246914
21,55	0,56938	0,0445137777778	0,0808802469136
21,6	0,5718496	0,0428368888889	-0,126782962963
21,65	0,5740448	0,0310986666667	-0,312172345679
21,7	0,5754168	0,00899422222222	-0,42659037037
21,75	0,5751424	-0,0170737777778	-0,412192839506
21,8	0,573496	-0,0382635555556	-0,26025654321
21,85	0,570752	-0,0464955555556	-0,0271012345679
21,9	0,5682824	-0,0410075555556	0,207832592593
21,95	0,5660872	-0,0225617777778	0,370101234568
22	0,5658128	0,001372	0,409398024691
22,05	0,5663616	0,0227142222222	0,341306172839
22,1	0,5682824	0,0388733333333	0,188438271605
22,15	0,570752	0,0432942222222	-0,00990888888888
22,2	0,5729472	0,0382635555556	-0,212829382716
22,25	0,5751424	0,0207324444444	-0,375690864198
22,3	0,5754168	-0,00503066666667	-0,414310123457
22,35	0,5743192	-0,0256106666667	-0,336224691358
22,4	0,5726728	-0,0410075555556	-0,185812839506
22,45	0,5699288	-0,0475626666667	0,0357397530864
22,5	0,5671848	-0,0382635555556	0,265761481481
22,55	0,5655384	-0,016464	0,400759506173
22,6	0,5655384	0,00716488888889	0,41287037037
22,65	0,5663616	0,0283546666667	0,327924938272
22,7	0,5685568	0,0437515555556	0,15219037037
22,75	0,5713008	0,0461906666667	-0,078847654321
22,8	0,5737704	0,0347573333333	-0,285240493827
22,85	0,5751424	0,0141773333333	-0,408551111111
22,9	0,5754168	-0,0112808888889	-0,410414320988
22,95	0,5737704	-0,0318608888889	-0,292862716049
23	0,5718496	-0,0431417777778	-0,105271358025
23,05	0,5691056	-0,0445137777778	0,124919753086
23,1	0,566636	-0,0295742222222	0,324537283951
23,15	0,5658128	-0,00655511111111	0,40601037037
23,2	0,5660872	0,0155493333333	0,376537777778
23,25	0,5674592	0,0346048888889	0,254497530864
23,3	0,5699288	0,0442088888889	0,0580135802469
23,35	0,5723984	0,0414648888889	-0,160405432099
23,4	0,5745936	0,0265253333333	-0,338172592593
23,45	0,5754168	0,00320133333333	-0,413886666667
23,5	0,574868	-0,0198177777778	-0,371795061728
23,55	0,5732216	-0,0376537777778	-0,235357283951
23,6	0,570752	-0,0463431111111	-0,0285409876543
23,65	0,568008	-0,0414648888889	0,196568641975
23,7	0,5660872	-0,0243911111111	0,366882962963
23,75	0,565264	-0,000152444444444	0,429046419753
23,8	0,5660872	0,0239337777778	0,363834074074
23,85	0,568008	0,0400928888889	0,202158271605
23,9	0,5704776	0,0463431111111	-0,0131271604938
23,95	0,5732216	0,0390257777778	-0,230783950617
24	0,574868	0,0202751111111	-0,379417283951
24,05	0,5754168	-0,00320133333333	-0,423033333333
24,1	0,5745936	-0,0269826666667	-0,345794814815
24,15	0,5723984	-0,0428368888889	-0,155916790123
24,2	0,5696544	-0,0442088888889	0,0727498765432
24,25	0,5674592	-0,0332328888889	0,256784197531
24,3	0,5660872	-0,0152444444444	0,364257530864
24,35	0,5658128	0,00609777777778	0,390935308642
24,4	0,566636	0,0277448888889	0,319201728395
24,45	0,5688312	0,0429893333333	0,13804691358
24,5	0,5715752	0,043904	-0,0946849382716
24,55	0,5737704	0,0318608888889	-0,292778024691
24,6	0,5751424	0,0105186666667	-0,396948395062
24,65	0,574868	-0,0125004444444	-0,387462962963
24,7	0,5737704	-0,0323182222222	-0,275416296296
24,75	0,5713008	-0,0435991111111	-0,0812190123457
24,8	0,5688312	-0,0416173333333	0,139147901235
24,85	0,566636	-0,0275924444444	0,313527407407
24,9	0,5658128	-0,00670755555556	0,400420740741
24,95	0,5658128	0,0170737777778	0,375267407407
25	0,5677336	0,0358244444444	0,236288888889
25,05	0,5699288	0,0428368888889	0,0414987654321
25,1	0,5723984	0,039788	-0,155154567901
25,15	0,5743192	0,0263728888889	-0,322674074074
25,2	0,5754168	0,00442088888889	-0,411091851852
25,25	0,574868	-0,0198177777778	-0,379671358025
25,3	0,5732216	-0,0387208888889	-0,229598271605
25,35	0,5704776	-0,0458857777778	-0,00719876543209
25,4	0,568008	-0,0385684444444	0,203343950617
25,45	0,5663616	-0,023324	0,357651604938
25,5	0,565264	0,000609777777778	0,421339506173
25,55	0,5663616	0,0251533333333	0,344185679012
25,6	0,5682824	0,0393306666667	0,167350123457
25,65	0,570752	0,042532	-0,0359938271605
25,7	0,5729472	0,0349097777778	-0,221721975309
25,75	0,5745936	0,0185982222222	-0,356804691358
25,8	0,5751424	-0,00472577777778	-0,395593333333
25,85	0,5740448	-0,0263728888889	-0,311156049383
25,9	0,572124	-0,0394831111111	-0,13847037037
25,95	0,5696544	-0,0416173333333	0,0700397530864
26	0,5674592	-0,0317084444444	0,258647407407
26,05	0,5660872	-0,0125004444444	0,370270617284
26,1	0,5660872	0,00975644444444	0,3773
26,15	0,5671848	0,0294217777778	0,28210691358
26,2	0,56938	0,0407026666667	0,115264938272
26,25	0,5715752	0,0429893333333	-0,0952777777778
26,3	0,5743192	0,0310986666667	-0,296589135802
26,35	0,5751424	0,00884177777778	-0,399827901235
26,4	0,5751424	-0,0135675555556	-0,389326172839
26,45	0,5737704	-0,0343	-0,273383703704
26,5	0,5713008	-0,0451235555556	-0,0663133333333
26,55	0,5685568	-0,0408551111111	0,145160987654
26,6	0,5669104	-0,0278973333333	0,301585925926
26,65	0,5655384	-0,00853688888889	0,395169876543
26,7	0,5658128	0,0153968888889	0,390765925926
26,75	0,5671848	0,0361293333333	0,261188148148
26,8	0,5699288	0,0455808888889	0,0414987654321
26,85	0,5723984	0,0400928888889	-0,179969135802
26,9	0,5743192	0,024696	-0,337579753086
26,95	0,5751424	0,00259155555556	-0,402707407407
27	0,5745936	-0,0199702222222	-0,358583209877
27,05	0,5729472	-0,0373488888889	-0,214692592593
27,1	0,5704776	-0,0449711111111	0,00567432098766
27,15	0,5677336	-0,0368915555556	0,227565679012
27,2	0,5663616	-0,0182933333333	0,365443209877
27,25	0,5658128	0,00365866666667	0,402622716049
27,3	0,566636	0,0265253333333	0,327755555556
27,35	0,5688312	0,0410075555556	0,149988395062
27,4	0,5713008	0,0426844444444	-0,0597920987654
27,45	0,573496	0,0339951111111	-0,246875308642
27,5	0,5751424	0,0152444444444	-0,367645185185
27,55	0,5751424	-0,00701244444444	-0,387971111111
27,6	0,5743192	-0,0268302222222	-0,319455802469
27,65	0,5723984	-0,0431417777778	-0,154053580247
27,7	0,56938	-0,0455808888889	0,0791864197531
27,75	0,5671848	-0,0333853333333	0,277110123457
27,8	0,5658128	-0,0141773333333	0,389326172839
27,85	0,5655384	0,00975644444444	0,396101481481
27,9	0,5669104	0,0306413333333	0,283800740741
27,95	0,5691056	0,0407026666667	0,104847901235
28	0,5713008	0,0417697777778	-0,0940920987654
28,05	0,5737704	0,0310986666667	-0,280074320988
28,1	0,574868	0,0103662222222	-0,38543037037
28,15	0,574868	-0,012348	-0,376707160494
28,2	0,573496	-0,0317084444444	-0,261357530864
28,25	0,5713008	-0,0416173333333	-0,0706325925926
28,3	0,5688312	-0,0394831111111	0,13847037037
28,35	0,5669104	-0,0263728888889	0,311664197531
28,4	0,5658128	-0,00472577777778	0,397795308642
28,45	0,5663616	0,0187506666667	0,360869876543
28,5	0,568008	0,0353671111111	0,224770864198
28,55	0,5702032	0,0437515555556	0,0262543209877
28,6	0,5729472	0,0388733333333	-0,188607654321
28,65	0,5745936	0,0224093333333	-0,346472345679
28,7	0,5754168	0	-0,40516345679
28,75	0,5745936	-0,0225617777778	-0,353417037037
28,8	0,5729472	-0,0394831111111	-0,201904197531
28,85	0,5702032	-0,0457333333333	0,0156679012346
28,9	0,5677336	-0,0375013333333	0,22510962963
28,95	0,5660872	-0,0199702222222	0,361462716049
29	0,5655384	0,00259155555556	0,400505432099
29,05	0,5663616	0,0245435555556	0,330380987654
29,1	0,5682824	0,0394831111111	0,168112345679
29,15	0,570752	0,0435991111111	-0,0449711111111
29,2	0,5732216	0,0344524444444	-0,245435555556
29,25	0,5745936	0,0155493333333	-0,366036049383
29,3	0,574868	-0,00609777777778	-0,387717037037
29,35	0,5740448	-0,0280497777778	-0,29582691358
29,4	0,5715752	-0,0394831111111	-0,115434320988
29,45	0,5696544	-0,0400928888889	0,0841832098766
29,5	0,5671848	-0,0306413333333	0,268979753086
29,55	0,5660872	-0,0102137777778	0,379586666667
29,6	0,5660872	0,012348	0,373827654321
29,65	0,5674592	0,0317084444444	0,259240246914
29,7	0,5696544	0,0414648888889	0,0693622222222
29,75	0,572124	0,0391782222222	-0,133981728395
29,8	0,5740448	0,0257631111111	-0,288712839506
29,85	0,574868	0,00716488888889	-0,367137037037
29,9	0,574868	-0,0138724444444	-0,364596296296
29,95	0,573496	-0,0338426666667	-0,255937283951
30	0,5710264	-0,0435991111111	-0,0565738271605
30,05	0,5685568	-0,0399404444444	0,157187160494
30,1	0,566636	-0,026068	0,327332098765
30,15	0,5655384	-0,00320133333333	0,402453333333
30,2	0,5663616	0,0193604444444	0,355957777778
30,25	0,5677336	0,0358244444444	0,220028148148
30,3	0,5702032	0,0446662222222	0,0111792592593
30,35	0,5729472	0,0373488888889	-0,203852098765
30,4	0,5743192	0,02058	-0,340543950617
30,45	0,5751424	-0,000457333333333	-0,384837530864
30,5	0,5743192	-0,021952	-0,327924938272
30,55	0,5726728	-0,037044	-0,180307901235
30,6	0,5702032	-0,0420746666667	0,0182933333333
30,65	0,568008	-0,035672	0,221891358025
30,7	0,5660872	-0,0172262222222	0,360869876543
30,75	0,5660872	0,00594533333333	0,377215308642
30,8	0,5669104	0,0248484444444	0,288458765432
30,85	0,5688312	0,0371964444444	0,134489876543
30,9	0,5710264	0,0396355555556	-0,0521698765432
30,95	0,5732216	0,0317084444444	-0,229344197531
31	0,5745936	0,0144822222222	-0,351384444444
31,05	0,574868	-0,00746977777778	-0,376622469136
31,1	0,5737704	-0,0275924444444	-0,29498
31,15	0,5718496	-0,0410075555556	-0,119584197531
31,2	0,5691056	-0,0414648888889	0,0988348148148
31,25	0,5671848	-0,0295742222222	0,282615061728
31,3	0,5658128	-0,009604	0,381534567901
31,35	0,5660872	0,0135675555556	0,36400345679
31,4	0,5674592	0,0306413333333	0,250686419753
31,45	0,56938	0,04116	0,0757140740741
31,5	0,572124	0,0393306666667	-0,123988148148
31,55	0,5737704	0,0265253333333	-0,278380493827
31,6	0,574868	0,009604	-0,377045925926
31,65	0,5751424	-0,0147871111111	-0,382042716049
31,7	0,5732216	-0,0350622222222	-0,248315061728
31,75	0,5710264	-0,042532	-0,0433619753086
31,8	0,5685568	-0,0391782222222	0,163962469136
31,85	0,566636	-0,0243911111111	0,326231111111
31,9	0,5658128	-0,00259155555556	0,392798518519
31,95	0,5663616	0,0196653333333	0,345540740741
32	0,568008	0,0362817777778	0,196568641975
32,05	0,5704776	0,0416173333333	-0,00711407407406
32,1	0,5726728	0,0349097777778	-0,198685925926
32,15	0,5743192	0,0193604444444	-0,332582962963
32,2	0,574868	-0,00213422222222	-0,374420493827
32,25	0,5740448	-0,0224093333333	-0,311748888889
32,3	0,5723984	-0,0368915555556	-0,162438024691
32,35	0,5699288	-0,0410075555556	0,0395508641975
32,4	0,5677336	-0,0323182222222	0,228497283951
32,45	0,5663616	-0,015092	0,347996790123
32,5	0,5660872	0,00594533333333	0,378485679012
32,55	0,5669104	0,0271351111111	0,301585925926
32,6	0,5691056	0,0407026666667	0,123649382716
32,65	0,5715752	0,04116	-0,0912972839506
32,7	0,5737704	0,0289644444444	-0,255937283951
32,75	0,5745936	0,0121955555556	-0,342068395062
32,8	0,5751424	-0,00792711111111	-0,354941481482
32,85	0,5737704	-0,0269826666667	-0,277957037037
32,9	0,572124	-0,0385684444444	-0,129577777778
32,95	0,5696544	-0,042532	0,0738508641975
33	0,5671848	-0,0314035555556	0,274145925926
33,05	0,5660872	-0,0106711111111	0,377215308642
33,1	0,5660872	0,0115857777778	0,360531111111
33,15	0,5674592	0,0292693333333	0,24653654321
33,2	0,56938	0,0381111111111	0,0795251851852
33,25	0,5715752	0,038416	-0,112639506173
33,3	0,5737704	0,0263728888889	-0,286002716049
33,35	0,5745936	0,00579288888889	-0,36916962963
33,4	0,5743192	-0,015092	-0,344609135803
33,45	0,5729472	-0,0323182222222	-0,227142222222
33,5	0,570752	-0,0410075555556	-0,0360785185185
33,55	0,5682824	-0,0367391111111	0,172262222222
33,6	0,566636	-0,0216471111111	0,32970345679
33,65	0,5658128	0,000304888888889	0,390342469136
33,7	0,566636	0,0228666666667	0,327247407407
33,75	0,5685568	0,0361293333333	0,183187407407
33,8	0,5704776	0,0423795555556	0,0016938271605
33,85	0,5732216	0,0378062222222	-0,204614320988
33,9	0,574868	0,0199702222222	-0,361208641975
33,95	0,5754168	-0,00304888888889	-0,407958271605
34	0,5745936	-0,0262204444444	-0,329025925926
34,05	0,5723984	-0,0405502222222	-0,145076296296
34,1	0,5699288	-0,04116	0,0585217283951
34,15	0,568008	-0,0335377777778	0,235441975309
34,2	0,5660872	-0,0152444444444	0,35113037037
34,25	0,5663616	0,00625022222222	0,360022962963
34,3	0,5669104	0,0239337777778	0,285409876543
34,35	0,5688312	0,0381111111111	0,13118691358
34,4	0,5713008	0,0393306666667	-0,0709713580247
34,45	0,5732216	0,0297266666667	-0,246621234568
34,5	0,5745936	0,0118906666667	-0,354856790124
34,55	0,5745936	-0,00990888888889	-0,361547407407
34,6	0,573496	-0,0289644444444	-0,259155555556
34,65	0,5713008	-0,0390257777778	-0,0809649382716
34,7	0,5691056	-0,0375013333333	0,112470123457
34,75	0,5671848	-0,0265253333333	0,275162222222
34,8	0,5660872	-0,00716488888889	0,366967654321
34,85	0,5663616	0,0146346666667	0,353501728395
34,9	0,5677336	0,0323182222222	0,24052345679
34,95	0,5699288	0,0416173333333	0,0574207407408
35	0,5723984	0,0390257777778	-0,146770123457
35,05	0,5743192	0,0250008888889	-0,306582716049
35,1	0,5751424	0,00472577777778	-0,379671358025
35,15	0,574868	-0,0172262222222	-0,348928395062
35,2	0,5732216	-0,0343	-0,220282222222
35,25	0,5710264	-0,0417697777778	-0,0313358024691
35,3	0,5685568	-0,0375013333333	0,161760493827
35,35	0,5669104	-0,0239337777778	0,312172345679
35,4	0,5658128	-0,002744	0,377045925926
35,45	0,566636	0,0187506666667	0,327162716049
35,5	0,568008	0,0332328888889	0,193604444444
35,55	0,5702032	0,0405502222222	0,0027101234568
35,6	0,5726728	0,0341475555556	-0,197923703704
35,65	0,5740448	0,0176835555556	-0,329534074074
35,7	0,5745936	-0,00289644444444	-0,36358
35,75	0,5737704	-0,023324	-0,288458765432
35,8	0,5718496	-0,0349097777778	-0,135844938272
35,85	0,5699288	-0,0376537777778	0,0425150617284
35,9	0,5677336	-0,0309462222222	0,221891358025
35,95	0,5663616	-0,01372	0,351299753086
36	0,5660872	0,00914666666667	0,368830864198
36,05	0,5674592	0,0285071111111	0,26584617284
36,1	0,56938	0,0381111111111	0,0976491358025
36,15	0,5715752	0,0390257777778	-0,0912125925926
36,2	0,5737704	0,0286595555556	-0,265168641975
36,25	0,574868	0,00884177777778	-0,356974074074
36,3	0,5745936	-0,010976	-0,353247654321
36,35	0,5737704	-0,0298791111111	-0,261188148148
36,4	0,5713008	-0,0410075555556	-0,0816424691358
36,45	0,5691056	-0,0393306666667	0,125766666667
36,5	0,5669104	-0,0266777777778	0,293370864198
36,55	0,5660872	-0,00594533333333	0,36874617284
36,6	0,5663616	0,0146346666667	0,338003209877
36,65	0,5677336	0,0307937777778	0,227989135802
36,7	0,5696544	0,0405502222222	0,0473424691358
36,75	0,5723984	0,0367391111111	-0,156255555556
36,8	0,5737704	0,0224093333333	-0,304126666667
36,85	0,574868	0,00243911111111	-0,361378024691
36,9	0,5740448	-0,0182933333333	-0,312002962963
36,95	0,5726728	-0,0314035555556	-0,191063703704
37	0,570752	-0,0391782222222	-0,0232054320988
37,05	0,5682824	-0,0355195555556	0,175311111111
37,1	0,566636	-0,0196653333333	0,325722962963
37,15	0,5660872	0,00182933333333	0,370524691358
37,2	0,5669104	0,021952	0,305735802469
37,25	0,5685568	0,0353671111111	0,16336962963
37,3	0,570752	0,0405502222222	-0,0293032098765
37,35	0,5732216	0,0323182222222	-0,21782617284
37,4	0,5743192	0,0155493333333	-0,335631851852
37,45	0,574868	-0,00426844444444	-0,373319506173
37,5	0,5740448	-0,0262204444444	-0,303364444444
37,55	0,5718496	-0,0391782222222	-0,131440987654
37,6	0,5696544	-0,0410075555556	0,078678271605
37,65	0,5671848	-0,0298791111111	0,258393333333
37,7	0,5663616	-0,0111284444444	0,34858962963
37,75	0,5660872	0,00838444444444	0,351638518519
37,8	0,5671848	0,0272875555556	0,270250123457
37,85	0,5691056	0,0390257777778	0,106626419753
37,9	0,5715752	0,0394831111111	-0,092652345679
37,95	0,573496	0,0289644444444	-0,271774567901
38	0,574868	0,00929911111111	-0,376283703704
38,05	0,5745936	-0,0138724444444	-0,361039259259
38,1	0,5732216	-0,031556	-0,235187901235
38,15	0,5710264	-0,0396355555556	-0,0504760493827
38,2	0,5688312	-0,0368915555556	0,14236617284
38,25	0,5669104	-0,0239337777778	0,295572839506
38,3	0,5660872	-0,00335377777778	0,35672
38,35	0,566636	0,016464	0,309885679012
38,4	0,568008	0,0303364444444	0,191741234568
38,45	0,5699288	0,0371964444444	0,0314204938272
38,5	0,572124	0,0343	-0,144822222222
38,55	0,5737704	0,0216471111111	-0,291507654321
38,6	0,5745936	0,00198177777778	-0,361208641975
38,65	0,5740448	-0,019208	-0,32114962963
38,7	0,5723984	-0,0343	-0,182933333333
38,75	0,5702032	-0,0394831111111	0,00516617283951
38,8	0,568008	-0,0338426666667	0,193604444444
38,85	0,5663616	-0,0176835555556	0,324706666667
38,9	0,5660872	0,00259155555556	0,362055555556
38,95	0,566636	0,0224093333333	0,303872592593
39	0,5685568	0,0365866666667	0,159897283951
39,05	0,570752	0,0400928888889	-0,0260849382716
39,1	0,5729472	0,0338426666667	-0,207324444444
39,15	0,5745936	0,0172262222222	-0,335377777778
39,2	0,574868	-0,004116	-0,361970864198
39,25	0,5740448	-0,0228666666667	-0,292693333333
39,3	0,5723984	-0,0365866666667	-0,143890617284
39,35	0,5699288	-0,0393306666667	0,051577037037
39,4	0,568008	-0,0310986666667	0,235611358025
39,45	0,5663616	-0,0126528888889	0,346980493827
39,5	0,566636	0,00868933333333	0,342830617284
39,55	0,5674592	0,0253057777778	0,24696
39,6	0,56938	0,0359768888889	0,0875708641975
39,65	0,5715752	0,0349097777778	-0,0918054320988
39,7	0,5732216	0,0251533333333	-0,236797037037
39,75	0,5743192	0,00914666666667	-0,327416790123
39,8	0,5743192	-0,0106711111111	-0,337833827161
39,85	0,5732216	-0,0291168888889	-0,244758024691
39,9	0,5710264	-0,0388733333333	-0,0670755555556
39,95	0,5688312	-0,0367391111111	0,133304197531
40	0,5669104	-0,0239337777778	0,295149382716
40,05	0,5660872	-0,00320133333333	0,36400345679
40,1	0,566636	0,0170737777778	0,324960740741
40,15	0,568008	0,0324706666667	0,204614320988
40,2	0,5702032	0,0396355555556	0,0319286419753
40,25	0,5723984	0,0364342222222	-0,155239259259
40,3	0,5743192	0,0224093333333	-0,301670617284
40,35	0,574868	0,00259155555556	-0,361970864198
40,4	0,5745936	-0,0176835555556	-0,326485185185
40,45	0,5729472	-0,0339951111111	-0,196483950617
40,5	0,570752	-0,039788	-0,00872320987654
40,55	0,5685568	-0,0353671111111	0,18649037037
40,6	0,566636	-0,0184457777778	0,32157308642
40,65	0,566636	0,00152444444444	0,350452839506
40,7	0,5669104	0,0193604444444	0,300400246914
40,75	0,5685568	0,0353671111111	0,160405432099
40,8	0,5710264	0,0385684444444	-0,0437854320988
40,85	0,5729472	0,0297266666667	-0,223077037037
40,9	0,5743192	0,0128053333333	-0,326485185185
40,95	0,5743192	-0,00686	-0,335123703704
41	0,573496	-0,0236288888889	-0,264829876543
41,05	0,5718496	-0,0364342222222	-0,120346419753
41,1	0,56938	-0,0382635555556	0,0767303703704
41,15	0,5674592	-0,0275924444444	0,249331358025
41,2	0,5663616	-0,00990888888889	0,344778518519
41,25	0,5663616	0,0105186666667	0,348250864198
41,3	0,5674592	0,0291168888889	0,251618024691
41,35	0,5696544	0,0390257777778	0,0780854320988
41,4	0,5718496	0,0375013333333	-0,112978271605
41,45	0,5737704	0,0265253333333	-0,274484691358
41,5	0,574868	0,00716488888889	-0,362987160494
41,55	0,5745936	-0,0144822222222	-0,340798024691
41,6	0,5732216	-0,0314035555556	-0,215200740741
41,65	0,5710264	-0,0385684444444	-0,0293032098765
41,7	0,5688312	-0,0335377777778	0,146092592593
41,75	0,5674592	-0,021952	0,274908148148
41,8	0,5663616	-0,00396355555556	0,343762222222
41,85	0,5669104	0,0166164444444	0,314204938272
41,9	0,5682824	0,0317084444444	0,187252592593
41,95	0,5704776	0,0373488888889	0,00863851851852
42	0,5723984	0,0330804444444	-0,177851851852
42,05	0,5743192	0,0173786666667	-0,312172345679
42,1	0,5743192	-0,00304888888889	-0,339866419753
42,15	0,5737704	-0,0195128888889	-0,28769654321
42,2	0,5723984	-0,0344524444444	-0,165232839506
42,25	0,5699288	-0,039788	0,0315898765432
42,3	0,5677336	-0,0306413333333	0,215793580247
42,35	0,566636	-0,0147871111111	0,326739259259
42,4	0,5660872	0,00533555555556	0,353078271605
42,45	0,5671848	0,0245435555556	0,281514074074
42,5	0,5688312	0,0368915555556	0,130509382716
42,55	0,5713008	0,0391782222222	-0,0586064197531
42,6	0,5732216	0,030184	-0,230021728395
42,65	0,5745936	0,0138724444444	-0,342322469136
42,7	0,574868	-0,00777466666667	-0,361462716049
42,75	0,5737704	-0,0277448888889	-0,259748395062
42,8	0,5715752	-0,0368915555556	-0,0842679012346
42,85	0,5696544	-0,035672	0,0908738271605
42,9	0,5677336	-0,0266777777778	0,237982716049
42,95	0,566636	-0,00975644444445	0,32800962963
43	0,566636	0,00990888888889	0,327416790123
43,05	0,5677336	0,0269826666667	0,232139012346
43,1	0,5696544	0,0362817777778	0,0636032098766
43,15	0,5718496	0,0341475555556	-0,122887160494
43,2	0,573496	0,0221044444444	-0,267285925926
43,25	0,5743192	0,00365866666667	-0,326739259259
43,3	0,5737704	-0,01372	-0,303957283951
43,35	0,5729472	-0,0297266666667	-0,20452962963
43,4	0,5704776	-0,0378062222222	-0,0287950617284
43,45	0,5685568	-0,0327755555556	0,152698518519
43,5	0,5669104	-0,0199702222222	0,280328395062
43,55	0,5663616	-0,00198177777778	0,337325679012
43,6	0,566636	0,0173786666667	0,304211358025
43,65	0,5682824	0,0321657777778	0,183272098765
43,7	0,5702032	0,038416	0,00186320987655
43,75	0,5726728	0,0323182222222	-0,180053827161
43,8	0,5737704	0,0176835555556	-0,301077777778
43,85	0,5745936	-0,000914666666667	-0,343338765432
43,9	0,5737704	-0,0208848888889	-0,286341481482
43,95	0,572124	-0,0327755555556	-0,152020987654
44	0,5702032	-0,0371964444444	0,0147362962963
44,05	0,568008	-0,0317084444444	0,188522962963
44,1	0,566636	-0,0167688888889	0,319625185185
44,15	0,5660872	0,00365866666667	0,366036049383
44,2	0,5669104	0,0253057777778	0,289983209877
44,25	0,5691056	0,0367391111111	0,120685185185
44,3	0,5710264	0,0376537777778	-0,0647041975309
44,35	0,5732216	0,0292693333333	-0,226718765432
44,4	0,5743192	0,0125004444444	-0,326146419753
44,45	0,5745936	-0,00716488888889	-0,335631851852
44,5	0,573496	-0,024696	-0,256021975309
44,55	0,5718496	-0,0353671111111	-0,10976
44,6	0,5696544	-0,0378062222222	0,0808802469136
44,65	0,5674592	-0,0268302222222	0,256021975309
44,7	0,566636	-0,00807955555556	0,340713333333
44,75	0,566636	0,0117382222222	0,321657777778
44,8	0,568008	0,0272875555556	0,220451604938
44,85	0,5696544	0,0355195555556	0,0708866666667
44,9	0,5718496	0,0358244444444	-0,108150864198
44,95	0,5737704	0,0242386666667	-0,270334814815
45	0,5745936	0,00518311111111	-0,350537530864
45,05	0,5743192	-0,015092	-0,328602469136
45,1	0,5729472	-0,0317084444444	-0,209272345679
45,15	0,570752	-0,0388733333333	-0,0243064197531
45,2	0,5685568	-0,0343	0,164555308642
45,25	0,5669104	-0,0199702222222	0,298028888889
45,3	0,5663616	-0,000609777777778	0,340713333333
45,35	0,5669104	0,0176835555556	0,294387160494
45,4	0,5682824	0,0318608888889	0,173447901235
45,45	0,5704776	0,037044	0,00499679012346
45,5	0,5723984	0,0323182222222	-0,16379308642
45,55	0,5740448	0,019208	-0,295572839506
45,6	0,5745936	-0,000304888888889	-0,349944691358
45,65	0,5740448	-0,0201226666667	-0,300400246914
45,7	0,5723984	-0,0350622222222	-0,146177283951
45,75	0,5699288	-0,0367391111111	0,0542024691358
45,8	0,5682824	-0,0277448888889	0,218419012346
45,85	0,5669104	-0,0120431111111	0,313950864198
45,9	0,5669104	0,00716488888889	0,322758765432
45,95	0,5677336	0,0240862222222	0,24052345679
46	0,5696544	0,0333853333333	0,100189876543
46,05	0,5713008	0,035672	-0,0737661728395
46,1	0,5737704	0,026068	-0,241793827161
46,15	0,5743192	0,00731733333333	-0,322589382716
46,2	0,5743192	-0,00945155555556	-0,321319012346
46,25	0,573496	-0,02744	-0,246197777778
46,3	0,5713008	-0,0382635555556	-0,0816424691358
46,35	0,5691056	-0,0368915555556	0,110776296296
46,4	0,5671848	-0,0251533333333	0,261696296296
46,45	0,5663616	-0,00746977777778	0,336055308642
46,5	0,5663616	0,0120431111111	0,322758765432
46,55	0,5677336	0,0278973333333	0,230445185185
46,6	0,56938	0,0375013333333	0,0775772839506
46,65	0,5718496	0,0378062222222	-0,117636296296
46,7	0,5737704	0,024696	-0,284817037037
46,75	0,5745936	0,00503066666667	-0,355957777778
46,8	0,5743192	-0,0158542222222	-0,314120246914
46,85	0,5726728	-0,0297266666667	-0,188946419753
46,9	0,5710264	-0,035672	-0,0310817283951
46,95	0,5688312	-0,0336902222222	0,143382469136
47	0,5671848	-0,0208848888889	0,295657530864
47,05	0,5663616	-0,000152444444444	0,35629654321
47,1	0,5671848	0,0204275555556	0,293201481482
47,15	0,5688312	0,0323182222222	0,15176691358
47,2	0,570752	0,0358244444444	-0,00863851851851
47,25	0,5726728	0,0317084444444	-0,173447901235
47,3	0,5743192	0,0181408888889	-0,31683037037
47,35	0,574868	-0,00335377777778	-0,375944938272
47,4	0,5740448	-0,0256106666667	-0,299976790123
47,45	0,5718496	-0,0381111111111	-0,118398518519
47,5	0,5696544	-0,0376537777778	0,0773232098766
47,55	0,5677336	-0,0280497777778	0,227057530864
47,6	0,566636	-0,0125004444444	0,314967160494
47,65	0,5663616	0,00594533333333	0,333938024691
47,7	0,5671848	0,0245435555556	0,265253333333
47,75	0,5691056	0,0362817777778	0,112385432099
47,8	0,5713008	0,037044	-0,0714795061728
47,85	0,5732216	0,0277448888889	-0,227735061728
47,9	0,5743192	0,0118906666667	-0,324367901235
47,95	0,5745936	-0,00792711111111	-0,338087901235
48	0,573496	-0,0263728888889	-0,249246666667
48,05	0,5715752	-0,0362817777778	-0,0827434567901
48,1	0,56938	-0,0350622222222	0,0998511111111
48,15	0,5677336	-0,0248484444444	0,250517037037
48,2	0,566636	-0,00807955555556	0,344778518519
48,25	0,566636	0,0140248888889	0,334784938272
48,3	0,5682824	0,0307937777778	0,206731604938
48,35	0,5702032	0,0368915555556	0,0236288888889
48,4	0,5723984	0,0324706666667	-0,150835308642
48,45	0,5737704	0,0198177777778	-0,277957037037
48,5	0,5745936	0,00198177777778	-0,336055308642
48,55	0,5740448	-0,0173786666667	-0,306074567901
48,6	0,5726728	-0,0323182222222	-0,187845432099
48,65	0,5704776	-0,0388733333333	-0,00762222222222
48,7	0,5682824	-0,0336902222222	0,183272098765
48,75	0,566636	-0,017836	0,313696790123
48,8	0,5663616	0,00198177777778	0,345286666667
48,85	0,5669104	0,0202751111111	0,286341481482
48,9	0,5685568	0,0338426666667	0,150157777778
48,95	0,570752	0,037044	-0,0267624691358
49	0,5726728	0,0303364444444	-0,188777037037
49,05	0,5740448	0,016464	-0,305820493827
49,1	0,5745936	-0,00320133333333	-0,345710123457
49,15	0,5737704	-0,0231715555556	-0,272536790123
49,2	0,5718496	-0,0341475555556	-0,115095555556
49,25	0,5699288	-0,0350622222222	0,0597074074074
49,3	0,568008	-0,0271351111111	0,211474320988
49,35	0,5669104	-0,0118906666667	0,309885679012
49,4	0,566636	0,00731733333333	0,324706666667
49,45	0,5677336	0,0245435555556	0,24568962963
49,5	0,56938	0,0347573333333	0,0968869135803
49,55	0,5715752	0,0358244444444	-0,0863851851852
49,6	0,573496	0,0250008888889	-0,243657037037
49,65	0,5743192	0,00792711111111	-0,32199654321
49,7	0,5743192	-0,0105186666667	-0,31640691358
49,75	0,5732216	-0,0271351111111	-0,225617777778
49,8	0,5713008	-0,0362817777778	-0,0631797530864
49,85	0,5691056	-0,0343	0,118313827161
49,9	0,5674592	-0,0225617777778	0,259155555556
49,95	0,566636	-0,00518311111111	0,324283209877
50	0,5669104	0,0131102222222	0,306074567901
50,05	0,568008	0,0291168888889	0,199532839506
50,1	0,5702032	0,0361293333333	0,0260849382716
50,15	0,572124	0,0318608888889	-0,151936296296
50,2	0,5737704	0,0182933333333	-0,273637777778
50,25	0,5740448	0,00152444444444	-0,320218024691
50,3	0,5740448	-0,0170737777778	-0,283800740741
50,35	0,572124	-0,0307937777778	-0,159643209877
50,4	0,5704776	-0,0339951111111	-0,00457333333333
50,45	0,5685568	-0,0312511111111	0,152020987654
50,5	0,5669104	-0,0184457777778	0,288204691358
50,55	0,5663616	0,00152444444444	0,334530864198
50,6	0,5671848	0,0196653333333	0,27397654321
50,65	0,5685568	0,0320133333333	0,136437777778
50,7	0,570752	0,0353671111111	-0,0459027160494
50,75	0,5726728	0,026068	-0,200718518519
50,8	0,573496	0,0121955555556	-0,285918024691
50,85	0,5740448	-0,00518311111111	-0,301755308642
50,9	0,5729472	-0,0214946666667	-0,234340987654
50,95	0,5715752	-0,0307937777778	-0,111284444444
51	0,5696544	-0,0339951111111	0,0461567901235
51,05	0,5677336	-0,0266777777778	0,209357037037
51,1	0,566636	-0,0111284444444	0,322081234568
51,15	0,5663616	0,00975644444445	0,336732839506
51,2	0,5677336	0,0278973333333	0,233155308642
51,25	0,5696544	0,0353671111111	0,0703785185185
51,3	0,5715752	0,0347573333333	-0,0972256790124
51,35	0,573496	0,0248484444444	-0,243318271605
51,4	0,5743192	0,00853688888889	-0,335885925926
51,45	0,5745936	-0,0125004444444	-0,33741037037
51,5	0,5729472	-0,0304888888889	-0,222907654321
51,55	0,5710264	-0,0373488888889	-0,0467496296296
51,6	0,5688312	-0,0347573333333	0,128138024691
51,65	0,5671848	-0,0228666666667	0,263982962963
51,7	0,5663616	-0,00609777777778	0,337664444444
51,75	0,5663616	0,0146346666667	0,319371111111
51,8	0,568008	0,0307937777778	0,192249382716
51,85	0,5699288	0,0362817777778	0,00973950617285
51,9	0,572124	0,0306413333333	-0,156679012346
51,95	0,5732216	0,0181408888889	-0,268217530864
52	0,5740448	0,00228666666667	-0,326908641975
52,05	0,5737704	-0,0185982222222	-0,28939037037
52,1	0,5718496	-0,0321657777778	-0,139232592593
52,15	0,5699288	-0,0330804444444	0,0329449382716
52,2	0,5682824	-0,0265253333333	0,167265432099
52,25	0,5671848	-0,0157017777778	0,274654074074
52,3	0,5663616	0,00213422222222	0,335885925926
52,35	0,5671848	0,0231715555556	0,282276296296
52,4	0,5691056	0,0355195555556	0,119499506173
52,45	0,5713008	0,0355195555556	-0,0629256790123
52,5	0,5729472	0,02744	-0,21138962963
52,55	0,5743192	0,012348	-0,306413333333
52,6	0,5743192	-0,00594533333333	-0,328517777778
52,65	0,5737704	-0,0243911111111	-0,259070864198
52,7	0,5715752	-0,0358244444444	-0,102222469136
52,75	0,5696544	-0,0353671111111	0,0763916049383
52,8	0,5677336	-0,0268302222222	0,226634074074
52,85	0,566636	-0,0102137777778	0,314120246914
52,9	0,566636	0,00807955555556	0,315814074074
52,95	0,5674592	0,0254582222222	0,22468617284
53	0,5696544	0,032928	0,0741896296296
53,05	0,5710264	0,0327755555556	-0,0810496296296
53,1	0,5732216	0,0250008888889	-0,230445185185
53,15	0,5740448	0,00670755555556	-0,310139753086
53,2	0,5737704	-0,0102137777778	-0,295149382716
53,25	0,5729472	-0,0253057777778	-0,210627407407
53,3	0,5710264	-0,0341475555556	-0,0585217283951
53,35	0,5691056	-0,032928	0,126105432099
53,4	0,5671848	-0,0198177777778	0,271774567901
53,45	0,5669104	-0,00121955555556	0,319117037037
53,5	0,5671848	0,0155493333333	0,280243703704
53,55	0,5685568	0,0294217777778	0,172855061728
53,6	0,5704776	0,0349097777778	0,0161760493827
53,65	0,5723984	0,031556	-0,149903703704
53,7	0,5740448	0,0187506666667	-0,283716049383
53,75	0,5745936	-0,000914666666667	-0,327078024691
53,8	0,5737704	-0,017836	-0,277702962963
53,85	0,5726728	-0,0307937777778	-0,167858271605
53,9	0,5704776	-0,0375013333333	0,00287950617284
53,95	0,5682824	-0,0306413333333	0,175903950617
54	0,5671848	-0,0172262222222	0,290491358025
54,05	0,5663616	0,00106711111111	0,334192098765
54,1	0,5671848	0,0207324444444	0,272960246914
54,15	0,5688312	0,0320133333333	0,128561481481
54,2	0,570752	0,0344524444444	-0,0415834567901
54,25	0,5726728	0,0271351111111	-0,195467654321
54,3	0,5737704	0,0125004444444	-0,291253580247
54,35	0,5740448	-0,00518311111111	-0,308954074074
54,4	0,5732216	-0,021952	-0,24052345679
54,45	0,5715752	-0,0321657777778	-0,101968395062
54,5	0,5696544	-0,0336902222222	0,0711407407408
54,55	0,5677336	-0,0243911111111	0,227480987654
54,6	0,5669104	-0,00777466666667	0,311579506173
54,65	0,5669104	0,0103662222222	0,30827654321
54,7	0,568008	0,0266777777778	0,216809876543
54,75	0,5699288	0,0347573333333	0,0608083950617
54,8	0,5718496	0,0336902222222	-0,115264938272
54,85	0,5737704	0,021952	-0,259917777778
54,9	0,5743192	0,00381111111111	-0,319201728395
54,95	0,5740448	-0,0132626666667	-0,295234074074
55	0,5729472	-0,0282022222222	-0,202073580247
55,05	0,5710264	-0,0371964444444	-0,0315051851852
55,1	0,5685568	-0,0321657777778	0,154646419753
55,15	0,5674592	-0,0184457777778	0,274569382716
55,2	0,566636	-0,00167688888889	0,319201728395
55,25	0,5671848	0,0167688888889	0,280497777778
55,3	0,5685568	0,0297266666667	0,162353333333
55,35	0,5704776	0,0347573333333	0,00084691358025
55,4	0,5723984	0,0304888888889	-0,169890864198
55,45	0,5740448	0,0153968888889	-0,286172098765
55,5	0,5740448	-0,00289644444444	-0,30099308642
55,55	0,573496	-0,0169213333333	-0,251279259259
55,6	0,5723984	-0,0298791111111	-0,147786419753
55,65	0,5702032	-0,0350622222222	0,0210034567901
55,7	0,5682824	-0,0275924444444	0,185135308642
55,75	0,5671848	-0,0132626666667	0,282191604938
55,8	0,5669104	0,00335377777778	0,308022469136
55,85	0,5674592	0,0204275555556	0,256868888889
55,9	0,5691056	0,0330804444444	0,117382222222
55,95	0,5713008	0,0341475555556	-0,065297037037
56	0,5729472	0,0250008888889	-0,217233333333
56,05	0,5740448	0,009604	-0,303195061728
56,1	0,5740448	-0,00899422222222	-0,301162469136
56,15	0,5729472	-0,0234764444444	-0,222992345679
56,2	0,5715752	-0,0338426666667	-0,0833362962963
56,25	0,5691056	-0,0336902222222	0,0943461728395
56,3	0,5677336	-0,0228666666667	0,23925308642
56,35	0,566636	-0,00686	0,316491604938
56,4	0,5669104	0,0121955555556	0,3087
56,45	0,568008	0,0275924444444	0,213845679012
56,5	0,5699288	0,0364342222222	0,0518311111111
56,55	0,572124	0,0339951111111	-0,135082716049
56,6	0,5737704	0,0213422222222	-0,282276296296
56,65	0,5745936	0,001372	-0,331905432099
56,7	0,5737704	-0,016464	-0,276009135803
56,75	0,5726728	-0,0282022222222	-0,163539012346
56,8	0,570752	-0,0341475555556	-0,0162607407407
56,85	0,5688312	-0,030184	0,137284691358
56,9	0,5674592	-0,019208	0,260002469136
56,95	0,566636	-0,00182933333333	0,321319012346
57	0,5671848	0,0170737777778	0,285240493827
57,05	0,5685568	0,0309462222222	0,154222962963
57,1	0,570752	0,0343	-0,02058
57,15	0,5723984	0,0277448888889	-0,174972345679
57,2	0,5737704	0,0146346666667	-0,277448888889
57,25	0,5740448	-0,002744	-0,309462222222
57,3	0,573496	-0,0198177777778	-0,256784197531
57,35	0,5718496	-0,0317084444444	-0,127545185185
57,4	0,5699288	-0,0343	0,0423456790124
57,45	0,568008	-0,0269826666667	0,201141975309
57,5	0,5669104	-0,0118906666667	0,303703209877
57,55	0,566636	0,00716488888889	0,317169135803
57,6	0,5677336	0,0239337777778	0,235780740741
57,65	0,56938	0,032928	0,0973103703704
57,7	0,5713008	0,0344524444444	-0,0624175308642
57,75	0,5732216	0,0265253333333	-0,212914074074
57,8	0,5743192	0,0105186666667	-0,302602222222
57,85	0,5743192	-0,00731733333333	-0,308784691358
57,9	0,573496	-0,0231715555556	-0,24052345679
57,95	0,5718496	-0,0343	-0,102222469136
58	0,5696544	-0,035672	0,0817271604938
58,05	0,5677336	-0,0250008888889	0,240692839506
58,1	0,5669104	-0,00792711111111	0,318016049383
58,15	0,5669104	0,0103662222222	0,305989876543
58,2	0,568008	0,0263728888889	0,205291851852
58,25	0,5699288	0,0336902222222	0,0421762962963
58,3	0,5718496	0,0303364444444	-0,120600493827
58,35	0,5732216	0,0198177777778	-0,243233580247
58,4	0,5740448	0,00396355555556	-0,309377530864
58,45	0,5737704	-0,0146346666667	-0,290406666667
58,5	0,5723984	-0,0291168888889	-0,179037530864
58,55	0,5704776	-0,0347573333333	-0,0127883950617
58,6	0,5685568	-0,0309462222222	0,163877777778
58,65	0,5669104	-0,0166164444444	0,295318765432
58,7	0,566636	0,00335377777778	0,322335308642
58,75	0,5674592	0,0196653333333	0,25466691358
58,8	0,5688312	0,0304888888889	0,136861234568
58,85	0,570752	0,0346048888889	-0,0126190123457
58,9	0,5726728	0,0295742222222	-0,165656296296
58,95	0,5740448	0,0166164444444	-0,281344691358
59	0,5745936	-0,00198177777778	-0,317931358025
59,05	0,5737704	-0,019208	-0,262119753086
59,1	0,5723984	-0,0304888888889	-0,14490691358
59,15	0,5704776	-0,0350622222222	0,010162962963
59,2	0,5685568	-0,0306413333333	0,182255802469
59,25	0,5669104	-0,0155493333333	0,314628395062
59,3	0,566636	0,00670755555556	0,324283209877
59,35	0,568008	0,0216471111111	0,22680345679
59,4	0,5691056	0,0295742222222	0,102222469136
59,45	0,5710264	0,0332328888889	-0,0533555555556
59,5	0,5729472	0,0254582222222	-0,220282222222
59,55	0,5740448	0,00792711111111	-0,314459012346
59,6	0,5737704	-0,0111284444444	-0,297266666667
59,65	0,5726728	-0,0250008888889	-0,19894
59,7	0,5710264	-0,0324706666667	-0,0580135802469
59,75	0,5691056	-0,0317084444444	0,101866765432
59,8	0,5674592	-0,0216471111111	0,241065481481
59,85	0,566636	-0,00457333333333	0,310241382715
59,9	0,5669104	0,0135370666666	0,293150666663
59,95	0,5682824	0,0266777777775	0,235594419746
60	0,5702032	0,0341475555549	0,186422617274
