0,05	0,5660872	-0,131102222222	0,121040888889
0,1	0,5595016	-0,127748444444	0,219545407407
0,15	0,552916	-0,117809066667	0,394526222222
0,2	0,5468792	-0,0922288888889	0,631475703704
0,25	0,5430376	-0,0510688888889	0,807989432099
0,3	0,5416656	-0,00579288888889	0,859515654321
0,35	0,5424888	0,0390257777778	0,80304345679
0,4	0,5457816	0,078204	0,650599012346
0,45	0,5507208	0,107168444444	0,419984444444
0,5	0,557032	0,122565333333	0,130170617284
0,55	0,5636176	0,121650666667	-0,191063703704
0,6	0,5699288	0,103052444444	-0,497392345679
0,65	0,5745936	0,0684475555556	-0,722756049383
0,7	0,5770632	0,026068	-0,835988395062
0,75	0,5773376	-0,0198177777778	-0,833278271605
0,8	0,574868	-0,0611302222222	-0,727752839506
0,85	0,5710264	-0,0961924444444	-0,530845432099
0,9	0,5647152	-0,118144444444	-0,246197777778
0,95	0,558404	-0,121498222222	0,0622481481481
1	0,5520928	-0,111284444444	0,358498518519
1,05	0,5466048	-0,0847591111111	0,621803950617
1,1	0,5430376	-0,0451235555556	0,791356049383
1,15	0,54194	-0,000609777777778	0,843017777778
1,2	0,5430376	0,0429893333333	0,79059382716
1,25	0,5463304	0,0827773333333	0,630103703704
1,3	0,5518184	0,110522222222	0,367306419753
1,35	0,5581296	0,120888444444	0,0645348148148
1,4	0,5644408	0,116772444444	-0,237559259259
1,45	0,5704776	0,0961924444444	-0,511281728395
1,5	0,5745936	0,0626546666667	-0,711661481481
1,55	0,5770632	0,0210373333333	-0,815408395062
1,6	0,5767888	-0,0231715555556	-0,812105432099
1,65	0,5745936	-0,0638742222222	-0,709967654321
1,7	0,5702032	-0,0983266666667	-0,506115555556
1,75	0,5641664	-0,118449333333	-0,213760987654
1,8	0,5575808	-0,120431111111	0,101883703704
1,85	0,551544	-0,107016	0,392883209877
1,9	0,5463304	-0,079576	0,637810617284
1,95	0,5430376	-0,0396355555556	0,793812098765
2	0,5422144	0,00472577777778	0,833024197531
2,05	0,5435864	0,0477151111111	0,765779259259
2,1	0,5471536	0,0855213333333	0,592754814815
2,15	0,5526416	0,110979555556	0,327924938272
2,2	0,5589528	0,119821333333	0,0244758024691
2,25	0,565264	0,112656444444	-0,26711654321
2,3	0,570752	0,0914666666667	-0,518395802469
2,35	0,574868	0,0588435555556	-0,714117530864
2,4	0,5770632	0,0163115555556	-0,817102222222
2,45	0,5765144	-0,0272875555556	-0,809225925926
2,5	0,5743192	-0,0693622222222	-0,685407160494
2,55	0,5691056	-0,100460888889	-0,453522222222
2,6	0,5636176	-0,116162666667	-0,176327407407
2,65	0,557032	-0,118906666667	0,123141234568
2,7	0,5509952	-0,103967111111	0,41803654321
2,75	0,546056	-0,0748502222222	0,656358024691
2,8	0,5430376	-0,0343	0,797453827161
2,85	0,5424888	0,00990888888889	0,817864444444
2,9	0,5441352	0,0518311111111	0,729192592593
2,95	0,5479768	0,0862835555556	0,55007037037
3	0,5531904	0,109607555556	0,300823703704
3,05	0,5595016	0,118601777778	0,00296419753086
3,1	0,5658128	0,10976	-0,291592345679
3,15	0,5710264	0,0867408888889	-0,525679259259
3,2	0,574868	0,0544226666667	-0,694215061728
3,25	0,5767888	0,01372	-0,780261481481
3,3	0,5759656	-0,0239337777778	-0,822691851852
3,35	0,5751424	-0,072716	-0,752228641975
3,4	0,5682824	-0,111132	-0,446662222222
3,45	0,56252	-0,119516444444	-0,0820659259259
3,5	0,5559344	-0,115095555556	0,216555802469
3,55	0,5504464	-0,0955826666667	0,458434320988
3,6	0,546056	-0,0673804444444	0,64399308642
3,65	0,543312	-0,0295742222222	0,775857530864
3,7	0,5427632	0,0147871111111	0,799232345679
3,75	0,5449584	0,0559471111111	0,695824197531
3,8	0,5488	0,0873506666667	0,509164444444
3,85	0,5540136	0,109150222222	0,260849382716
3,9	0,5603248	0,115857777778	-0,0372641975309
3,95	0,5663616	0,104881777778	-0,324621975309
4	0,5713008	0,080948	-0,557607901235
4,05	0,574868	0,0464955555556	-0,721400987654
4,1	0,57624	0,00518311111111	-0,792626419753
4,15	0,5754168	-0,037044	-0,755785679012
4,2	0,5723984	-0,0750026666667	-0,608083950617
4,25	0,5674592	-0,102137777778	-0,362479012346
4,3	0,5614224	-0,111894222222	-0,089264691358
4,35	0,5559344	-0,110979555556	0,18606691358
4,4	0,5496232	-0,0934484444444	0,455808888889
4,45	0,546056	-0,0628071111111	0,662794567901
4,5	0,5430376	-0,0240862222222	0,788307160494
4,55	0,543312	0,0213422222222	0,787375555556
4,6	0,5455072	0,0599106666667	0,663133333333
4,65	0,5496232	0,090552	0,46131382716
4,7	0,5551112	0,107778222222	0,210203950617
4,75	0,5608736	0,112351555556	-0,0622481481481
4,8	0,5669104	0,102442666667	-0,346133580247
4,85	0,5718496	0,0759173333333	-0,584709135802
4,9	0,574868	0,039788	-0,728853827161
4,95	0,5759656	-0,000609777777778	-0,778482962963
5	0,574868	-0,0419222222222	-0,726228395062
5,05	0,5715752	-0,0777466666667	-0,566077037037
5,1	0,566636	-0,102442666667	-0,316999753086
5,15	0,5605992	-0,110369777778	-0,0391274074074
5,2	0,5551112	-0,105186666667	0,220028148148
5,25	0,5496232	-0,087808	0,459535308642
5,3	0,5457816	-0,0574715555556	0,650599012346
5,35	0,5435864	-0,0196653333333	0,763492592593
5,4	0,5435864	0,0231715555556	0,77001382716
5,45	0,546056	0,0623497777778	0,656273333333
5,5	0,550172	0,0928386666667	0,444968395062
5,55	0,5559344	0,109150222222	0,175226419753
5,6	0,5616968	0,110369777778	-0,102137777778
5,65	0,5674592	0,0984791111111	-0,367306419753
5,7	0,572124	0,0724111111111	-0,594872098765
5,75	0,5751424	0,0358244444444	-0,742658518519
5,8	0,5759656	-0,00670755555556	-0,776958518519
5,85	0,5743192	-0,0464955555556	-0,699211851852
5,9	0,5710264	-0,0794235555556	-0,541855308642
5,95	0,5660872	-0,103662222222	-0,310817283951
6	0,5600504	-0,113266222222	-0,0208340740741
6,05	0,5540136	-0,105339111111	0,264660493827
6,1	0,5490744	-0,085064	0,508571604938
6,15	0,5449584	-0,0519835555556	0,68642345679
6,2	0,5435864	-0,0118906666667	0,759088641975
6,25	0,5438608	0,02744	0,739016790123
6,3	0,5463304	0,0653986666667	0,627647654321
6,35	0,5507208	0,0948204444444	0,41287037037
6,4	0,5564832	0,109150222222	0,138809135802
6,45	0,5622456	0,108235555556	-0,13550617284
6,5	0,5677336	0,0951253333333	-0,393899506173
6,55	0,5723984	0,0673804444444	-0,609100246914
6,6	0,574868	0,0300315555556	-0,729023209877
6,65	0,5754168	-0,00914666666667	-0,755277530864
6,7	0,5740448	-0,0492395555556	-0,683967407407
6,75	0,5702032	-0,0821675555556	-0,506284938272
6,8	0,565264	-0,102290222222	-0,264491111111
6,85	0,5595016	-0,109607555556	0,00728345679012
6,9	0,5537392	-0,102442666667	0,291168888889
6,95	0,5485256	-0,0786613333333	0,529998518519
7	0,5455072	-0,045276	0,675498271605
7,05	0,5438608	-0,00762222222222	0,732156790123
7,1	0,544684	0,0312511111111	0,701159753086
7,15	0,5471536	0,065856	0,584539753086
7,2	0,551544	0,0931435555556	0,38500691358
7,25	0,557032	0,106863555556	0,125343209877
7,3	0,5627944	0,106406222222	-0,153460740741
7,35	0,5682824	0,0908568888889	-0,415241728395
7,4	0,5723984	0,0625022222222	-0,618500987654
7,45	0,574868	0,0256106666667	-0,736052592593
7,5	0,5751424	-0,0153968888889	-0,74731654321
7,55	0,5732216	-0,0538128888889	-0,646449135802
7,6	0,56938	-0,0833871111111	-0,461059753086
7,65	0,5644408	-0,101832888889	-0,222822962963
7,7	0,5586784	-0,106863555556	0,044632345679
7,75	0,5531904	-0,0977168888889	0,313950864198
7,8	0,5482512	-0,0734782222222	0,536435061728
7,85	0,5455072	-0,0402453333333	0,672534074074
7,9	0,5441352	-0,00350622222222	0,731902716049
7,95	0,5449584	0,0364342222222	0,699804691358
8	0,5479768	0,0714964444444	0,554050864198
8,05	0,5526416	0,094668	0,334784938272
8,1	0,5578552	0,106406222222	0,0757987654321
8,15	0,563892	0,103204888889	-0,200803209877
8,2	0,5688312	0,0846066666667	-0,440140987654
8,25	0,5726728	0,0567093333333	-0,61909382716
8,3	0,574868	0,0201226666667	-0,726228395062
8,35	0,574868	-0,0202751111111	-0,72800691358
8,4	0,5726728	-0,0571666666667	-0,621041728395
8,45	0,5688312	-0,0858262222222	-0,427521975309
8,5	0,5636176	-0,102595111111	-0,172685679012
8,55	0,5578552	-0,103052444444	0,0880790123457
8,6	0,552916	-0,0922288888889	0,319371111111
8,65	0,5482512	-0,0708866666667	0,531607654321
8,7	0,5452328	-0,0367391111111	0,682358271605
8,75	0,5444096	0,00198177777778	0,729107901235
8,8	0,5455072	0,039788	0,683713333333
8,85	0,5485256	0,0733257777778	0,561419012346
8,9	0,5531904	0,098784	0,366798271605
8,95	0,5589528	0,111132	0,125343209877
9	0,5644408	0,115400444444	-0,200887901235
9,05	0,5715752	0,0951253333333	-0,584709135802
9,1	0,5751424	0,0504591111111	-0,825063209877
9,15	0,5767888	0,000762222222223	-0,821760246914
9,2	0,5745936	-0,0381111111111	-0,666351604938
9,25	0,5723984	-0,0641791111111	-0,510688888889
9,3	0,5682824	-0,0887226666667	-0,351977283951
9,35	0,5630688	-0,102290222222	-0,137284691358
9,4	0,5575808	-0,104119555556	0,113147654321
9,45	0,5520928	-0,0917715555556	0,375098024691
9,5	0,5477024	-0,0638742222222	0,575985925926
9,55	0,5455072	-0,0297266666667	0,67829308642
9,6	0,544684	0,00655511111111	0,705902469136
9,65	0,546056	0,0440564444444	0,649582716049
9,7	0,5493488	0,07546	0,500017777778
9,75	0,5540136	0,0968022222222	0,280328395062
9,8	0,5595016	0,105644	0,0110945679012
9,85	0,565264	0,0983266666667	-0,264660493827
9,9	0,5699288	0,0766795555556	-0,48663654321
9,95	0,5732216	0,046648	-0,634846419753
10	0,574868	0,0102137777778	-0,703785185185
10,05	0,5743192	-0,0277448888889	-0,676938024691
10,1	0,5718496	-0,0606728888889	-0,568363703704
10,15	0,568008	-0,0868933333333	-0,394831111111
10,2	0,5627944	-0,103204888889	-0,150665925926
10,25	0,557032	-0,103814666667	0,133642962963
10,3	0,5518184	-0,0894848888889	0,40516345679
10,35	0,547428	-0,0602155555556	0,604018765432
10,4	0,5455072	-0,0236288888889	0,684052098765
10,45	0,5452328	0,0112808888889	0,681680740741
10,5	0,5466048	0,0460382222222	0,62298962963
10,55	0,5498976	0,0774417777778	0,47418691358
10,6	0,5548368	0,0975644444444	0,236627654321
10,65	0,5603248	0,102137777778	-0,0316745679012
10,7	0,5655384	0,0936008888889	-0,285325185185
10,75	0,5702032	0,0722586666667	-0,501288148148
10,8	0,5732216	0,0402453333333	-0,641367654321
10,85	0,5743192	0,00472577777778	-0,696925185185
10,9	0,5737704	-0,0323182222222	-0,672364691358
10,95	0,5710264	-0,0667706666667	-0,546513333333
11	0,566636	-0,0907044444444	-0,333599259259
11,05	0,5614224	-0,101680444444	-0,0774079012346
11,1	0,5559344	-0,098784	0,188184197531
11,15	0,5509952	-0,0821675555556	0,430740246914
11,2	0,5471536	-0,0527457777778	0,603934074074
11,25	0,5455072	-0,0175311111111	0,684644938272
11,3	0,5455072	0,017836	0,696417037037
11,35	0,5471536	0,0538128888889	0,643908395062
11,4	0,5507208	0,0903995555556	0,427352592593
11,45	0,5575808	0,0998511111111	0,13161037037
11,5	0,5608736	0,101070666667	-0,128053333333
11,55	0,5682824	0,0876555555556	-0,382974320988
11,6	0,5704776	0,0571666666667	-0,523223209877
11,65	0,573496	0,0327755555556	-0,600885185185
11,7	0,5743192	-0,00259155555556	-0,658729382716
11,75	0,5732216	-0,037044	-0,626800740741
11,8	0,5704776	-0,0686	-0,513483703704
11,85	0,5660872	-0,0923813333333	-0,306498024691
11,9	0,5605992	-0,101528	-0,0451404938272
11,95	0,5553856	-0,0966497777778	0,215962962963
12	0,5504464	-0,0791186666667	0,451235555556
12,05	0,5468792	-0,0483248888889	0,610709382716
12,1	0,5455072	-0,01372	0,670755555556
12,15	0,5455072	0,0214946666667	0,654918271605
12,2	0,5477024	0,0547275555556	0,561757777778
12,25	0,5512696	0,0807955555556	0,393814814815
12,3	0,5562088	0,0963448888889	0,170822469136
12,35	0,5614224	0,0989364444444	-0,0785935802469
12,4	0,566636	0,0882653333333	-0,322165925926
12,45	0,570752	0,0650937777778	-0,525086419753
12,5	0,573496	0,0330804444444	-0,659322222222
12,55	0,5743192	-0,00472577777778	-0,699042469136
12,6	0,5729472	-0,04116	-0,634677037037
12,65	0,5699288	-0,0711915555556	-0,490024197531
12,7	0,5655384	-0,0929911111111	-0,27524691358
12,75	0,5600504	-0,100918222222	-0,0110098765432
12,8	0,5548368	-0,0939057777778	0,250347654321
12,85	0,550172	-0,0743928888889	0,472662469136
12,9	0,5468792	-0,0431417777778	0,613080740741
12,95	0,5457816	-0,00884177777778	0,655002962963
13	0,546056	0,024696	0,628833333333
13,05	0,5482512	0,0568617777778	0,529998518519
13,1	0,5520928	0,0807955555556	0,359260740741
13,15	0,5567576	0,0943631111111	0,145838518519
13,2	0,5619712	0,0963448888889	-0,092567654321
13,25	0,5669104	0,0853688888889	-0,333175802469
13,3	0,5710264	0,06174	-0,538467654321
13,35	0,573496	0,0283546666667	-0,666436296296
13,4	0,5740448	-0,00945155555556	-0,68769382716
13,45	0,5723984	-0,0443613333333	-0,610285925926
13,5	0,56938	-0,0733257777778	-0,456062962963
13,55	0,5647152	-0,0928386666667	-0,234425679012
13,6	0,5595016	-0,0983266666667	0,0215962962963
13,65	0,554288	-0,0896373333333	0,260002469136
13,7	0,550172	-0,0705817777778	0,457841481481
13,75	0,5468792	-0,042532	0,611132839506
13,8	0,5455072	-0,00594533333333	0,67829308642
13,85	0,5463304	0,030184	0,634761728395
13,9	0,5488	0,0605204444444	0,511620493827
13,95	0,5526416	0,0835395555556	0,328094320988
14	0,5575808	0,0955826666667	0,0943461728395
14,05	0,5627944	0,0936008888889	-0,153037283951
14,1	0,5674592	0,0788137777778	-0,369931851852
14,15	0,5710264	0,0545751111111	-0,536519753086
14,2	0,5732216	0,0228666666667	-0,640690123457
14,25	0,573496	-0,0129577777778	-0,658305925926
14,3	0,5718496	-0,0469528888889	-0,578780740741
14,35	0,5685568	-0,0745453333333	-0,411684691358
14,4	0,563892	-0,0903995555556	-0,190386172839
14,45	0,5589528	-0,0931435555556	0,0332837037037
14,5	0,554288	-0,0865884444444	0,249500740741
14,55	0,5498976	-0,0693622222222	0,47206962963
14,6	0,5466048	-0,0368915555556	0,632136296296
14,65	0,546056	1,44560289665E-019	0,663133333333
14,7	0,5468792	0,0326231111111	0,607829876543
14,75	0,5493488	0,0628071111111	0,489261975309
14,8	0,5534648	0,0849115555556	0,295488148148
14,85	0,558404	0,0940582222222	0,0610624691358
14,9	0,5633432	0,0910093333333	-0,176750864198
14,95	0,568008	0,07546	-0,390850617284
15	0,5713008	0,0496968888889	-0,549985679012
15,05	0,5732216	0,0176835555556	-0,63840345679
15,1	0,5732216	-0,0176835555556	-0,639758518519
15,15	0,5713008	-0,0498493333333	-0,552272345679
15,2	0,568008	-0,0757648888889	-0,392120987654
15,25	0,5633432	-0,091924	-0,168451111111
15,3	0,5581296	-0,0928386666667	0,0678377777778
15,35	0,5537392	-0,0839968888889	0,284308888889
15,4	0,5493488	-0,0647888888889	0,492564938272
15,45	0,5466048	-0,0320133333333	0,63239037037
15,5	0,546056	0,00381111111111	0,655680493827
15,55	0,5471536	0,0368915555556	0,591823209877
15,6	0,5498976	0,0653986666667	0,460636296296
15,65	0,5540136	0,0855213333333	0,270673580247
15,7	0,5589528	0,0936008888889	0,0566585185185
15,75	0,563892	0,0900946666667	-0,143467160494
15,8	0,5682824	0,0775942222222	-0,324621975309
15,85	0,5715752	0,0611302222222	-0,553881481481
15,9	0,5754168	0,0243911111111	-0,780854320988
15,95	0,5751424	-0,0304888888889	-0,747824691358
16	0,5710264	-0,0628071111111	-0,48147037037
16,05	0,5674592	-0,0696671111111	-0,330380987654
16,1	0,565264	-0,0913142222222	-0,23882962963
16,15	0,5581296	-0,105796444444	0,0523392592593
16,2	0,552916	-0,087808	0,374589876543
16,25	0,5490744	-0,0602155555556	0,555998765432
16,3	0,5468792	-0,0285071111111	0,641198271605
16,35	0,546056	0,00594533333333	0,655341728395
16,4	0,547428	0,0405502222222	0,585640740741
16,45	0,5504464	0,0678377777778	0,436753333333
16,5	0,5545624	0,0861311111111	0,236797037037
16,55	0,5595016	0,0929911111111	0,00347234567901
16,6	0,5644408	0,0862835555556	-0,225702469136
16,65	0,5685568	0,0686	-0,415665185185
16,7	0,5715752	0,0431417777778	-0,560402716049
16,75	0,5732216	0,0100613333333	-0,638149382716
16,8	0,5726728	-0,0250008888889	-0,61612962963
16,85	0,5704776	-0,0550324444444	-0,50764
16,9	0,5669104	-0,078204	-0,333345185185
16,95	0,5622456	-0,090552	-0,10933654321
17	0,5573064	-0,0899422222222	0,129831851852
17,05	0,5526416	-0,07546	0,330719753086
17,1	0,5496232	-0,05488	0,48578962963
17,15	0,5468792	-0,0271351111111	0,621126419753
17,2	0,5463304	0,0112808888889	0,660507901235
17,25	0,5482512	0,045276	0,56421382716
17,3	0,5512696	0,0704293333333	0,394238271605
17,35	0,55566	0,0858262222222	0,187676049383
17,4	0,5603248	0,0894848888889	-0,0287950617284
17,45	0,5649896	0,0829297777778	-0,242217283951
17,5	0,5691056	0,0646364444444	-0,434720740741
17,55	0,5718496	0,0368915555556	-0,566331111111
17,6	0,5729472	0,00487822222222	-0,621549876543
17,65	0,5723984	-0,0285071111111	-0,594279259259
17,7	0,5699288	-0,0577764444444	-0,485450864198
17,75	0,5663616	-0,0800333333333	-0,305397037037
17,8	0,5614224	-0,0903995555556	-0,0769844444444
17,85	0,5567576	-0,0873506666667	0,150581234568
17,9	0,5523672	-0,0746977777778	0,361208641975
17,95	0,5488	-0,0504591111111	0,540246172839
18	0,5468792	-0,0167688888889	0,628748641975
18,05	0,5471536	0,0172262222222	0,608168641975
18,1	0,5488	0,0469528888889	0,511027654321
18,15	0,5520928	0,0702768888889	0,360531111111
18,2	0,5562088	0,0843017777778	0,173871358025
18,25	0,5608736	0,0887226666667	-0,0387039506173
18,3	0,5655384	0,0815577777778	-0,268725679012
18,35	0,5696544	0,060368	-0,463177037037
18,4	0,5718496	0,0317084444444	-0,578357283951
18,45	0,5729472	-0,000457333333333	-0,616299012346
18,5	0,5718496	-0,0332328888889	-0,570819753086
18,55	0,56938	-0,0605204444444	-0,449541728395
18,6	0,5655384	-0,0806431111111	-0,266100246914
18,65	0,5608736	-0,0894848888889	-0,0337071604938
18,7	0,5559344	-0,083692	0,192842222222
18,75	0,5520928	-0,0673804444444	0,365104444444
18,8	0,5490744	-0,0458857777778	0,499679012346
18,85	0,5471536	-0,0166164444444	0,598598518518
18,9	0,5471536	0,0176835555556	0,610794074074
18,95	0,5490744	0,0489346666667	0,521444691358
19	0,5523672	0,072716	0,358583209877
19,05	0,5567576	0,0862835555556	0,153291358025
19,1	0,5614224	0,0887226666667	-0,0700397530864
19,15	0,5660872	0,079576	-0,294810617284
19,2	0,5699288	0,057624	-0,479268395062
19,25	0,572124	0,0285071111111	-0,589282469136
19,3	0,5729472	-0,00472577777778	-0,614859259259
19,35	0,5715752	-0,0364342222222	-0,553288641975
19,4	0,5691056	-0,0628071111111	-0,422017037037
19,45	0,5649896	-0,0814053333333	-0,228412592593
19,5	0,5603248	-0,0858262222222	-0,0216809876543
19,55	0,5562088	-0,0830822222222	0,178444691358
19,6	0,551544	-0,0687524444444	0,383651851852
19,65	0,5488	-0,042532	0,536519753086
19,7	0,5471536	-0,0118906666667	0,612318518518
19,75	0,547428	0,0224093333333	0,596735308642
19,8	0,5496232	0,0516786666667	0,488584444444
19,85	0,552916	0,0733257777778	0,32411382716
19,9	0,5573064	0,0856737777778	0,118567901235
19,95	0,5619712	0,0859786666667	-0,104509135802
20	0,5663616	0,0748502222222	-0,316237530864
20,05	0,5699288	0,0524408888889	-0,481639753086
20,1	0,5718496	0,0236288888889	-0,573699259259
20,15	0,5723984	-0,00792711111111	-0,589790617284
20,2	0,5710264	-0,0385684444444	-0,526018024691
20,25	0,5682824	-0,063112	-0,396101481481
20,3	0,5644408	-0,0803382222222	-0,21181308642
20,35	0,559776	-0,0858262222222	0,00702938271605
20,4	0,5553856	-0,0797284444444	0,22553308642
20,45	0,5512696	-0,0612826666667	0,401606419753
20,5	0,5490744	-0,0368915555556	0,515262222222
20,55	0,547428	-0,00838444444444	0,582337777778
20,6	0,5479768	0,024696	0,568871851852
20,65	0,550172	0,0522884444444	0,468343209877
20,7	0,5534648	0,0734782222222	0,312341728395
20,75	0,5578552	0,0855213333333	0,107388641975
20,8	0,56252	0,0853688888889	-0,121447407407
20,85	0,5669104	0,072716	-0,335039012346
20,9	0,5702032	0,0496968888889	-0,497561728395
20,95	0,572124	0,0202751111111	-0,59123037037
21	0,5723984	-0,0128053333333	-0,600038271605
21,05	0,570752	-0,0435991111111	-0,516956049383
21,1	0,5677336	-0,0673804444444	-0,362224938272
21,15	0,5636176	-0,0812528888889	-0,167519506173
21,2	0,5592272	-0,085064	0,04802
21,25	0,5545624	-0,0760697777778	0,254328148148
21,3	0,5512696	-0,0577764444444	0,418375308642
21,35	0,5485256	-0,0326231111111	0,53635037037
21,4	0,5477024	-0,00106711111111	0,579881728395
21,45	0,5485256	0,028812	0,541685925926
21,5	0,5507208	0,0553373333333	0,441411358025
21,55	0,554288	0,07546	0,278465185185
21,6	0,5586784	0,0853688888889	0,0663980246914
21,65	0,5633432	0,0827773333333	-0,160659506173
21,7	0,5674592	0,0679902222222	-0,358752592593
21,75	0,5704776	0,0445137777778	-0,500525925926
21,8	0,572124	0,0153968888889	-0,57624
21,85	0,572124	-0,0160066666667	-0,577425679012
21,9	0,5704776	-0,0458857777778	-0,49561382716
21,95	0,5671848	-0,0681426666667	-0,348420246914
22	0,5633432	-0,0818626666667	-0,16548691358
22,05	0,5586784	-0,0865884444444	0,0564044444444
22,1	0,5540136	-0,0762222222222	0,275924444444
22,15	0,5507208	-0,0568617777778	0,448017283951
22,2	0,5479768	-0,0289644444444	0,559047654321
22,25	0,5477024	0,00228666666667	0,589705925926
22,3	0,5482512	0,0326231111111	0,54922345679
22,35	0,5509952	0,0608253333333	0,42404962963
22,4	0,5548368	0,0778991111111	0,233409382716
22,45	0,5592272	0,0843017777778	0,0292185185185
22,5	0,5636176	0,0807955555556	-0,176073333333
22,55	0,5677336	0,0666182222222	-0,370270617284
22,6	0,570752	0,0417697777778	-0,51492345679
22,65	0,572124	0,0114333333333	-0,57624
22,7	0,5718496	-0,0187506666667	-0,563282222222
22,75	0,5702032	-0,0472577777778	-0,485535555556
22,8	0,5669104	-0,0701244444444	-0,339442962963
22,85	0,5627944	-0,0833871111111	-0,140164197531
22,9	0,5581296	-0,0853688888889	0,0882483950617
22,95	0,5537392	-0,0745453333333	0,311579506173
23	0,550172	-0,0519835555556	0,480877530864
23,05	0,5482512	-0,0224093333333	0,559471111111
23,1	0,5479768	0,00731733333333	0,556168148148
23,15	0,5490744	0,0349097777778	0,500271851852
23,2	0,551544	0,0596057777778	0,386870123457
23,25	0,5553856	0,0759173333333	0,21909654321
23,3	0,5595016	0,0829297777778	0,017022962963
23,35	0,5641664	0,0780515555556	-0,195044197531
23,4	0,5677336	0,0623497777778	-0,380094814815
23,45	0,570752	0,0381111111111	-0,51492345679
23,5	0,5718496	0,00716488888889	-0,566415802469
23,55	0,5713008	-0,0214946666667	-0,544311358025
23,6	0,5696544	-0,0486297777778	-0,473424691358
23,65	0,5663616	-0,0721062222222	-0,325638271605
23,7	0,5619712	-0,0846066666667	-0,105271358025
23,75	0,5573064	-0,0832346666667	0,132626666667
23,8	0,5531904	-0,069972	0,339951111111
23,85	0,5498976	-0,0468004444444	0,486721234568
23,9	0,5482512	-0,0175311111111	0,547699012346
23,95	0,5482512	0,0106711111111	0,539907407407
24	0,5493488	0,0378062222222	0,485874320988
24,05	0,5520928	0,0620448888889	0,365358518519
24,1	0,5559344	0,0772893333333	0,181408888889
24,15	0,5603248	0,080948	-0,0247298765432
24,2	0,5644408	0,0739355555556	-0,216809876543
24,25	0,568008	0,0586911111111	-0,388648641975
24,3	0,570752	0,0335377777778	-0,516786666667
24,35	0,5715752	0,00335377777778	-0,561164938272
24,4	0,5710264	-0,0259155555556	-0,526272098765
24,45	0,5688312	-0,0516786666667	-0,428622962963
24,5	0,5655384	-0,069972	-0,289983209877
24,55	0,5616968	-0,0827773333333	-0,100105185185
24,6	0,5567576	-0,0830822222222	0,146092592593
24,65	0,5526416	-0,067228	0,368322716049
24,7	0,5496232	-0,0414648888889	0,493835308642
24,75	0,5485256	-0,0141773333333	0,533724938272
24,8	0,5482512	0,0126528888889	0,53550345679
24,85	0,5496232	0,0414648888889	0,480792839506
24,9	0,5526416	0,064484	0,344778518519
24,95	0,5564832	0,0780515555556	0,15693308642
25	0,5608736	0,0807955555556	-0,0502219753086
25,05	0,5649896	0,072716	-0,249331358025
25,1	0,5685568	0,0545751111111	-0,415749876543
25,15	0,570752	0,028812	-0,524917037037
25,2	0,5715752	-0,000609777777778	-0,564552592593
25,25	0,570752	-0,0309462222222	-0,522291604938
25,3	0,5682824	-0,0564044444444	-0,397202469136
25,35	0,5647152	-0,072716	-0,22079037037
25,4	0,5605992	-0,0788137777778	-0,0297266666667
25,45	0,5564832	-0,0756124444444	0,160913580247
25,5	0,5526416	-0,0623497777778	0,337749135802
25,55	0,5498976	-0,0405502222222	0,477489876543
25,6	0,5482512	-0,0114333333333	0,544057283951
25,65	0,5488	0,0175311111111	0,525848641975
25,7	0,550172	0,0429893333333	0,453014074074
25,75	0,5531904	0,0649413333333	0,324537283951
25,8	0,557032	0,0778991111111	0,141265185185
25,85	0,5614224	0,0801857777778	-0,0680918518519
25,9	0,5655384	0,0705817777778	-0,267624691358
25,95	0,5688312	0,0518311111111	-0,428368888889
26	0,5710264	0,0256106666667	-0,533132098765
26,05	0,5715752	-0,00472577777778	-0,559301728395
26,1	0,5704776	-0,0336902222222	-0,503066666667
26,15	0,568008	-0,057624	-0,379756049383
26,2	0,5644408	-0,074088	-0,201904197531
26,25	0,5600504	-0,0785088888889	-0,00482740740741
26,3	0,5562088	-0,0730208888889	0,168874567901
26,35	0,5526416	-0,0621973333333	0,343254074074
26,4	0,5493488	-0,0382635555556	0,493835308642
26,45	0,5485256	-0,00792711111111	0,544141975309
26,5	0,5488	0,019208	0,518903950617
26,55	0,5504464	0,045276	0,44547654321
26,6	0,5534648	0,0667706666667	0,303025679012
26,65	0,5575808	0,0778991111111	0,108743703704
26,7	0,5616968	0,0780515555556	-0,0989195061728
26,75	0,5658128	0,0673804444444	-0,291338271605
26,8	0,5688312	0,0471053333333	-0,43946345679
26,85	0,570752	0,0208848888889	-0,524832345679
26,9	0,5710264	-0,00807955555556	-0,540330864198
26,95	0,5699288	-0,0362817777778	-0,477998024691
27	0,5671848	-0,058996	-0,343762222222
27,05	0,5636176	-0,0724111111111	-0,166079753086
27,1	0,5595016	-0,0751551111111	0,0127037037037
27,15	0,5559344	-0,0714964444444	0,195382962963
27,2	0,5518184	-0,0559471111111	0,372726666667
27,25	0,5498976	-0,0307937777778	0,478082716049
27,3	0,5488	-0,00503066666667	0,512128641975
27,35	0,5493488	0,0217995555556	0,499340246914
27,4	0,5509952	0,0472577777778	0,425658765432
27,45	0,554288	0,0673804444444	0,28210691358
27,5	0,5581296	0,0777466666667	0,0854535802469
27,55	0,56252	0,076832	-0,13034
27,6	0,5663616	0,0632644444444	-0,315390617284
27,65	0,5691056	0,042532	-0,43988691358
27,7	0,570752	0,0175311111111	-0,515092839506
27,75	0,5710264	-0,010976	-0,53380962963
27,8	0,5696544	-0,0390257777778	-0,476388888889
27,85	0,5669104	-0,0618924444444	-0,342491851852
27,9	0,5630688	-0,0753075555556	-0,158457530864
27,95	0,5589528	-0,078204	0,0407365432099
28	0,5548368	-0,0707342222222	0,230783950617
28,05	0,551544	-0,0542702222222	0,396270864198
28,1	0,5490744	-0,0297266666667	0,519327407407
28,15	0,5482512	0,001372	0,556760987654
28,2	0,5493488	0,030184	0,498578024691
28,25	0,551544	0,0530506666667	0,386616049383
28,3	0,5548368	0,0702768888889	0,233832839506
28,35	0,5589528	0,0780515555556	0,0448864197531
28,4	0,5630688	0,0753075555556	-0,155747407407
28,45	0,5669104	0,0618924444444	-0,339612345679
28,5	0,5696544	0,0391782222222	-0,471138024691
28,55	0,5710264	0,0114333333333	-0,525679259259
28,6	0,570752	-0,0160066666667	-0,513144938272
28,65	0,56938	-0,0419222222222	-0,444460246914
28,7	0,5663616	-0,0628071111111	-0,316152839506
28,75	0,5627944	-0,0756124444444	-0,138724444444
28,8	0,558404	-0,0785088888889	0,0751212345679
28,85	0,554288	-0,0669231111111	0,26669308642
28,9	0,551544	-0,049392	0,404655308642
28,95	0,5490744	-0,0251533333333	0,501034074074
29	0,5488	0,00381111111111	0,523731358025
29,05	0,5496232	0,0298791111111	0,47977654321
29,1	0,5518184	0,0541177777778	0,375267407407
29,15	0,5553856	0,069972	0,211982469136
29,2	0,5592272	0,0760697777778	0,0262543209876
29,25	0,5633432	0,072716	-0,16336962963
29,3	0,5669104	0,0593008888889	-0,33783382716
29,35	0,5696544	0,0368915555556	-0,463515802469
29,4	0,570752	0,0102137777778	-0,522545679012
29,45	0,570752	-0,0181408888889	-0,511281728395
29,5	0,5688312	-0,043904	-0,42659037037
29,55	0,5660872	-0,0629595555556	-0,286764938272
29,6	0,5622456	-0,0743928888889	-0,10417037037
29,65	0,5581296	-0,0737831111111	0,0902809876543
29,7	0,5545624	-0,0646364444444	0,267624691358
29,75	0,5512696	-0,0460382222222	0,414987654321
29,8	0,5496232	-0,0199702222222	0,491294567901
29,85	0,5493488	0,00579288888889	0,501542222222
29,9	0,550172	0,0318608888889	0,460805679012
29,95	0,5526416	0,0545751111111	0,354602716049
30	0,5559344	0,0698195555556	0,19208
30,05	0,5600504	0,0750026666667	-0,000338765432099
30,1	0,563892	0,0690573333333	-0,182001728395
30,15	0,5671848	0,0560995555556	-0,343338765432
30,2	0,5699288	0,0335377777778	-0,469020740741
30,25	0,570752	0,00594533333333	-0,520259012346
30,3	0,5704776	-0,0213422222222	-0,500610617284
30,35	0,5685568	-0,046648	-0,414902962963
30,4	0,5655384	-0,0652462222222	-0,269149135802
30,45	0,5616968	-0,0753075555556	-0,0799486419753
30,5	0,5575808	-0,0743928888889	0,131864444444
30,55	0,5537392	-0,0614351111111	0,322758765432
30,6	0,5509952	-0,0385684444444	0,438701234568
30,65	0,5498976	-0,0141773333333	0,478082716049
30,7	0,5496232	0,00990888888889	0,484434567901
30,75	0,5507208	0,0361293333333	0,440564444444
30,8	0,5534648	0,0571666666667	0,326061728395
30,85	0,5567576	0,0705817777778	0,16464
30,9	0,5608736	0,0748502222222	-0,0264237037037
30,95	0,5647152	0,0678377777778	-0,214607901235
31	0,568008	0,0519835555556	-0,370355308642
31,05	0,5702032	0,028812	-0,476642962963
31,1	0,5710264	0,00198177777778	-0,521444691358
31,15	0,5704776	-0,0262204444444	-0,49264962963
31,2	0,5682824	-0,0509164444444	-0,380941728395
31,25	0,5649896	-0,0667706666667	-0,212067160494
31,3	0,561148	-0,0719537777778	-0,0359938271605
31,35	0,5575808	-0,0701244444444	0,136183703704
31,4	0,5537392	-0,0586911111111	0,306074567901
31,45	0,5512696	-0,0375013333333	0,429893333333
31,5	0,5498976	-0,0129577777778	0,490617037037
31,55	0,5498976	0,0135675555556	0,495444444444
31,6	0,5512696	0,0391782222222	0,434381975309
31,65	0,5540136	0,0597582222222	0,30827654321
31,7	0,5575808	0,0721062222222	0,133642962963
31,75	0,5616968	0,0734782222222	-0,0537790123457
31,8	0,565264	0,065856	-0,225363703704
31,85	0,5685568	0,0506115555556	-0,380772345679
31,9	0,570752	0,026068	-0,490447654321
31,95	0,5713008	-0,00198177777778	-0,51966617284
32	0,5704776	-0,028812	-0,476050123457
32,05	0,5682824	-0,0519835555556	-0,36916962963
32,1	0,5649896	-0,0678377777778	-0,209526419753
32,15	0,561148	-0,0745453333333	-0,0148209876543
32,2	0,557032	-0,0695146666667	0,181070123457
32,25	0,5537392	-0,0539653333333	0,326908641975
32,3	0,551544	-0,0344524444444	0,41888345679
32,35	0,550172	-0,0114333333333	0,480962222222
32,4	0,550172	0,0157017777778	0,488669135803
32,45	0,5518184	0,0410075555556	0,416935555556
32,5	0,5545624	0,0599106666667	0,283038518519
32,55	0,5581296	0,0705817777778	0,113401728395
32,6	0,5619712	0,0721062222222	-0,0743590123457
32,65	0,5658128	0,0626546666667	-0,249670123457
32,7	0,5685568	0,0451235555556	-0,381365185185
32,75	0,5704776	0,0228666666667	-0,469020740741
32,8	0,5710264	-0,00350622222222	-0,506030864198
32,85	0,5702032	-0,0309462222222	-0,466395308642
32,9	0,5677336	-0,0536604444444	-0,347658024691
32,95	0,5644408	-0,0675328888889	-0,181747654321
33	0,5605992	-0,0718013333333	-0,00643654320988
33,05	0,557032	-0,0687524444444	0,176835555556
33,1	0,5531904	-0,0539653333333	0,34816617284
33,15	0,5512696	-0,0306413333333	0,449880493827
33,2	0,550172	-0,00655511111111	0,490108888889
33,25	0,5504464	0,0204275555556	0,47291654321
33,3	0,5523672	0,0437515555556	0,386531358025
33,35	0,5551112	0,0606728888889	0,256530123457
33,4	0,5586784	0,0705817777778	0,0942614814815
33,45	0,56252	0,0714964444444	-0,0941767901235
33,5	0,5663616	0,0605204444444	-0,26838691358
33,55	0,5688312	0,0423795555556	-0,393984197531
33,6	0,570752	0,0196653333333	-0,476812345679
33,65	0,5710264	-0,00762222222222	-0,498747407407
33,7	0,5699288	-0,0335377777778	-0,443189876543
33,75	0,5674592	-0,0545751111111	-0,32157308642
33,8	0,5641664	-0,0675328888889	-0,154731111111
33,85	0,5603248	-0,0711915555556	0,0349775308642
33,9	0,5564832	-0,0625022222222	0,198685925926
33,95	0,5540136	-0,0496968888889	0,32758617284
34	0,5512696	-0,0304888888889	0,452082469136
34,05	0,5504464	-0,00152444444444	0,506284938272
34,1	0,5512696	0,0250008888889	0,458010864198
34,15	0,5531904	0,0464955555556	0,351215061728
34,2	0,5562088	0,0608253333333	0,216640493827
34,25	0,5595016	0,0686	0,0673296296296
34,3	0,5633432	0,0689048888889	-0,105864197531
34,35	0,5669104	0,0577764444444	-0,271943950617
34,4	0,56938	0,0396355555556	-0,394068888889
34,45	0,5710264	0,0169213333333	-0,473848148148
34,5	0,5713008	-0,0102137777778	-0,490278271605
34,55	0,5699288	-0,035672	-0,425404691358
34,6	0,5674592	-0,0550324444444	-0,301670617284
34,65	0,5641664	-0,0673804444444	-0,13677654321
34,7	0,5603248	-0,0698195555556	0,0522545679012
34,75	0,5567576	-0,0618924444444	0,232477777778
34,8	0,5537392	-0,0446662222222	0,369339012346
34,85	0,5520928	-0,0221044444444	0,441750123457
34,9	0,551544	0,00121955555556	0,464447407407
34,95	0,5520928	0,0262204444444	0,435398271605
35	0,554288	0,04802	0,335377777778
35,05	0,5573064	0,0611302222222	0,197500246914
35,1	0,5605992	0,0681426666667	0,0426844444444
35,15	0,5644408	0,0666182222222	-0,133812345679
35,2	0,5677336	0,0544226666667	-0,298367654321
35,25	0,5702032	0,0344524444444	-0,412362222222
35,3	0,5713008	0,0106711111111	-0,465463703704
35,35	0,5713008	-0,0140248888889	-0,463515802469
35,4	0,5699288	-0,038416	-0,395169876543
35,45	0,5671848	-0,0564044444444	-0,263728888889
35,5	0,563892	-0,0655511111111	-0,108404938272
35,55	0,5603248	-0,0667706666667	0,0470883950617
35,6	0,557032	-0,0615875555556	0,214523209877
35,65	0,5537392	-0,0463431111111	0,387378271605
35,7	0,5518184	-0,0195128888889	0,486043703704
35,75	0,5518184	0,00777466666667	0,470629876543
35,8	0,552916	0,0294217777778	0,400251358025
35,85	0,5548368	0,04802	0,307768395062
35,9	0,5578552	0,0620448888889	0,174210123457
35,95	0,5614224	0,067228	0,00414987654321
36	0,5649896	0,0625022222222	-0,168197037037
36,05	0,568008	0,0492395555556	-0,312849876543
36,1	0,5702032	0,0291168888889	-0,407534814815
36,15	0,5710264	0,00594533333333	-0,441750123457
36,2	0,570752	-0,0167688888889	-0,42616691358
36,25	0,56938	-0,0388733333333	-0,354602716049
36,3	0,566636	-0,0553373333333	-0,218080246914
36,35	0,5633432	-0,0611302222222	-0,0653817283951
36,4	0,5603248	-0,0608253333333	0,0724111111111
36,45	0,557032	-0,0541177777778	0,210034567901
36,5	0,5545624	-0,0393306666667	0,331481975309
36,55	0,552916	-0,0196653333333	0,418714074074
36,6	0,5523672	0,00487822222222	0,449033580247
36,65	0,5534648	0,0283546666667	0,406095061728
36,7	0,5553856	0,0475626666667	0,307683703704
36,75	0,558404	0,0612826666667	0,158796296296
36,8	0,5619712	0,0646364444444	-0,0159219753086
36,85	0,565264	0,0585386666667	-0,171584691358
36,9	0,568008	0,0464955555556	-0,303279753086
36,95	0,5702032	0,0275924444444	-0,410583703704
37	0,5710264	0,00304888888889	-0,460382222222
37,05	0,5704776	-0,0213422222222	-0,440056296296
37,1	0,5688312	-0,0437515555556	-0,350198765432
37,15	0,5658128	-0,058996	-0,200040987654
37,2	0,56252	-0,0646364444444	-0,0286256790124
37,25	0,5589528	-0,0608253333333	0,124580987654
37,3	0,5562088	-0,0506115555556	0,244503950617
37,35	0,5537392	-0,0358244444444	0,34427037037
37,4	0,5523672	-0,0152444444444	0,414225432099
37,45	0,5520928	0,00792711111111	0,429300493827
37,5	0,5531904	0,0304888888889	0,379671358025
37,55	0,5553856	0,0477151111111	0,281090617284
37,6	0,5581296	0,0599106666667	0,146685432099
37,65	0,5616968	0,0640266666667	-0,0221891358025
37,7	0,5649896	0,057624	-0,190216790123
37,75	0,5677336	0,0437515555556	-0,328941234568
37,8	0,5696544	0,0230191111111	-0,422779259259
37,85	0,5702032	-0,00152444444444	-0,447085679012
37,9	0,56938	-0,0240862222222	-0,410244938272
37,95	0,5677336	-0,0443613333333	-0,324113827161
38	0,5647152	-0,0588435555556	-0,18479654321
38,05	0,5614224	-0,0635693333333	-0,0245604938272
38,1	0,5581296	-0,0614351111111	0,138131604938
38,15	0,5548368	-0,0492395555556	0,283546666667
38,2	0,552916	-0,0303364444444	0,37086345679
38,25	0,5518184	-0,0102137777778	0,410414320988
38,3	0,5518184	0,0115857777778	0,416427407407
38,35	0,552916	0,0336902222222	0,367814567901
38,4	0,5553856	0,0512213333333	0,256953580247
38,45	0,558404	0,0605204444444	0,114841481481
38,5	0,5616968	0,0628071111111	-0,0354009876543
38,55	0,5649896	0,0571666666667	-0,187845432099
38,6	0,5677336	0,0435991111111	-0,324960740741
38,65	0,5696544	0,0230191111111	-0,420577283951
38,7	0,5702032	-0,00152444444444	-0,446408148148
38,75	0,56938	-0,0240862222222	-0,408974567901
38,8	0,5677336	-0,0443613333333	-0,318439506173
38,85	0,5647152	-0,0585386666667	-0,170399012346
38,9	0,5614224	-0,0623497777778	-0,00127037037037
38,95	0,5581296	-0,057624	0,149056790123
39	0,5553856	-0,0457333333333	0,263305432099
39,05	0,5534648	-0,0304888888889	0,352654814815
39,1	0,5520928	-0,00975644444445	0,415495802469
39,15	0,5523672	0,0134151111111	0,421000740741
39,2	0,5534648	0,0355195555556	0,355619012346
39,25	0,5562088	0,0513737777778	0,233832839506
39,3	0,5589528	0,058996	0,099342962963
39,35	0,5622456	0,06174	-0,0469190123457
39,4	0,5655384	0,05488	-0,201819506173
39,45	0,568008	0,0408551111111	-0,33698691358
39,5	0,5699288	0,0196653333333	-0,430147407407
39,55	0,5702032	-0,00594533333333	-0,440056296296
39,6	0,5691056	-0,0275924444444	-0,376961234568
39,65	0,5671848	-0,043904	-0,28939037037
39,7	0,5647152	-0,057624	-0,16980617284
39,75	0,561148	-0,0641791111111	0,00863851851852
39,8	0,5575808	-0,056252	0,179122222222
39,85	0,5553856	-0,0431417777778	0,290745432099
39,9	0,5531904	-0,0266777777778	0,377384691358
39,95	0,5523672	-0,00365866666667	0,417104938272
40	0,552916	0,0179884444444	0,39186691358
40,05	0,554288	0,037044	0,324029135803
40,1	0,5567576	0,0519835555556	0,214946666667
40,15	0,559776	0,0599106666667	0,0738508641975
40,2	0,5630688	0,0599106666667	-0,0814730864198
40,25	0,5660872	0,0516786666667	-0,233155308642
40,3	0,5685568	0,035672	-0,358667901235
40,35	0,5699288	0,0134151111111	-0,427521975309
40,4	0,5699288	-0,0100613333333	-0,425997530864
40,45	0,5688312	-0,0314035555556	-0,367475802469
40,5	0,566636	-0,0487822222222	-0,259917777778
40,55	0,5636176	-0,0583862222222	-0,123734074074
40,6	0,5605992	-0,0618924444444	0,0298113580247
40,65	0,557032	-0,0560995555556	0,19335037037
40,7	0,5545624	-0,0407026666667	0,319201728395
40,75	0,552916	-0,0225617777778	0,406518518519
40,8	0,5520928	0,00106711111111	0,450388641975
40,85	0,552916	0,0254582222222	0,416342716049
40,9	0,5545624	0,0492395555556	0,259324938272
40,95	0,5589528	0,0525933333333	0,075375308642
41	0,5600504	0,0496968888889	0,0075375308642
41,05	0,5633432	0,0541177777778	-0,0681765432099
41,1	0,5660872	0,046648	-0,202242962963
41,15	0,5682824	0,0330804444444	-0,324113827161
41,2	0,5696544	0,0125004444444	-0,406518518519
41,25	0,5696544	-0,0105186666667	-0,418205925926
41,3	0,5685568	-0,0324706666667	-0,358583209877
41,35	0,5660872	-0,0478675555556	-0,255852592593
41,4	0,5636176	-0,0585386666667	-0,130085925926
41,45	0,5600504	-0,063112	0,0392120987654
41,5	0,5567576	-0,0556422222222	0,221129135802
41,55	0,5540136	-0,0379586666667	0,34172962963
41,6	0,552916	-0,0176835555556	0,383482469136
41,65	0,5523672	0,00121955555556	0,393306666667
41,7	0,552916	0,021952	0,381619259259
41,75	0,5545624	0,0417697777778	0,314797777778
41,8	0,5573064	0,0564044444444	0,183187407407
41,85	0,5605992	0,06174	0,01372
41,9	0,563892	0,0573191111111	-0,148887407407
41,95	0,566636	0,0451235555556	-0,274992839506
42	0,5685568	0,0283546666667	-0,362648395062
42,05	0,5696544	0,00746977777778	-0,411091851852
42,1	0,56938	-0,015092	-0,403554320988
42,15	0,568008	-0,0349097777778	-0,342407160494
42,2	0,5658128	-0,0515262222222	-0,228412592593
42,25	0,56252	-0,0602155555556	-0,0654664197531
42,3	0,5592272	-0,0570142222222	0,08232
42,35	0,5567576	-0,0501542222222	0,196060493827
42,4	0,5540136	-0,0378062222222	0,306582716049
42,45	0,5526416	-0,0184457777778	0,387293580247
42,5	0,5520928	0,00320133333333	0,414733580247
42,55	0,552916	0,0256106666667	0,379840740741
42,6	0,5548368	0,0437515555556	0,284562962963
42,65	0,5575808	0,0551848888889	0,157441234568
42,7	0,5605992	0,0600631111111	0,0122802469136
42,75	0,563892	0,0570142222222	-0,14448345679
42,8	0,566636	0,0455808888889	-0,292862716049
42,85	0,5688312	0,0257631111111	-0,39229037037
42,9	0,56938	0,00228666666667	-0,405417530864
42,95	0,5688312	-0,0173786666667	-0,358498518519
43	0,5674592	-0,0332328888889	-0,302178765432
43,05	0,5655384	-0,04802	-0,227142222222
43,1	0,56252	-0,0586911111111	-0,0965481481482
43,15	0,5592272	-0,0594533333333	0,0710560493827
43,2	0,5562088	-0,0512213333333	0,231461481482
43,25	0,5537392	-0,0343	0,346133580247
43,3	0,5526416	-0,01372	0,394577037037
43,35	0,5523672	0,00731733333333	0,389664938272
43,4	0,5534648	0,0265253333333	0,346895802469
43,45	0,5551112	0,0429893333333	0,272875555556
43,5	0,5578552	0,0560995555556	0,148379259259
43,55	0,561148	0,0596057777778	-0,0141434567901
43,6	0,5641664	0,0544226666667	-0,173193827161
43,65	0,5669104	0,04116	-0,304211358025
43,7	0,5685568	0,0216471111111	-0,380772345679
43,75	0,5691056	0,000609777777778	-0,39915037037
43,8	0,5685568	-0,0195128888889	-0,377215308642
43,85	0,5671848	-0,0390257777778	-0,305142962963
43,9	0,5644408	-0,0530506666667	-0,169890864198
43,95	0,5614224	-0,0570142222222	-0,0121108641975
44	0,558404	-0,0528982222222	0,12220962963
44,05	0,5559344	-0,0431417777778	0,222568888889
44,1	0,5540136	-0,0303364444444	0,30742962963
44,15	0,5526416	-0,0120431111111	0,374335802469
44,2	0,5526416	0,009604	0,386192592593
44,25	0,5537392	0,0289644444444	0,341560246914
44,3	0,55566	0,0451235555556	0,255937283951
44,35	0,558404	0,0565568888889	0,123818765432
44,4	0,5616968	0,058996	-0,037857037037
44,45	0,5647152	0,052136	-0,188099506173
44,5	0,5671848	0,0381111111111	-0,296927901235
44,55	0,5685568	0,0216471111111	-0,377554074074
44,6	0,5696544	-0,000762222222222	-0,420746666667
44,65	0,5685568	-0,0242386666667	-0,382550864198
44,7	0,5669104	-0,0416173333333	-0,282953827161
44,75	0,5641664	-0,0530506666667	-0,159389135802
44,8	0,5614224	-0,0586911111111	-0,0119414814815
44,85	0,5578552	-0,0545751111111	0,139232592593
44,9	0,55566	-0,0429893333333	0,25509037037
44,95	0,5534648	-0,0278973333333	0,340120493827
45	0,5526416	-0,00777466666667	0,389072098765
45,05	0,5526416	0,0132626666667	0,383905925926
45,1	0,5540136	0,0330804444444	0,321657777778
45,15	0,5562088	0,0471053333333	0,217148641975
45,2	0,5589528	0,0553373333333	0,0930758024691
45,25	0,5619712	0,0571666666667	-0,0481893827161
45,3	0,5649896	0,0510688888889	-0,195213580247
45,35	0,5674592	0,0362817777778	-0,30742962963
45,4	0,5688312	0,0172262222222	-0,358159753086
45,45	0,5691056	-0,00198177777778	-0,359684197531
45,5	0,5682824	-0,0160066666667	-0,387378271605
45,55	0,5682824	-0,0419222222222	-0,373488888889
45,6	0,563892	-0,0626546666667	-0,188099506173
45,65	0,5608736	-0,0618924444444	0,0295572839506
45,7	0,5575808	-0,0554897777778	0,178868148148
45,75	0,5551112	-0,0423795555556	0,283970123457
45,8	0,5531904	-0,0259155555556	0,351892592593
45,85	0,5523672	-0,00579288888889	0,384244691358
45,9	0,5526416	0,0140248888889	0,375521481482
45,95	0,5537392	0,0336902222222	0,318439506173
46	0,5562088	0,0484773333333	0,20410617284
46,05	0,5589528	0,0550324444444	0,0655511111111
46,1	0,5619712	0,0547275555556	-0,0697009876543
46,15	0,5647152	0,0474102222222	-0,191063703704
46,2	0,5669104	0,0346048888889	-0,288797530864
46,25	0,5682824	0,0184457777778	-0,373658271605
46,3	0,5691056	-0,00457333333333	-0,412616296296
46,35	0,5677336	-0,0262204444444	-0,373319506173
46,4	0,5663616	-0,0443613333333	-0,272621481482
46,45	0,5630688	-0,0564044444444	-0,111369135802
46,5	0,5600504	-0,0547275555556	0,040990617284
46,55	0,5575808	-0,0501542222222	0,154477037037
46,6	0,5548368	-0,0399404444444	0,268302222222
46,65	0,5531904	-0,021952	0,347827407407
46,7	0,5526416	-0,002744	0,374928641975
46,75	0,552916	0,0167688888889	0,363495308642
46,8	0,554288	0,0358244444444	0,297774814815
46,85	0,5567576	0,0489346666667	0,17963037037
46,9	0,5595016	0,0545751111111	0,0400590123457
46,95	0,56252	0,0525933333333	-0,096124691358
47	0,5649896	0,0443613333333	-0,217741481482
47,05	0,5671848	0,0303364444444	-0,321488395062
47,1	0,5682824	0,0105186666667	-0,382042716049
47,15	0,5682824	-0,0105186666667	-0,379756049383
47,2	0,5671848	-0,030184	-0,314204938272
47,25	0,5649896	-0,0437515555556	-0,205630617284
47,3	0,56252	-0,0506115555556	-0,0918901234568
47,35	0,559776	-0,0527457777778	0,0220197530864
47,4	0,557032	-0,0490871111111	0,146516049383
47,45	0,5545624	-0,0382635555556	0,269403209877
47,5	0,552916	-0,0207324444444	0,358837283951
47,55	0,5523672	0	0,39229037037
47,6	0,552916	0,0208848888889	0,365697283951
47,65	0,5545624	0,0388733333333	0,282022222222
47,7	0,557032	0,0510688888889	0,153630123457
47,75	0,5600504	0,0547275555556	0,0114333333333
47,8	0,5627944	0,0510688888889	-0,112216049383
47,85	0,565264	0,0432942222222	-0,226549382716
47,9	0,5674592	0,0282022222222	-0,328094320988
47,95	0,5682824	0,00838444444444	-0,381788641975
48	0,5682824	-0,0118906666667	-0,383821234568
48,05	0,5671848	-0,0327755555556	-0,319625185185
48,1	0,5647152	-0,0471053333333	-0,189285185185
48,15	0,5619712	-0,0512213333333	-0,0596227160494
48,2	0,5595016	-0,0513737777778	0,0448864197531
48,25	0,5567576	-0,0478675555556	0,16379308642
48,3	0,554288	-0,0355195555556	0,283631358025
48,35	0,552916	-0,0169213333333	0,352061975309
48,4	0,5526416	0,00213422222222	0,366036049383
48,45	0,5531904	0,0202751111111	0,351045679012
48,5	0,5545624	0,0390257777778	0,289898518519
48,55	0,5573064	0,0525933333333	0,162099259259
48,6	0,5603248	0,0557946666667	0,0152444444444
48,65	0,5630688	0,0530506666667	-0,117128148148
48,7	0,5658128	0,0446662222222	-0,251533333333
48,75	0,568008	0,0266777777778	-0,353162962963
48,8	0,5685568	0,00609777777778	-0,384668148148
48,85	0,5685568	-0,01372	-0,364172839506
48,9	0,5671848	-0,0324706666667	-0,291338271605
48,95	0,5649896	-0,0443613333333	-0,183018024691
49	0,56252	-0,0506115555556	-0,0693622222222
49,05	0,559776	-0,0518311111111	0,0562350617284
49,1	0,557032	-0,0457333333333	0,190724938272
49,15	0,5548368	-0,031556	0,297436049383
49,2	0,5537392	-0,0135675555556	0,35113037037
49,25	0,5534648	0,00533555555556	0,359260740741
49,3	0,554288	0,0237813333333	0,327247407407
49,35	0,5559344	0,0396355555556	0,25424345679
49,4	0,558404	0,0512213333333	0,136099012346
49,45	0,5614224	0,0544226666667	-0,00838444444445
49,5	0,5641664	0,0498493333333	-0,144822222222
49,55	0,566636	0,0390257777778	-0,25983308642
49,6	0,5682824	0,0228666666667	-0,345710123457
49,65	0,5691056	0,00259155555556	-0,384329382716
49,7	0,5685568	-0,0181408888889	-0,360531111111
49,75	0,5671848	-0,0359768888889	-0,277025432099
49,8	0,5647152	-0,0478675555556	-0,149480246914
49,85	0,5619712	-0,0506115555556	-0,0229513580247
49,9	0,5595016	-0,0486297777778	0,0781701234568
49,95	0,557032	-0,0432942222222	0,183610864198
50	0,5548368	-0,0306413333333	0,28812
50,05	0,5537392	-0,0128053333333	0,354263950617
50,1	0,5534648	0,00731733333333	0,363495308642
50,15	0,5545624	0,0257631111111	0,318185432099
50,2	0,5562088	0,0402453333333	0,237813333333
50,25	0,5586784	0,0512213333333	0,117720987654
50,3	0,5616968	0,0536604444444	-0,0344693827161
50,35	0,5644408	0,0471053333333	-0,173786666667
50,4	0,566636	0,0344524444444	-0,274484691358
50,45	0,568008	0,0181408888889	-0,33529308642
50,5	0,5685568	-0,000457333333333	-0,357736296296
50,55	0,568008	-0,0198177777778	-0,329872839506
50,6	0,5663616	-0,0349097777778	-0,263136049383
50,65	0,5644408	-0,0471053333333	-0,168366419753
50,7	0,5614224	-0,053508	-0,0369254320988
50,75	0,5586784	-0,050764	0,0972256790124
50,8	0,5562088	-0,0432942222222	0,220112839506
50,85	0,5540136	-0,0282022222222	0,323520987654
50,9	0,5531904	-0,00853688888889	0,371964444444
50,95	0,5531904	0,0111284444444	0,366967654321
51	0,554288	0,0303364444444	0,308869382716
51,05	0,5564832	0,043904	0,206731604938
51,1	0,5589528	0,0510688888889	0,0937533333333
51,15	0,5616968	0,0539653333333	-0,0348081481482
51,2	0,5647152	0,0484773333333	-0,175734567901
51,25	0,5669104	0,0349097777778	-0,286764938272
51,3	0,5682824	0,0179884444444	-0,35502617284
51,35	0,5688312	-0,00167688888889	-0,386192592593
51,4	0,5682824	-0,0237813333333	-0,34858962963
51,45	0,5660872	-0,0390257777778	-0,25466691358
51,5	0,5641664	-0,0489346666667	-0,152613827161
51,55	0,561148	-0,0556422222222	-0,0216809876543
51,6	0,5581296	-0,052136	0,126359506173
51,65	0,55566	-0,0417697777778	0,249246666667
51,7	0,5537392	-0,0257631111111	0,336309382716
51,75	0,552916	-0,00594533333333	0,370270617284
51,8	0,5531904	0,0132626666667	0,354687407407
51,85	0,554288	0,0310986666667	0,297774814815
51,9	0,5564832	0,0445137777778	0,203343950617
51,95	0,5589528	0,0524408888889	0,08232
52	0,5619712	0,0538128888889	-0,0605543209877
52,05	0,5647152	0,0463431111111	-0,198347160494
52,1	0,5669104	0,0320133333333	-0,295149382716
52,15	0,568008	0,0144822222222	-0,340967407407
52,2	0,5682824	-0,00243911111111	-0,36485037037
52,25	0,568008	-0,023324	-0,349944691358
52,3	0,5658128	-0,0408551111111	-0,26195037037
52,35	0,5636176	-0,0515262222222	-0,127629876543
52,4	0,5603248	-0,0541177777778	0,0218503703704
52,45	0,5578552	-0,0481724444444	0,148633333333
52,5	0,5553856	-0,0382635555556	0,249924197531
52,55	0,5537392	-0,021952	0,320048641975
52,6	0,5531904	-0,00472577777778	0,351977283951
52,65	0,5531904	0,0141773333333	0,352739506173
52,7	0,5545624	0,0330804444444	0,294895308642
52,75	0,5567576	0,0461906666667	0,182425185185
52,8	0,5595016	0,0519835555556	0,0503913580247
52,85	0,5622456	0,0506115555556	-0,0750365432099
52,9	0,5647152	0,0442088888889	-0,192588148148
52,95	0,5669104	0,0317084444444	-0,305481728395
53	0,5682824	0,0114333333333	-0,367814567901
53,05	0,568008	-0,00868933333333	-0,35544962963
53,1	0,5671848	-0,0250008888889	-0,309631604938
53,15	0,5655384	-0,0402453333333	-0,237051111111
53,2	0,5630688	-0,0518311111111	-0,105017283951
53,25	0,559776	-0,0518311111111	0,0482740740741
53,3	0,5575808	-0,0443613333333	0,157441234568
53,35	0,5553856	-0,0353671111111	0,246197777778
53,4	0,5537392	-0,0199702222222	0,325807654321
53,45	0,5531904	-0,000609777777778	0,357058765432
53,5	0,5537392	0,0181408888889	0,333175802469
53,55	0,5551112	0,0343	0,264999259259
53,6	0,5573064	0,0463431111111	0,156001481482
53,65	0,5600504	0,0512213333333	0,0191402469136
53,7	0,5627944	0,0477151111111	-0,109505925926
53,75	0,5649896	0,0391782222222	-0,214777283951
53,8	0,5669104	0,0256106666667	-0,299468641975
53,85	0,5677336	0,00777466666667	-0,345371358025
53,9	0,5677336	-0,010976	-0,341052098765
53,95	0,566636	-0,0291168888889	-0,276940740741
54	0,5644408	-0,039788	-0,183102716049
54,05	0,56252	-0,0464955555556	-0,0957012345679
54,1	0,559776	-0,050764	0,0195637037037
54,15	0,557032	-0,0460382222222	0,158965679012
54,2	0,5548368	-0,0336902222222	0,273468395062
54,25	0,5534648	-0,0163115555556	0,336817530864
54,3	0,5531904	0,00213422222222	0,348420246914
54,35	0,5537392	0,0195128888889	0,326739259259
54,4	0,5551112	0,0364342222222	0,262458518519
54,45	0,5575808	0,0483248888889	0,144229382716
54,5	0,5603248	0,0518311111111	0,00287950617284
54,55	0,5630688	0,0477151111111	-0,123988148148
54,6	0,565264	0,0385684444444	-0,228243209877
54,65	0,5671848	0,0237813333333	-0,303787901235
54,7	0,5677336	0,00625022222222	-0,33529308642
54,75	0,5677336	-0,0103662222222	-0,340798024691
54,8	0,5669104	-0,0298791111111	-0,297605432099
54,85	0,5644408	-0,0431417777778	-0,192418765432
54,9	0,5622456	-0,0489346666667	-0,0791864197531
54,95	0,5595016	-0,0513737777778	0,044547654321
55	0,5567576	-0,0455808888889	0,182086419753
55,05	0,5545624	-0,0317084444444	0,287442469136
55,1	0,5534648	-0,0141773333333	0,337156296296
55,15	0,5531904	0,00335377777778	0,347996790123
55,2	0,5537392	0,0216471111111	0,324621975309
55,25	0,5553856	0,0382635555556	0,246705925926
55,3	0,5578552	0,0484773333333	0,122548395062
55,35	0,5605992	0,0504591111111	-0,00762222222223
55,4	0,5630688	0,0471053333333	-0,127037037037
55,45	0,5655384	0,0378062222222	-0,238660246914
55,5	0,5671848	0,0216471111111	-0,313612098765
55,55	0,5677336	0,00396355555556	-0,337579753086
55,6	0,5674592	-0,0125004444444	-0,338596049383
55,65	0,566636	-0,0306413333333	-0,308022469136
55,7	0,5644408	-0,0478675555556	-0,189369876543
55,75	0,561148	-0,0516786666667	-0,0270165432099
55,8	0,5589528	-0,0475626666667	0,089264691358
55,85	0,5564832	-0,0423795555556	0,191995308642
55,9	0,554288	-0,0286595555556	0,28812
55,95	0,5534648	-0,0112808888889	0,335885925926
56	0,5531904	0,00640266666667	0,344439753086
56,05	0,5540136	0,0251533333333	0,302940987654
56,1	0,5559344	0,0388733333333	0,212067160494
56,15	0,5581296	0,0471053333333	0,0990041975309
56,2	0,5608736	0,0492395555556	-0,0262543209877
56,25	0,5633432	0,0443613333333	-0,147447654321
56,3	0,5655384	0,0336902222222	-0,248315061728
56,35	0,5669104	0,0181408888889	-0,313442716049
56,4	0,5674592	0,000304888888889	-0,330465679012
56,45	0,5669104	-0,0170737777778	-0,298282962963
56,5	0,5655384	-0,030184	-0,242217283951
56,55	0,563892	-0,0419222222222	-0,16548691358
56,6	0,561148	-0,0486297777778	-0,0497985185185
56,65	0,5586784	-0,0474102222222	0,0785088888889
56,7	0,5562088	-0,0405502222222	0,200633827161
56,75	0,554288	-0,0262204444444	0,294387160494
56,8	0,5534648	-0,00868933333333	0,334615555556
56,85	0,5534648	0,00868933333333	0,334276790123
56,9	0,554288	0,0262204444444	0,292608641975
56,95	0,5562088	0,0403977777778	0,198262469136
57	0,5586784	0,0471053333333	0,0771538271605
57,05	0,561148	0,0477151111111	-0,0421762962963
57,1	0,5636176	0,0431417777778	-0,162099259259
57,15	0,5658128	0,0309462222222	-0,263051358025
57,2	0,5669104	0,0143297777778	-0,311748888889
57,25	0,5671848	-0,00213422222222	-0,316068148148
57,3	0,566636	-0,0175311111111	-0,30056962963
57,35	0,5655384	-0,0336902222222	-0,24696
57,4	0,5630688	-0,0451235555556	-0,13592962963
57,45	0,5605992	-0,0477151111111	-0,010162962963
57,5	0,5581296	-0,0451235555556	0,101036790123
57,55	0,5559344	-0,0378062222222	0,209187654321
57,6	0,5540136	-0,0234764444444	0,295572839506
57,65	0,5534648	-0,00594533333333	0,331905432099
57,7	0,5534648	0,0112808888889	0,326146419753
57,75	0,5545624	0,0283546666667	0,276263209877
57,8	0,5564832	0,0410075555556	0,17963037037
57,85	0,5589528	0,0471053333333	0,061655308642
57,9	0,5614224	0,0471053333333	-0,0580135802469
57,95	0,563892	0,04116	-0,170907160494
58	0,5658128	0,0289644444444	-0,257800493827
58,05	0,5669104	0,0135675555556	-0,304126666667
58,1	0,5671848	-0,002744	-0,31683037037
58,15	0,566636	-0,0190555555556	-0,299976790123
58,2	0,565264	-0,0343	-0,243233580247
58,25	0,5630688	-0,0457333333333	-0,136099012346
58,3	0,5603248	-0,0490871111111	-0,00262543209877
58,35	0,5578552	-0,0451235555556	0,117551604938
58,4	0,55566	-0,0364342222222	0,217318024691
58,45	0,5540136	-0,0228666666667	0,298198271605
58,5	0,5531904	-0,00518311111111	0,342407160494
58,55	0,5534648	0,0134151111111	0,336055308642
58,6	0,5545624	0,0307937777778	0,272875555556
58,65	0,5567576	0,0429893333333	0,159219753086
58,7	0,5592272	0,0471053333333	0,0331990123457
58,75	0,5616968	0,045276	-0,0761375308642
58,8	0,563892	0,0390257777778	-0,17192345679
58,85	0,5658128	0,0278973333333	-0,256614814815
58,9	0,5669104	0,0117382222222	-0,305989876543
58,95	0,5669104	-0,00396355555556	-0,32114962963
59	0,566636	-0,0214946666667	-0,301670617284
59,05	0,5647152	-0,0371964444444	-0,217318024691
59,1	0,56252	-0,0446662222222	-0,099342962963
59,15	0,5600504	-0,0468004444444	0,0180392592593
59,2	0,5575808	-0,0423795555556	0,125681975309
59,25	0,55566	-0,0336902222222	0,218334320988
59,3	0,5540136	-0,0201226666667	0,29498
59,35	0,5534648	-0,00259155555556	0,331990123457
59,4	0,5537392	0,0153968888889	0,31513654321
59,45	0,5551112	0,0309462222222	0,248907901235
59,5	0,557032	0,0416173333333	0,148887407407
59,55	0,5595016	0,0464955555556	0,0330296296296
59,6	0,5619712	0,0446662222222	-0,0791864197531
59,65	0,5641664	0,0376537777778	-0,174887654321
59,7	0,5658128	0,0272875555556	-0,264745185185
59,75	0,5671848	0,010976	-0,336766716049
59,8	0,5671848	-0,0102137777778	-0,33018619753
59,85	0,5658128	-0,0253057777778	-0,255606987652
59,9	0,5644408	-0,0351231999999	-0,187887777773
59,95	0,5622456	-0,0429131111107	-0,137869061721
60	0,559776	-0,046952888888	-0,103882419743
