0,05	0,6056008	0,153054222222	-0,374081728395
0,1	0,613284	0,142611777778	-0,607279382716
0,15	0,6217904	0,107930666667	-0,923584666667
0,2	0,625632	0,0457333333333	-1,14862654321
0,25	0,6261808	-0,0187506666667	-1,14210530864
0,3	0,6234368	-0,0762222222222	-0,936517037037
0,35	0,6179488	-0,117839555556	-0,584878518519
0,4	0,6108144	-0,138267111111	-0,145415061728
0,45	0,6031312	-0,133998666667	0,323944444444
0,5	0,5962712	-0,1029	0,719283703704
0,55	0,5921552	-0,0550324444444	0,95396345679
0,6	0,5905088	0,000152444444444	1,00833530864
0,65	0,5924296	0,0509164444444	0,921526666667
0,7	0,5957224	0,0966497777778	0,712000246914
0,75	0,6025824	0,128815555556	0,352908888889
0,8	0,6097168	0,135828	-0,0964634567901
0,85	0,6171256	0,118449333333	-0,538298271605
0,9	0,6223392	0,0801857777778	-0,918223703704
0,95	0,6261808	0,0199702222222	-1,12910518519
1	0,6245344	-0,0449711111111	-1,06617950617
1,05	0,6209672	-0,0952777777778	-0,790678518519
1,1	0,6143816	-0,128968	-0,382127407407
1,15	0,6069728	-0,135980444444	0,0881637037037
1,2	0,5998384	-0,119211555556	0,53423308642
1,25	0,594076	-0,0788137777778	0,884177777778
1,3	0,591332	-0,0234764444444	1,05796444444
1,35	0,5916064	0,0353671111111	1,02857654321
1,4	0,5951736	0,0868933333333	0,811851358025
1,45	0,600936	0,122412888889	0,450219259259
1,5	0,6083448	0,135218222222	0,00804567901234
1,55	0,6154792	0,123022666667	-0,431417777778
1,6	0,621516	0,0890275555556	-0,795590617284
1,65	0,6250832	0,0379586666667	-1,02230938272
1,7	0,625632	-0,02058	-1,07083753086
1,75	0,622888	-0,0766795555556	-0,93211308642
1,8	0,6174	-0,119364	-0,637471851852
1,85	0,61054	-0,147566222222	-0,181832345679
1,9	0,6012104	-0,143145333333	0,376199012346
1,95	0,5946248	-0,103814666667	0,811089135802
2	0,5905088	-0,0524408888889	1,0368762963
2,05	0,5891368	0,00594533333333	1,0939582716
2,1	0,5910576	0,0637217777778	0,977338271605
2,15	0,5959968	0,110369777778	0,696332345679
2,2	0,6028568	0,137962222222	0,292354567901
2,25	0,61054	0,144364888889	-0,210034567901
2,3	0,618772	0,117534666667	-0,706918765432
2,35	0,6234368	0,0647888888889	-1,01214641975
2,4	0,6253576	0,00625022222222	-1,08498098765
2,45	0,6239856	-0,050764	-0,970308888889
2,5	0,6198696	-0,0969546666667	-0,697687407407
2,55	0,6135584	-0,125156888889	-0,312341728395
2,6	0,606424	-0,13034	0,123395308642
2,65	0,599564	-0,111741777778	0,526780246914
2,7	0,5943504	-0,0725635555556	0,811004444444
2,75	0,5918808	-0,0225617777778	0,91881654321
2,8	0,5924296	0,0234764444444	0,907298518519
2,85	0,594076	0,0705817777778	0,80219654321
2,9	0,599564	0,112199111111	0,50891037037
2,95	0,606424	0,128815555556	0,0593686419753
3	0,6135584	0,118754222222	-0,410075555556
3,05	0,6193208	0,0835395555556	-0,777720740741
3,1	0,6226136	0,0324706666667	-0,949136049383
3,15	0,6226136	-0,0208848888889	-0,906875061728
3,2	0,6198696	-0,0620448888889	-0,748417530864
3,25	0,6163024	-0,097412	-0,519581481481
3,3	0,6097168	-0,120126222222	-0,161845185185
3,35	0,6031312	-0,117077333333	0,266947160494
3,4	0,5970944	-0,0914666666667	0,657035555556
3,45	0,5932528	-0,0469528888889	0,934738518519
3,5	0,5918808	0,00914666666667	1,03179481481
3,55	0,594076	0,0663133333333	0,896203950617
3,6	0,5992896	0,106711111111	0,571327901235
3,65	0,6056008	0,126224	0,16294617284
3,7	0,6127352	0,124089777778	-0,272790864198
3,75	0,6190464	0,097412	-0,668299506173
3,8	0,6231624	0,0527457777778	-0,949474814815
3,85	0,6248088	-0,00350622222222	-1,06897432099
3,9	0,6231624	-0,0649413333333	-0,943292345679
3,95	0,6174	-0,107473333333	-0,60240962963
4	0,6113632	-0,126224	-0,206900987654
4,05	0,6042288	-0,127900888889	0,194620740741
4,1	0,5976432	-0,106863555556	0,582422469136
4,15	0,592704	-0,0663133333333	0,886803209877
4,2	0,5905088	-0,012348	1,04627703704
4,25	0,591332	0,0449711111111	1,02552765432
4,3	0,5948992	0,100765777778	0,764339506173
4,35	0,6025824	0,130949777778	0,300484938272
4,4	0,6094424	0,129272888889	-0,155069876543
4,45	0,616028	0,110827111111	-0,51966617284
4,5	0,6212416	0,0743928888889	-0,796691604938
4,55	0,6239856	0,026068	-0,943207654321
4,6	0,6239856	-0,026068	-0,937956790123
4,65	0,6212416	-0,0742404444444	-0,773232098765
4,7	0,616028	-0,109150222222	-0,474271604938
4,75	0,6094424	-0,124089777778	-0,107219259259
4,8	0,6028568	-0,119211555556	0,263898271605
4,85	0,5970944	-0,0995462222222	0,652292839506
4,9	0,5916064	-0,0525933333333	0,976406666667
4,95	0,5910576	0,0102137777778	1,04187308642
5	0,5932528	0,0625022222222	0,860464197531
5,05	0,5979176	0,100460888889	0,54964691358
5,1	0,6039544	0,120278666667	0,160744197531
5,15	0,6108144	0,118449333333	-0,26237382716
5,2	0,6168512	0,0920764444444	-0,633237283951
5,25	0,6206928	0,0489346666667	-0,85665308642
5,3	0,6220648	-0,001372	-0,896712098765
5,35	0,6204184	-0,0487822222222	-0,755955061728
5,4	0,6163024	-0,0789662222222	-0,539568641975
5,45	0,6124608	-0,103052444444	-0,285579259259
5,5	0,6056008	-0,114333333333	0,09604
5,55	0,599564	-0,0949728888889	0,500864691358
5,6	0,595448	-0,0585386666667	0,788391851852
5,65	0,5932528	-0,00990888888889	0,922881728395
5,7	0,5943504	0,0410075555556	0,874607654321
5,75	0,5976432	0,0844542222222	0,657797777778
5,8	0,6034056	0,112656444444	0,306074567901
5,85	0,6099912	0,116467555556	-0,0877402469136
5,9	0,6157536	0,101528	-0,440395061728
5,95	0,6206928	0,071344	-0,752990864198
6	0,6237112	0,0225617777778	-0,962771358025
6,05	0,6231624	-0,0318608888889	-0,995631604938
6,1	0,6206928	-0,0870457777778	-0,796352839506
6,15	0,6135584	-0,121955555556	-0,373404197531
6,2	0,6069728	-0,124242222222	0,0724111111111
6,25	0,6006616	-0,110827111111	0,452421234568
6,3	0,5951736	-0,0778991111111	0,780430864198
6,35	0,5921552	-0,0291168888889	0,992413333333
6,4	0,5916064	0,0317084444444	0,97454345679
6,45	0,5959968	0,079576	0,714371604938
6,5	0,6006616	0,104424444444	0,389580246914
6,55	0,6066984	0,118144444444	0,0520851851852
6,6	0,613284	0,111741777778	-0,31471308642
6,65	0,618772	0,0849115555556	-0,634253580247
6,7	0,6223392	0,0435991111111	-0,843187160494
6,75	0,6234368	-0,00533555555556	-0,90424962963
6,8	0,6217904	-0,053508	-0,801688395062
6,85	0,6176744	-0,0916191111111	-0,553034567901
6,9	0,611912	-0,112351555556	-0,219858765432
6,95	0,6056008	-0,113723555556	0,126867654321
7	0,5998384	-0,0971071111111	0,432518765432
7,05	0,5957224	-0,071344	0,730886419753
7,1	0,5916064	-0,0231715555556	0,970224197531
7,15	0,592704	0,0379586666667	0,947865679012
7,2	0,5962712	0,0827773333333	0,679309382716
7,25	0,6017592	0,109302666667	0,305735802469
7,3	0,6080704	0,113571111111	-0,0863851851852
7,35	0,6138328	0,0990888888889	-0,434127901235
7,4	0,618772	0,0666182222222	-0,692605925926
7,45	0,6209672	0,0228666666667	-0,80134962963
7,5	0,6206928	-0,0167688888889	-0,811766666667
7,55	0,6195952	-0,060368	-0,736476049383
7,6	0,614656	-0,100003555556	-0,457841481481
7,65	0,6083448	-0,113113777778	-0,0347234567901
7,7	0,602308	-0,101985333333	0,371371604938
7,75	0,5973688	-0,0708866666667	0,670755555556
7,8	0,5948992	-0,0298791111111	0,839714814815
7,85	0,594076	0,0176835555556	0,877995308642
7,9	0,5965456	0,0660084444444	0,730293580247
7,95	0,6014848	0,0972595555556	0,428538271605
8	0,6069728	0,110979555556	0,0575054320988
8,05	0,613284	0,104881777778	-0,347827407407
8,1	0,6184976	0,0751551111111	-0,704632098765
8,15	0,6217904	0,0251533333333	-0,863428395062
8,2	0,6206928	-0,0213422222222	-0,803212839506
8,25	0,6190464	-0,0565568888889	-0,667621975309
8,3	0,6152048	-0,0903995555556	-0,45318345679
8,35	0,6094424	-0,108845333333	-0,107896790123
8,4	0,6031312	-0,103052444444	0,274738765432
8,45	0,598192	-0,0748502222222	0,545666419753
8,5	0,5959968	-0,0468004444444	0,752228641975
8,55	0,5924296	0,00121955555556	0,893917283951
8,6	0,5957224	0,0553373333333	0,777720740741
8,65	0,5992896	0,0853688888889	0,510350123457
8,7	0,6045032	0,106101333333	0,209526419753
8,75	0,61054	0,108997777778	-0,143551851852
8,8	0,6163024	0,0916191111111	-0,482147901235
8,85	0,6204184	0,0568617777778	-0,731225185185
8,9	0,6223392	0,0128053333333	-0,843271851852
8,95	0,6217904	-0,0333853333333	-0,808548395062
9	0,618772	-0,0736306666667	-0,640520740741
9,05	0,6138328	-0,100918222222	-0,37899382716
9,1	0,6080704	-0,112504	-0,0704632098765
9,15	0,602308	-0,112351555556	0,318862962963
9,2	0,595448	-0,0826248888889	0,722163209877
9,25	0,5929784	-0,0303364444444	0,922204197531
9,3	0,592704	0,0196653333333	0,897050864198
9,35	0,5951736	0,0643315555556	0,72800691358
9,4	0,599564	0,0968022222222	0,449118271605
9,45	0,6056008	0,112046666667	0,103831604938
9,5	0,6116376	0,106406222222	-0,239337777778
9,55	0,6165768	0,0884177777778	-0,575477777778
9,6	0,621516	0,0478675555556	-0,858685679012
9,65	0,6220648	-0,00701244444444	-0,930249876543
9,7	0,6204184	-0,0550324444444	-0,778652345679
9,75	0,616028	-0,0903995555556	-0,483502962963
9,8	0,61054	-0,105491555556	-0,126444197531
9,85	0,6047776	-0,102595111111	0,225787160494
9,9	0,599564	-0,0815577777778	0,539992098765
9,95	0,5959968	-0,045276	0,765186419753
10	0,5946248	0,000609777777778	0,848099259259
10,05	0,5959968	0,0474102222222	0,742489135802
10,1	0,5998384	0,08232	0,466818765432
10,15	0,605052	0,0981742222222	0,102730617284
10,2	0,6108144	0,08918	-0,206731604938
10,25	0,6141072	0,0724111111111	-0,417782469136
10,3	0,6182232	0,0487822222222	-0,626377283951
10,35	0,6198696	0,00777466666667	-0,769420987654
10,4	0,6190464	-0,0349097777778	-0,760359012346
10,45	0,6163024	-0,0753075555556	-0,584285679012
10,5	0,6108144	-0,0993937777778	-0,261018765432
10,55	0,6056008	-0,103967111111	0,124919753086
10,6	0,599564	-0,0873506666667	0,504760493827
10,65	0,5957224	-0,0468004444444	0,735967901235
10,7	0,5948992	-0,00396355555556	0,759088641975
10,75	0,5957224	0,0324706666667	0,680579753086
10,8	0,598192	0,0655511111111	0,542871604938
10,85	0,6025824	0,0902471111111	0,323775061728
10,9	0,607796	0,100918222222	0,0354856790123
10,95	0,613284	0,0957351111111	-0,292439259259
11	0,6182232	0,0707342222222	-0,59123037037
11,05	0,6209672	0,0314035555556	-0,771792345679
11,1	0,621516	-0,0126528888889	-0,805499506173
11,15	0,6195952	-0,0542702222222	-0,708781975309
11,2	0,6157536	-0,087808	-0,499594320988
11,25	0,6102656	-0,107473333333	-0,200972592593
11,3	0,6045032	-0,112046666667	0,182763950617
11,35	0,5979176	-0,0908568888889	0,583269382716
11,4	0,5943504	-0,0464955555556	0,828874320988
11,45	0,5932528	0,00121955555556	0,869272098765
11,5	0,5946248	0,0460382222222	0,759512098765
11,55	0,598192	0,0815577777778	0,536519753086
11,6	0,6034056	0,102595111111	0,239168395062
11,65	0,609168	0,105948888889	-0,0852841975309
11,7	0,6143816	0,09604	-0,439632839506
11,75	0,6198696	0,0621973333333	-0,76874345679
11,8	0,621516	0,009604	-0,892731604938
11,85	0,6204184	-0,037044	-0,794235555556
11,9	0,6174	-0,0742404444444	-0,567262716049
11,95	0,6124608	-0,0969546666667	-0,253989382716
12	0,6069728	-0,101528	0,0996817283951
12,05	0,6014848	-0,0862835555556	0,431502469136
12,1	0,5976432	-0,0542702222222	0,66499654321
12,15	0,5957224	-0,0135675555556	0,748756296296
12,2	0,5962712	0,0269826666667	0,680664444444
12,25	0,5987408	0,0600631111111	0,488499753086
12,3	0,6031312	0,0759173333333	0,270588888889
12,35	0,606424	0,0856737777778	0,0597920987654
12,4	0,611912	0,0868933333333	-0,239168395062
12,45	0,6163024	0,0632644444444	-0,554643703704
12,5	0,618772	0,0262204444444	-0,753837777778
12,55	0,6193208	-0,0196653333333	-0,776280987654
12,6	0,6165768	-0,060368	-0,593855802469
12,65	0,6124608	-0,0830822222222	-0,304550123457
12,7	0,607796	-0,0920764444444	0,0185474074074
12,75	0,602308	-0,0800333333333	0,312087654321
12,8	0,5992896	-0,0554897777778	0,497731111111
12,85	0,59682	-0,0283546666667	0,62468345679
12,9	0,5959968	0,00792711111111	0,699889382716
12,95	0,5973688	0,0477151111111	0,638742222222
13	0,6012104	0,0783564444444	0,432772839506
13,05	0,6058752	0,0936008888889	0,151682222222
13,1	0,6110888	0,0945155555556	-0,159558518519
13,15	0,616028	0,0778991111111	-0,465124938272
13,2	0,6195952	0,0449711111111	-0,692605925926
13,25	0,6209672	0,00198177777778	-0,772215802469
13,3	0,6195952	-0,0381111111111	-0,714032839506
13,35	0,6168512	-0,0719537777778	-0,57022691358
13,4	0,6121864	-0,0981742222222	-0,333683950617
13,45	0,6066984	-0,112504	0,0453098765432
13,5	0,599564	-0,097412	0,484349876543
13,55	0,5957224	-0,0557946666667	0,758157037037
13,6	0,594076	-0,0118906666667	0,821506172839
13,65	0,5946248	0,0306413333333	0,76146
13,7	0,5973688	0,0673804444444	0,606982962963
13,75	0,6017592	0,0939057777778	0,372472592593
13,8	0,6069728	0,110674666667	0,0146516049383
13,85	0,6141072	0,0996986666667	-0,413039753086
13,9	0,6182232	0,06174	-0,690827407407
13,95	0,620144	0,0217995555556	-0,778228888889
14	0,6204184	-0,0193604444444	-0,756039753086
14,05	0,6182232	-0,0583862222222	-0,612996049383
14,1	0,6141072	-0,0859786666667	-0,351384444444
14,15	0,6088936	-0,0963448888889	-0,0243064197531
14,2	0,60368	-0,0876555555556	0,289898518519
14,25	0,599564	-0,0641791111111	0,527034320988
14,3	0,59682	-0,0306413333333	0,657543703704
14,35	0,5962712	0,00792711111111	0,650006172839
14,4	0,598192	0,0367391111111	0,568702469136
14,45	0,5998384	0,0650937777778	0,448101975309
14,5	0,6047776	0,0881128888889	0,192757530864
14,55	0,6097168	0,0887226666667	-0,15092
14,6	0,6143816	0,0711915555556	-0,463346419753
14,65	0,6174	0,0388733333333	-0,68642345679
14,7	0,618772	-0,00396355555556	-0,753160246914
14,75	0,6168512	-0,0440564444444	-0,644755308642
14,8	0,6138328	-0,072716	-0,41930691358
14,85	0,609168	-0,0888751111111	-0,119330123457
14,9	0,6042288	-0,0873506666667	0,222907654321
14,95	0,5992896	-0,0623497777778	0,477913333333
15	0,5979176	-0,0321657777778	0,583862222222
15,05	0,5962712	-0,00320133333333	0,641028888889
15,1	0,5970944	0,0338426666667	0,630950617284
15,15	0,5998384	0,0661608888889	0,486128395062
15,2	0,6042288	0,0868933333333	0,237982716049
15,25	0,609168	0,091924	-0,0626716049383
15,3	0,6141072	0,0800333333333	-0,353755802469
15,35	0,6176744	0,0547275555556	-0,594872098765
15,4	0,620144	0,0170737777778	-0,747909382716
15,45	0,6195952	-0,0263728888889	-0,753668395062
15,5	0,6171256	-0,0623497777778	-0,63840345679
15,55	0,6135584	-0,0972595555556	-0,364511604938
15,6	0,6061496	-0,105796444444	0,0464955555556
15,65	0,6017592	-0,087808	0,37857037037
15,7	0,5973688	-0,0637217777778	0,616044938272
15,75	0,5946248	-0,0236288888889	0,769759753086
15,8	0,5948992	0,0195128888889	0,77602691358
15,85	0,59682	0,0580813333333	0,663980246914
15,9	0,6006616	0,0929911111111	0,39186691358
15,95	0,6072472	0,103509777778	-0,00203259259259
16	0,6121864	0,0887226666667	-0,326908641975
16,05	0,6163024	0,0652462222222	-0,536604444444
16,1	0,6190464	0,0327755555556	-0,669400493827
16,15	0,6198696	-0,00533555555556	-0,703615802469
16,2	0,6184976	-0,0428368888889	-0,615028641975
16,25	0,6152048	-0,0714964444444	-0,415157037037
16,3	0,6108144	-0,0870457777778	-0,147617037037
16,35	0,6058752	-0,0868933333333	0,133642962963
16,4	0,6014848	-0,0719537777778	0,375860246914
16,45	0,598192	-0,0451235555556	0,533216790123
16,5	0,5970944	-0,0172262222222	0,640012592593
16,55	0,5959968	0,0196653333333	0,694299753086
16,6	0,5987408	0,0605204444444	0,56810962963
16,65	0,6028568	0,0846066666667	0,269657283951
16,7	0,6080704	0,0888751111111	-0,075375308642
16,75	0,6124608	0,0746977777778	-0,375606172839
16,8	0,616028	0,0478675555556	-0,588859012346
16,85	0,6176744	0,0111284444444	-0,684560246914
16,9	0,6171256	-0,026068	-0,641621728395
16,95	0,6149304	-0,0583862222222	-0,468512592593
17	0,6108144	-0,0786613333333	-0,179460987654
17,05	0,6058752	-0,0750026666667	0,0935839506173
17,1	0,6031312	-0,0637217777778	0,269572592593
17,15	0,599564	-0,049392	0,449795802469
17,2	0,5973688	-0,0190555555556	0,61054
17,25	0,5973688	0,0175311111111	0,645432839506
17,3	0,5992896	0,0513737777778	0,543549135802
17,35	0,6028568	0,0763746666667	0,328771851852
17,4	0,6075216	0,0868933333333	0,0475118518518
17,45	0,6121864	0,0815577777778	-0,24611308642
17,5	0,6163024	0,0609777777778	-0,508740987654
17,55	0,618772	0,0275924444444	-0,690488641975
17,6	0,6193208	-0,0120431111111	-0,758072345679
17,65	0,6179488	-0,0568617777778	-0,634592345679
17,7	0,6127352	-0,0835395555556	-0,341221481481
17,75	0,6086192	-0,0893324444444	-0,0519158024691
17,8	0,60368	-0,0870457777778	0,211728395062
17,85	0,5992896	-0,0693622222222	0,475626666667
17,9	0,5959968	-0,0364342222222	0,667198518519
17,95	0,595448	0,00320133333333	0,730124197531
18	0,5965456	0,0394831111111	0,693452839506
18,05	0,5990152	0,0789662222222	0,503998271605
18,1	0,6053264	0,0989364444444	0,137284691358
18,15	0,6102656	0,0908568888889	-0,207578518519
18,2	0,614656	0,072716	-0,447678518519
18,25	0,6179488	0,0435991111111	-0,61138691358
18,3	0,6193208	0,00792711111111	-0,676938024691
18,35	0,618772	-0,0285071111111	-0,634338271605
18,4	0,6163024	-0,060368	-0,477659259259
18,45	0,6121864	-0,0794235555556	-0,247044691358
18,5	0,607796	-0,0853688888889	0,00101629629629
18,55	0,6031312	-0,0780515555556	0,234679753086
18,6	0,5998384	-0,063112	0,477913333333
18,65	0,5959968	-0,0307937777778	0,700312839506
18,7	0,5959968	0,0158542222222	0,733257777778
18,75	0,598192	0,0518311111111	0,565230123457
18,8	0,6017592	0,0748502222222	0,314035555556
18,85	0,6061496	0,0843017777778	0,0264237037037
18,9	0,6108144	0,0780515555556	-0,262881975309
18,95	0,614656	0,0556422222222	-0,487568148148
19	0,6168512	0,0231715555556	-0,579797037037
19,05	0,6168512	-0,00838444444444	-0,543125679012
19,1	0,6154792	-0,0307937777778	-0,481724444444
19,15	0,6141072	-0,0565568888889	-0,392798518519
19,2	0,6097168	-0,0772893333333	-0,163623703704
19,25	0,6053264	-0,0765271111111	0,140079506173
19,3	0,6014848	-0,0609777777778	0,405502222222
19,35	0,5987408	-0,0326231111111	0,589367160494
19,4	0,5979176	0,002744	0,65339382716
19,45	0,5990152	0,0381111111111	0,585979506173
19,5	0,6020336	0,0661608888889	0,399319753086
19,55	0,6061496	0,0815577777778	0,123225925926
19,6	0,6108144	0,0804906666667	-0,195552345679
19,65	0,6149304	0,0618924444444	-0,492988395062
19,7	0,6179488	0,0242386666667	-0,640520740741
19,75	0,6171256	-0,0111284444444	-0,599868888889
19,8	0,6163024	-0,0368915555556	-0,503066666667
19,85	0,6135584	-0,0620448888889	-0,369423703704
19,9	0,6097168	-0,0772893333333	-0,16506345679
19,95	0,6053264	-0,0807955555556	0,0860464197531
20	0,600936	-0,0681426666667	0,333175802469
20,05	0,598192	-0,0457333333333	0,54151654321
20,1	0,5959968	-0,0132626666667	0,70530962963
20,15	0,5962712	0,0300315555556	0,732326172839
20,2	0,5990152	0,0710391111111	0,528982222222
20,25	0,6045032	0,0893324444444	0,185304691358
20,3	0,6088936	0,0861311111111	-0,113740493827
20,35	0,613284	0,0745453333333	-0,341644938272
20,4	0,6168512	0,0509164444444	-0,523223209877
20,45	0,618772	0,0187506666667	-0,61824691358
20,5	0,618772	-0,0152444444444	-0,610201234568
20,55	0,6171256	-0,0461906666667	-0,503659506173
20,6	0,6138328	-0,0690573333333	-0,313019259259
20,65	0,6097168	-0,0794235555556	-0,0777466666667
20,7	0,6053264	-0,076832	0,161506419753
20,75	0,6014848	-0,0608253333333	0,358921975309
20,8	0,5992896	-0,0413124444444	0,543379753086
20,85	0,5965456	-0,00609777777778	0,686169382716
20,9	0,598192	0,0373488888889	0,621973333333
20,95	0,6012104	0,0635693333333	0,394068888889
21	0,605052	0,0771368888889	0,13076345679
21,05	0,6094424	0,0763746666667	-0,128561481481
21,1	0,613284	0,0625022222222	-0,347658024691
21,15	0,616028	0,0385684444444	-0,498323950617
21,2	0,6171256	0,0126528888889	-0,612996049383
21,25	0,6182232	-0,0285071111111	-0,597412839506
21,3	0,6135584	-0,0565568888889	-0,393221975309
21,35	0,6116376	-0,0661608888889	-0,186659753086
21,4	0,6072472	-0,0757648888889	0,0434466666667
21,45	0,6031312	-0,0650937777778	0,319709876543
21,5	0,6001128	-0,0407026666667	0,527627160494
21,55	0,5987408	-0,00746977777778	0,624175308642
21,6	0,5992896	0,0272875555556	0,586064197531
21,65	0,6017592	0,0557946666667	0,43175654321
21,7	0,6053264	0,0731733333333	0,19894
21,75	0,6094424	0,0788137777778	-0,0971409876543
21,8	0,6141072	0,0646364444444	-0,398472839506
21,85	0,6168512	0,0314035555556	-0,549054074074
21,9	0,6168512	0,00243911111111	-0,546428641975
21,95	0,6168512	-0,0225617777778	-0,519835555556
22	0,6149304	-0,0512213333333	-0,439124691358
22,05	0,6113632	-0,0714964444444	-0,255005679012
22,1	0,6072472	-0,0794235555556	-0,00635185185185
22,15	0,6028568	-0,0730208888889	0,264237037037
22,2	0,5992896	-0,0513737777778	0,498154567901
22,25	0,5973688	-0,0198177777778	0,647465432099
22,3	0,5970944	0,0169213333333	0,691081481481
22,35	0,5987408	0,0573191111111	0,556845679012
22,4	0,60368	0,0803382222222	0,262035061728
22,45	0,607796	0,0815577777778	-0,017192345679
22,5	0,611912	0,0760697777778	-0,247637530864
22,55	0,616028	0,056252	-0,44462962963
22,6	0,6179488	0,0275924444444	-0,549985679012
22,65	0,618772	-0,00243911111111	-0,567855555556
22,7	0,6176744	-0,0317084444444	-0,512806172839
22,75	0,6154792	-0,0568617777778	-0,379671358025
22,8	0,6116376	-0,0730208888889	-0,175903950617
22,85	0,6075216	-0,0751551111111	0,0497985185185
22,9	0,60368	-0,065856	0,24568962963
22,95	0,600936	-0,0519835555556	0,454115061728
23	0,5976432	-0,0211897777778	0,646787901235
23,05	0,598192	0,0213422222222	0,657459012346
23,1	0,6003872	0,0528982222222	0,485450864198
23,15	0,6039544	0,0728684444444	0,228751358025
23,2	0,6083448	0,0762222222222	-0,0421762962963
23,25	0,6121864	0,065856	-0,257800493827
23,3	0,6152048	0,0471053333333	-0,406772592593
23,35	0,6168512	0,0259155555556	-0,544311358025
23,4	0,6184976	-0,008232	-0,633660740741
23,45	0,6163024	-0,0464955555556	-0,53592691358
23,5	0,6130096	-0,0684475555556	-0,291422962963
23,55	0,6088936	-0,0763746666667	-0,00982419753087
23,6	0,6047776	-0,0687524444444	0,258816790123
23,65	0,6014848	-0,0481724444444	0,46690345679
23,7	0,599564	-0,0181408888889	0,578611358025
23,75	0,599564	0,0146346666667	0,570735061728
23,8	0,6012104	0,0434466666667	0,448440740741
23,85	0,6042288	0,0632644444444	0,235272592593
23,9	0,6080704	0,069972	-0,034215308642
23,95	0,6121864	0,0570142222222	-0,251363950617
24	0,6138328	0,0394831111111	-0,366036049383
24,05	0,616028	0,0211897777778	-0,470968641975
24,1	0,6165768	-0,00838444444444	-0,537874814815
24,15	0,6152048	-0,0381111111111	-0,487822222222
24,2	0,6124608	-0,0615875555556	-0,332582962963
24,25	0,6086192	-0,0742404444444	-0,100952098765
24,3	0,6045032	-0,0734782222222	0,174972345679
24,35	0,6006616	-0,0570142222222	0,446916296296
24,4	0,598192	-0,0263728888889	0,642553333333
24,45	0,5973688	0,0161591111111	0,644585925926
24,5	0,6003872	0,0477151111111	0,449795802469
24,55	0,6031312	0,0602155555556	0,244419259259
24,6	0,606424	0,0682951111111	0,0921441975309
24,65	0,6099912	0,0721062222222	-0,100782716049
24,7	0,6143816	0,0605204444444	-0,326569876543
24,75	0,6165768	0,0365866666667	-0,493327160494
24,8	0,6182232	0,00716488888889	-0,567178024691
24,85	0,6174	-0,0245435555556	-0,533555555556
24,9	0,6154792	-0,0495444444444	-0,41803654321
24,95	0,6121864	-0,0684475555556	-0,24653654321
25	0,6080704	-0,0743928888889	-0,0505607407407
25,05	0,6047776	-0,0760697777778	0,194705432099
25,1	0,599564	-0,0583862222222	0,485704938272
25,15	0,5979176	-0,0204275555556	0,632559753086
25,2	0,5979176	0,0128053333333	0,607745185185
25,25	0,5992896	0,0434466666667	0,488076296296
25,3	0,6025824	0,0649413333333	0,290067901235
25,35	0,606424	0,0730208888889	0,0718182716049
25,4	0,6102656	0,0705817777778	-0,130424691358
25,45	0,6135584	0,0621973333333	-0,36315654321
25,5	0,6174	0,0350622222222	-0,586318271605
25,55	0,6176744	-0,00426844444444	-0,645178765432
25,6	0,6165768	-0,0371964444444	-0,532708641975
25,65	0,6135584	-0,0608253333333	-0,326061728395
25,7	0,6099912	-0,071344	-0,0757140740741
25,75	0,6058752	-0,0684475555556	0,174294814815
25,8	0,6025824	-0,0519835555556	0,379247901235
25,85	0,6003872	-0,0275924444444	0,510265432099
25,9	0,599564	0,00259155555556	0,549477530864
25,95	0,6006616	0,0323182222222	0,468851358025
26	0,6031312	0,0536604444444	0,28854345679
26,05	0,606424	0,064484	0,0431925925926
26,1	0,61054	0,0560995555556	-0,169213333333
26,15	0,6121864	0,0417697777778	-0,278295802469
26,2	0,6143816	0,0300315555556	-0,398896296296
26,25	0,616028	0,00304888888889	-0,515855061728
26,3	0,6149304	-0,0283546666667	-0,495867901235
26,35	0,6127352	-0,0516786666667	-0,35799037037
26,4	0,6094424	-0,0666182222222	-0,144314074074
26,45	0,6056008	-0,0682951111111	0,117128148148
26,5	0,6020336	-0,0559471111111	0,379586666667
26,55	0,5990152	-0,0243911111111	0,516786666667
26,6	0,5998384	0,00457333333333	0,478506172839
26,65	0,6001128	0,0228666666667	0,421254814815
26,7	0,6017592	0,0454284444444	0,362648395062
26,75	0,6047776	0,0635693333333	0,216386419753
26,8	0,6086192	0,0707342222222	-0,00457333333334
26,85	0,6124608	0,0635693333333	-0,238914320988
26,9	0,6154792	0,0442088888889	-0,417104938272
26,95	0,6171256	0,0182933333333	-0,512806172839
27	0,6174	-0,0100613333333	-0,534741234568
27,05	0,616028	-0,0373488888889	-0,491718024691
27,1	0,6135584	-0,0611302222222	-0,381280493827
27,15	0,6099912	-0,0821675555556	-0,132880740741
27,2	0,6042288	-0,0798808888889	0,214438518519
27,25	0,600936	-0,0551848888889	0,459535308642
27,3	0,5987408	-0,0269826666667	0,559725185185
27,35	0,598192	0,00335377777778	0,576832839506
27,4	0,5990152	0,0333853333333	0,520428395062
27,45	0,6017592	0,0586911111111	0,384329382716
27,5	0,6053264	0,0734782222222	0,191148395062
27,55	0,609168	0,0821675555556	-0,0881637037037
27,6	0,614656	0,0675328888889	-0,406603209877
27,65	0,6168512	0,0336902222222	-0,570735061728
27,7	0,6176744	0,00320133333333	-0,575901234568
27,75	0,6171256	-0,026068	-0,502389135802
27,8	0,6149304	-0,0501542222222	-0,350368148148
27,85	0,6116376	-0,0635693333333	-0,143297777778
27,9	0,6080704	-0,0647888888889	0,0772385185185
27,95	0,6047776	-0,0554897777778	0,286002716049
28	0,6020336	-0,0347573333333	0,450134567901
28,05	0,600936	-0,00594533333333	0,506200246914
28,1	0,6014848	0,0214946666667	0,437346172839
28,15	0,6034056	0,0419222222222	0,280921234568
28,2	0,606424	0,0478675555556	0,140502962963
28,25	0,6080704	0,0530506666667	0,0394661728395
28,3	0,6116376	0,0565568888889	-0,143297777778
28,35	0,614656	0,0416173333333	-0,370694074074
28,4	0,6163024	0,0152444444444	-0,512975555556
28,45	0,6163024	-0,0152444444444	-0,528982222222
28,5	0,614656	-0,0426844444444	-0,421424197531
28,55	0,6116376	-0,0608253333333	-0,227057530864
28,6	0,6080704	-0,0669231111111	0,0130424691358
28,65	0,6045032	-0,0602155555556	0,262797283951
28,7	0,6014848	-0,0403977777778	0,481639753086
28,75	0,599564	-0,004116	0,538721728395
28,8	0,6017592	0,0214946666667	0,43302691358
28,85	0,602308	0,0359768888889	0,351807901235
28,9	0,6047776	0,0571666666667	0,24611308642
28,95	0,6086192	0,0657035555556	0,0502219753086
29	0,611912	0,0623497777778	-0,156340246914
29,05	0,6152048	0,0487822222222	-0,339104197531
29,1	0,6171256	0,0268302222222	-0,474102222222
29,15	0,6182232	-0,00213422222222	-0,524917037037
29,2	0,6168512	-0,0300315555556	-0,477743950617
29,25	0,6149304	-0,0522884444444	-0,364172839506
29,3	0,6113632	-0,0675328888889	-0,204783703704
29,35	0,6080704	-0,0766795555556	0,0349775308642
29,4	0,6028568	-0,0675328888889	0,332413580247
29,45	0,6003872	-0,0387208888889	0,53508
29,5	0,5990152	-0,00777466666667	0,603934074074
29,55	0,599564	0,0251533333333	0,573699259259
29,6	0,6017592	0,0522884444444	0,457333333333
29,65	0,6047776	0,0760697777778	0,22765037037
29,7	0,6102656	0,0801857777778	-0,0979879012346
29,75	0,6138328	0,0623497777778	-0,350791604938
29,8	0,6165768	0,0393306666667	-0,483757037037
29,85	0,6179488	0,0111284444444	-0,534571851852
29,9	0,6176744	-0,0166164444444	-0,510858271605
29,95	0,6163024	-0,0432942222222	-0,40474
30	0,6130096	-0,0615875555556	-0,203174567901
30,05	0,6094424	-0,0646364444444	0,0251533333333
30,1	0,6061496	-0,0571666666667	0,218080246914
30,15	0,6034056	-0,0408551111111	0,357228148148
30,2	0,6017592	-0,0184457777778	0,422948641975
30,25	0,6014848	0,00579288888889	0,400928888889
30,3	0,6028568	0,0216471111111	0,360531111111
30,35	0,6034056	0,0403977777778	0,320810864198
30,4	0,6066984	0,0599106666667	0,157017777778
30,45	0,6102656	0,0615875555556	-0,112470123457
30,5	0,6135584	0,0472577777778	-0,357397530864
30,55	0,6154792	0,0208848888889	-0,492564938272
30,6	0,6157536	-0,00838444444444	-0,479183703704
30,65	0,6143816	-0,0317084444444	-0,355703703704
30,7	0,6121864	-0,0460382222222	-0,182933333333
30,75	0,609168	-0,0477151111111	-0,0423456790124
30,8	0,6075216	-0,0483248888889	0,0668214814815
30,85	0,6042288	-0,0445137777778	0,230360493827
30,9	0,602308	-0,0256106666667	0,39144345679
30,95	0,6014848	-0,00152444444444	0,471561481481
31	0,6020336	0,0256106666667	0,45360691358
31,05	0,6042288	0,0481724444444	0,33097382716
31,1	0,6072472	0,0614351111111	0,139486666667
31,15	0,6108144	0,0635693333333	-0,0897728395062
31,2	0,6141072	0,0524408888889	-0,309377530864
31,25	0,6165768	0,0304888888889	-0,471730864198
31,3	0,6176744	-0,00198177777778	-0,493835308642
31,35	0,6154792	-0,0207324444444	-0,453945679012
31,4	0,616028	-0,0449711111111	-0,41888345679
31,45	0,6113632	-0,0721062222222	-0,20622345679
31,5	0,6072472	-0,069972	0,0878249382716
31,55	0,6039544	-0,0571666666667	0,283800740741
31,6	0,6014848	-0,0388733333333	0,417274320988
31,65	0,5998384	-0,0153968888889	0,522884444444
31,7	0,599564	0,0158542222222	0,560826172839
31,75	0,6014848	0,0455808888889	0,47977654321
31,8	0,6042288	0,0704293333333	0,256445432099
31,85	0,6094424	0,0756124444444	-0,0544565432099
31,9	0,6127352	0,0605204444444	-0,285579259259
31,95	0,6154792	0,0419222222222	-0,409313333333
32	0,6171256	0,0179884444444	-0,475541975309
32,05	0,6174	-0,00792711111111	-0,477489876543
32,1	0,6163024	-0,032928	-0,404909382716
32,15	0,6138328	-0,0513737777778	-0,262543209877
32,2	0,6108144	-0,0608253333333	-0,0841832098766
32,25	0,6072472	-0,0594533333333	0,0916360493827
32,3	0,6045032	-0,0489346666667	0,225194320988
32,35	0,6025824	-0,0387208888889	0,379586666667
32,4	0,5998384	-0,0129577777778	0,542448148148
32,45	0,6006616	0,0237813333333	0,535672839506
32,5	0,6028568	0,0489346666667	0,354856790123
32,55	0,6061496	0,0608253333333	0,119245432099
32,6	0,6094424	0,0596057777778	-0,100443950617
32,65	0,6124608	0,0489346666667	-0,2744
32,7	0,614656	0,030184	-0,390427160494
32,75	0,6157536	0,00625022222222	-0,421762962963
32,8	0,6152048	-0,016464	-0,361716790123
32,85	0,6135584	-0,0295742222222	-0,288204691358
32,9	0,6124608	-0,0442088888889	-0,213676296296
32,95	0,609168	-0,0565568888889	-0,034130617284
33	0,6058752	-0,0504591111111	0,19809308642
33,05	0,60368	-0,0335377777778	0,372811358025
33,1	0,602308	-0,00975644444445	0,465548395062
33,15	0,6025824	0,016464	0,465294320988
33,2	0,6039544	0,0414648888889	0,358752592593
33,25	0,6072472	0,0556422222222	0,175226419753
33,3	0,6099912	0,0585386666667	-0,0149056790123
33,35	0,613284	0,0547275555556	-0,219181234568
33,4	0,616028	0,0371964444444	-0,419984444444
33,45	0,6174	0,0106711111111	-0,555744691358
33,5	0,6176744	-0,026068	-0,527965925926
33,55	0,6141072	-0,0500017777778	-0,335970617284
33,6	0,611912	-0,0582337777778	-0,14490691358
33,65	0,6083448	-0,0632644444444	0,0295572839506
33,7	0,605052	-0,056252	0,209865185185
33,75	0,602308	-0,0402453333333	0,349097777778
33,8	0,600936	-0,0199702222222	0,456317037037
33,85	0,6001128	0,00579288888889	0,530337283951
33,9	0,6012104	0,0364342222222	0,509841975309
33,95	0,60368	0,0657035555556	0,308784691358
34	0,6088936	0,0728684444444	-0,00321827160495
34,05	0,611912	0,0597582222222	-0,223500493827
34,1	0,614656	0,0460382222222	-0,349605925926
34,15	0,6168512	0,024696	-0,443867407407
34,2	0,6174	-0,001372	-0,464870864198
34,25	0,6165768	-0,0253057777778	-0,407619506173
34,3	0,614656	-0,0442088888889	-0,294471851852
34,35	0,611912	-0,056252	-0,145753827161
34,4	0,6086192	-0,0593008888889	0,0175311111111
34,45	0,6056008	-0,0530506666667	0,163877777778
34,5	0,6034056	-0,0446662222222	0,33444617284
34,55	0,6003872	-0,0211897777778	0,510350123457
34,6	0,6006616	0,0138724444444	0,530252592593
34,65	0,602308	0,0394831111111	0,386870123457
34,7	0,605052	0,05488	0,175311111111
34,75	0,6083448	0,0567093333333	-0,0384498765432
34,8	0,6110888	0,0489346666667	-0,203259259259
34,85	0,6135584	0,0341475555556	-0,318185432099
34,9	0,614656	0,0141773333333	-0,368661481482
34,95	0,614656	-0,00121955555556	-0,41718962963
35	0,6154792	-0,0312511111111	-0,382381481482
35,05	0,6108144	-0,04802	-0,188522962963
35,1	0,6097168	-0,046648	-0,0338765432099
35,15	0,6066984	-0,0504591111111	0,112470123457
35,2	0,6039544	-0,0388733333333	0,303618518519
35,25	0,602308	-0,0173786666667	0,43345037037
35,3	0,6020336	0,00929911111111	0,459958765432
35,35	0,6034056	0,032928	0,379417283951
35,4	0,6056008	0,0498493333333	0,222653580247
35,45	0,6086192	0,0585386666667	-0,00355703703704
35,5	0,6121864	0,0513737777778	-0,251448641975
35,55	0,614656	0,0266777777778	-0,370270617284
35,6	0,6143816	0,00792711111111	-0,360531111111
35,65	0,6152048	-0,00716488888889	-0,363749382716
35,7	0,6141072	-0,0285071111111	-0,350198765432
35,75	0,6121864	-0,0461906666667	-0,257377037037
35,8	0,609168	-0,0568617777778	-0,100867407407
35,85	0,6061496	-0,0580813333333	0,100189876543
35,9	0,6028568	-0,0474102222222	0,311325432099
35,95	0,600936	-0,0250008888889	0,472239012346
36	0,6001128	0,00320133333333	0,541855308642
36,05	0,600936	0,0362817777778	0,457841481482
36,1	0,6045032	0,0545751111111	0,252634320988
36,15	0,6069728	0,0597582222222	0,0622481481482
36,2	0,61054	0,0600631111111	-0,113486419753
36,25	0,6135584	0,0478675555556	-0,267285925926
36,3	0,6154792	0,0310986666667	-0,370270617284
36,35	0,6168512	0,00945155555556	-0,431587160494
36,4	0,6165768	-0,0149395555556	-0,422271111111
36,45	0,6152048	-0,0359768888889	-0,339442962963
36,5	0,6127352	-0,0509164444444	-0,208933580247
36,55	0,6097168	-0,0573191111111	-0,0600461728395
36,6	0,6066984	-0,0557946666667	0,0818118518519
36,65	0,6042288	-0,0519835555556	0,271181728395
36,7	0,6006616	-0,0310986666667	0,484180493827
36,75	0,6003872	0,00381111111111	0,545412345679
36,8	0,6014848	0,031556	0,433789135803
36,85	0,6039544	0,0500017777778	0,240777530864
36,9	0,6069728	0,0560995555556	0,0272706172839
36,95	0,6099912	0,0515262222222	-0,158880987654
37	0,6124608	0,0382635555556	-0,29328617284
37,05	0,6141072	0,0190555555556	-0,354941481482
37,1	0,6143816	-0,00106711111111	-0,339104197531
37,15	0,6135584	-0,0141773333333	-0,318439506173
37,2	0,613284	-0,0317084444444	-0,298367654321
37,25	0,61054	-0,0498493333333	-0,16379308642
37,3	0,6075216	-0,0524408888889	0,0569125925926
37,35	0,6047776	-0,0428368888889	0,259240246914
37,4	0,6028568	-0,023324	0,391951604938
37,45	0,602308	0	0,434212592593
37,5	0,6028568	0,023324	0,39144345679
37,55	0,6047776	0,0428368888889	0,256784197531
37,6	0,6075216	0,0522884444444	0,051322962963
37,65	0,61054	0,049392	-0,173871358025
37,7	0,613284	0,0300315555556	-0,303618518519
37,75	0,613284	0,0132626666667	-0,319371111111
37,8	0,6143816	-0,000609777777778	-0,337918518519
37,85	0,6135584	-0,0198177777778	-0,350452839506
37,9	0,6124608	-0,0391782222222	-0,28769654321
37,95	0,6094424	-0,053508	-0,12475037037
38	0,606424	-0,0533555555556	0,078847654321
38,05	0,60368	-0,0431417777778	0,245435555556
38,1	0,6020336	-0,0275924444444	0,37814691358
38,15	0,6006616	-0,00594533333333	0,487991604938
38,2	0,6006616	0,0280497777778	0,454792592593
38,25	0,6042288	0,0481724444444	0,256360740741
38,3	0,606424	0,0503066666667	0,0954471604938
38,35	0,6088936	0,0547275555556	-0,0203259259259
38,4	0,6121864	0,0515262222222	-0,179969135802
38,45	0,614656	0,0364342222222	-0,326146419753
38,5	0,616028	0,0157017777778	-0,407111358025
38,55	0,6163024	-0,00731733333333	-0,415919259259
38,6	0,6152048	-0,0282022222222	-0,367221728395
38,65	0,613284	-0,0451235555556	-0,281175308642
38,7	0,61054	-0,0573191111111	-0,155154567901
38,75	0,6075216	-0,0652462222222	0,0612318518519
38,8	0,6031312	-0,0545751111111	0,330804444444
38,85	0,6012104	-0,0263728888889	0,485027407407
38,9	0,6006616	0,00106711111111	0,487229382716
38,95	0,6014848	0,0253057777778	0,402707407407
39	0,6034056	0,0432942222222	0,262627901235
39,05	0,6061496	0,0530506666667	0,0900269135803
39,1	0,609168	0,0519835555556	-0,0750365432099
39,15	0,6116376	0,043904	-0,205291851852
39,2	0,6138328	0,0291168888889	-0,289983209877
39,25	0,6143816	0,015092	-0,36358
39,3	0,6157536	-0,00655511111111	-0,426082222222
39,35	0,6141072	-0,0339951111111	-0,355534320988
39,4	0,6116376	-0,0477151111111	-0,167180740741
39,45	0,6088936	-0,050764	0,0382804938272
39,5	0,6061496	-0,0428368888889	0,221891358025
39,55	0,6042288	-0,026068	0,344439753086
39,6	0,6034056	-0,00533555555556	0,391782222222
39,65	0,60368	0,0160066666667	0,360192345679
39,7	0,605052	0,0344524444444	0,242979506173
39,75	0,6075216	0,043904	0,0591145679012
39,8	0,6102656	0,0375013333333	-0,0775772839506
39,85	0,6110888	0,0317084444444	-0,136014320988
39,9	0,613284	0,0265253333333	-0,227057530864
39,95	0,6143816	0,00990888888889	-0,323859753086
40	0,6143816	-0,009604	-0,348335555556
40,05	0,613284	-0,0272875555556	-0,312257037037
40,1	0,6116376	-0,0432942222222	-0,209865185185
40,15	0,6086192	-0,0510688888889	-0,0428538271605
40,2	0,6061496	-0,049392	0,163877777778
40,25	0,6031312	-0,0344524444444	0,358329135803
40,3	0,602308	-0,0103662222222	0,469613580247
40,35	0,6017592	0,0193604444444	0,434805432099
40,4	0,6047776	0,0391782222222	0,274061234568
40,45	0,606424	0,0442088888889	0,139317283951
40,5	0,6088936	0,0513737777778	0,0290491358025
40,55	0,611912	0,0500017777778	-0,123988148148
40,6	0,6143816	0,0387208888889	-0,268471604938
40,65	0,616028	0,0208848888889	-0,368322716049
40,7	0,6165768	-0,000152444444444	-0,418798765432
40,75	0,616028	-0,0224093333333	-0,421508888889
40,8	0,6143816	-0,0445137777778	-0,354602716049
40,85	0,6116376	-0,064484	-0,152698518519
40,9	0,6069728	-0,0646364444444	0,13762345679
40,95	0,6042288	-0,045276	0,328348395062
41	0,6025824	-0,0253057777778	0,387801728395
41,05	0,6017592	-0,00518311111111	0,396270864198
41,1	0,6020336	0,0146346666667	0,378824444444
41,15	0,6031312	0,0349097777778	0,315051851852
41,2	0,6058752	0,0486297777778	0,194620740741
41,25	0,6083448	0,0539653333333	0,0599614814815
41,3	0,6110888	0,0583862222222	-0,144568148148
41,35	0,6152048	0,0423795555556	-0,385769135803
41,4	0,616028	0,012348	-0,480538765432
41,45	0,616028	-0,0121955555556	-0,433873827161
41,5	0,614656	-0,032928	-0,320895555556
41,55	0,6124608	-0,0458857777778	-0,164047160494
41,6	0,6097168	-0,0503066666667	0,0121955555556
41,65	0,6069728	-0,0440564444444	0,174379506173
41,7	0,605052	-0,0309462222222	0,291253580247
41,75	0,60368	-0,0126528888889	0,346895802469
41,8	0,60368	0,00701244444444	0,325807654321
41,85	0,6045032	0,0237813333333	0,229005432099
41,9	0,6066984	0,0289644444444	0,137792839506
41,95	0,6072472	0,0347573333333	0,0846066666667
42	0,6099912	0,0414648888889	-0,0383651851852
42,05	0,6121864	0,0332328888889	-0,201734814815
42,1	0,6135584	0,0184457777778	-0,315221234568
42,15	0,6141072	6,17272436868E-017	-0,378993827161
42,2	0,6138328	-0,0227142222222	-0,359345432099
42,25	0,6116376	-0,0410075555556	-0,230106419753
42,3	0,609168	-0,0475626666667	-0,0459874074074
42,35	0,6066984	-0,0464955555556	0,158034074074
42,4	0,6039544	-0,0326231111111	0,354009876543
42,45	0,6025824	-0,00365866666667	0,400759506173
42,5	0,6042288	0,0152444444444	0,297097283951
42,55	0,6047776	0,0222568888889	0,236119506173
42,6	0,6058752	0,0367391111111	0,201057283951
42,65	0,6086192	0,0469528888889	0,0876555555556
42,7	0,6110888	0,0471053333333	-0,061824691358
42,75	0,6135584	0,0403977777778	-0,211474320988
42,8	0,6154792	0,0253057777778	-0,34427037037
42,85	0,6163024	0,00426844444444	-0,430147407407
42,9	0,616028	-0,0196653333333	-0,450727407407
42,95	0,614656	-0,0472577777778	-0,332752345679
43	0,61054	-0,0594533333333	-0,0872320987654
43,05	0,607796	-0,0528982222222	0,112808888889
43,1	0,6053264	-0,0440564444444	0,233324691358
43,15	0,6031312	-0,028812	0,320556790123
43,2	0,602308	-0,0105186666667	0,366205432099
43,25	0,6020336	0,00914666666667	0,374166419753
43,3	0,6031312	0,0295742222222	0,322928148148
43,35	0,6053264	0,0437515555556	0,216301728395
43,4	0,607796	0,0509164444444	0,092482962963
43,45	0,6102656	0,0567093333333	-0,101460246914
43,5	0,6143816	0,0440564444444	-0,340289876543
43,55	0,6154792	0,0155493333333	-0,44031037037
43,6	0,6154792	-0,00670755555556	-0,398218765432
43,65	0,614656	-0,0254582222222	-0,305481728395
43,7	0,6127352	-0,0382635555556	-0,180561975309
43,75	0,61054	-0,0440564444444	-0,0425150617284
43,8	0,6080704	-0,0429893333333	0,103916296296
43,85	0,6058752	-0,0332328888889	0,235272592593
43,9	0,6045032	-0,0173786666667	0,312426419753
43,95	0,6039544	0,00152444444444	0,311071358025
44	0,6047776	0,0179884444444	0,226718765432
44,05	0,606424	0,0225617777778	0,15862691358
44,1	0,6066984	0,0312511111111	0,123225925926
44,15	0,6094424	0,0396355555556	0,00279481481482
44,2	0,6113632	0,0344524444444	-0,168705185185
44,25	0,613284	0,0202751111111	-0,295488148148
44,3	0,6135584	0,00106711111111	-0,338850123457
44,35	0,613284	-0,0163115555556	-0,310224444444
44,4	0,611912	-0,0323182222222	-0,220197530864
44,45	0,6097168	-0,0407026666667	-0,0730886419753
44,5	0,6075216	-0,0405502222222	0,0956165432099
44,55	0,6053264	-0,0317084444444	0,26195037037
44,6	0,60368	-0,0102137777778	0,338934814815
44,65	0,6045032	0,00853688888889	0,291422962963
44,7	0,605052	0,0184457777778	0,234340987654
44,75	0,6061496	0,030184	0,195213580247
44,8	0,6080704	0,0403977777778	0,111199753086
44,85	0,61054	0,0434466666667	-0,0154985185185
44,9	0,6127352	0,0388733333333	-0,150327160494
44,95	0,614656	0,0280497777778	-0,28041308642
45	0,6157536	0,0106711111111	-0,392375061728
45,05	0,616028	-0,0126528888889	-0,448779506173
45,1	0,6149304	-0,0422271111111	-0,343084691358
45,15	0,6108144	-0,0532031111111	-0,112724197531
45,2	0,6088936	-0,0490871111111	0,05488
45,25	0,6061496	-0,045276	0,173956049383
45,3	0,6039544	-0,0326231111111	0,289813827161
45,35	0,6025824	-0,0140248888889	0,355619012346
45,4	0,6025824	0,00518311111111	0,373065432099
45,45	0,6031312	0,0243911111111	0,35070691358
45,5	0,605052	0,0417697777778	0,276601975309
45,55	0,6072472	0,0573191111111	0,0962940740741
45,6	0,6116376	0,0553373333333	-0,154900493827
45,65	0,6135584	0,037044	-0,317592592593
45,7	0,6152048	0,0184457777778	-0,371117530864
45,75	0,6154792	-0,00198177777778	-0,363495308642
45,8	0,6149304	-0,0199702222222	-0,302009382716
45,85	0,613284	-0,0335377777778	-0,205461234568
45,9	0,6113632	-0,0414648888889	-0,0825740740741
45,95	0,6088936	-0,0428368888889	0,0608083950617
46	0,6066984	-0,0353671111111	0,198177777778
46,05	0,605052	-0,0207324444444	0,280582469136
46,1	0,6045032	-0,00381111111111	0,286934320988
46,15	0,6047776	0,0112808888889	0,226295308642
46,2	0,6061496	0,0172262222222	0,180900740741
46,25	0,6061496	0,0277448888889	0,152867901235
46,3	0,6088936	0,0371964444444	0,0396355555556
46,35	0,61054	0,0336902222222	-0,112385432099
46,4	0,6124608	0,0243911111111	-0,236458271605
46,45	0,613284	0,00762222222222	-0,298706419753
46,5	0,613284	-0,00945155555556	-0,271943950617
46,55	0,6121864	-0,023324	-0,172431604938
46,6	0,6102656	-0,0248484444444	-0,0944308641975
46,65	0,6099912	-0,0295742222222	-0,061655308642
46,7	0,6075216	-0,0358244444444	0,0539483950617
46,75	0,6056008	-0,0269826666667	0,216217037037
46,8	0,6045032	-0,0106711111111	0,31428962963
46,85	0,6045032	0,00792711111111	0,333091111111
46,9	0,6053264	0,0254582222222	0,278211111111
46,95	0,6072472	0,0381111111111	0,164978765432
47	0,6094424	0,0432942222222	0,0187167901235
47,05	0,611912	0,0402453333333	-0,133727654321
47,1	0,6138328	0,028812	-0,264829876543
47,15	0,6149304	0,012348	-0,358667901235
47,2	0,6152048	-0,00762222222222	-0,414648888889
47,25	0,614656	-0,0347573333333	-0,349097777778
47,3	0,6110888	-0,049392	-0,149903703704
47,35	0,6088936	-0,0475626666667	0,023882962963
47,4	0,606424	-0,043904	0,142281481481
47,45	0,6042288	-0,0333853333333	0,24611308642
47,5	0,6028568	-0,0181408888889	0,318778271605
47,55	0,602308	0	0,35756691358
47,6	0,6028568	0,0190555555556	0,352993580247
47,65	0,6042288	0,0368915555556	0,294725925926
47,7	0,606424	0,0541177777778	0,123564691358
47,75	0,61054	0,0532031111111	-0,119584197531
47,8	0,6124608	0,0371964444444	-0,272790864198
47,85	0,6141072	0,0211897777778	-0,326485185185
47,9	0,614656	0,00320133333333	-0,331990123457
47,95	0,6143816	-0,0132626666667	-0,299129876543
48	0,613284	-0,0282022222222	-0,228920740741
48,05	0,6113632	-0,0381111111111	-0,115010864198
48,1	0,609168	-0,0407026666667	0,0196483950617
48,15	0,6069728	-0,0355195555556	0,136691851852
48,2	0,6053264	-0,0245435555556	0,202835802469
48,25	0,6045032	-0,0121955555556	0,213422222222
48,3	0,6045032	-0,00533555555556	0,249331358025
48,35	0,6034056	0,010976	0,299214567901
48,4	0,6053264	0,0310986666667	0,225363703704
48,45	0,6072472	0,0378062222222	0,0632644444445
48,5	0,6094424	0,0361293333333	-0,0874861728395
48,55	0,6110888	0,0275924444444	-0,204190864198
48,6	0,6124608	0,0134151111111	-0,262289135802
48,65	0,6124608	-0,00152444444444	-0,25509037037
48,7	0,6121864	-0,0140248888889	-0,203936790123
48,75	0,6108144	-0,0217995555556	-0,144652839506
48,8	0,6099912	-0,0278973333333	-0,0863851851852
48,85	0,6080704	-0,0330804444444	0,0214269135803
48,9	0,6061496	-0,02744	0,159135061728
48,95	0,605052	-0,0152444444444	0,260002469136
49	0,6045032	0,000762222222222	0,307683703704
49,05	0,605052	0,0181408888889	0,288289382716
49,1	0,606424	0,0326231111111	0,19809308642
49,15	0,6086192	0,0400928888889	0,0571666666667
49,2	0,6108144	0,0387208888889	-0,0997664197531
49,25	0,6127352	0,0298791111111	-0,248399753086
49,3	0,6141072	0,0135675555556	-0,368661481482
49,35	0,614656	-0,012348	-0,373404197531
49,4	0,6124608	-0,0307937777778	-0,240777530864
49,45	0,6108144	-0,0349097777778	-0,118059753086
49,5	0,609168	-0,039788	-0,0380264197531
49,55	0,6066984	-0,0403977777778	0,0656358024691
49,6	0,6047776	-0,0338426666667	0,178952839506
49,65	0,6031312	-0,0222568888889	0,289475061728
49,7	0,602308	-0,004116	0,372896049383
49,75	0,6025824	0,0169213333333	0,394831111111
49,8	0,60368	0,0417697777778	0,282360987654
49,85	0,6075216	0,0513737777778	0,0505607407407
49,9	0,6097168	0,0429893333333	-0,120346419753
49,95	0,6116376	0,0346048888889	-0,200633827161
50	0,613284	0,0228666666667	-0,259494320988
50,05	0,6141072	0,00792711111111	-0,292185185185
50,1	0,6141072	-0,00792711111111	-0,288712839506
50,15	0,613284	-0,0228666666667	-0,240608148148
50,2	0,6116376	-0,0333853333333	-0,161252345679
50,25	0,6097168	-0,0391782222222	-0,0708866666667
50,3	0,6075216	-0,039788	0,0192249382716
50,35	0,6058752	-0,0399404444444	0,156340246914
50,4	0,6028568	-0,0266777777778	0,325722962963
50,45	0,6025824	-0,00152444444444	0,379925432099
50,5	0,6031312	0,0170737777778	0,312934567901
50,55	0,6045032	0,0307937777778	0,203767407407
50,6	0,606424	0,0381111111111	0,0744437037037
50,65	0,6086192	0,0381111111111	-0,0460720987654
50,7	0,61054	0,0318608888889	-0,133642962963
50,75	0,611912	0,0222568888889	-0,178190617284
50,8	0,6124608	0,0160066666667	-0,24696
50,85	0,6141072	-0,000762222222222	-0,328687160494
50,9	0,6127352	-0,023324	-0,285494567901
50,95	0,6110888	-0,0336902222222	-0,146685432099
51	0,609168	-0,0379586666667	0,00957012345679
51,05	0,6069728	-0,0333853333333	0,173617283951
51,1	0,6053264	-0,0184457777778	0,285494567901
51,15	0,605052	-0,000914666666667	0,312849876543
51,2	0,6053264	0,0152444444444	0,278634567901
51,25	0,6066984	0,0283546666667	0,201734814815
51,3	0,6083448	0,0367391111111	0,085707654321
51,35	0,61054	0,0391782222222	-0,0746977777778
51,4	0,6127352	0,0309462222222	-0,252295555556
51,45	0,6143816	0,00884177777778	-0,327416790123
51,5	0,613284	-0,00853688888889	-0,271266419753
51,55	0,6130096	-0,0169213333333	-0,218164938272
51,6	0,611912	-0,0289644444444	-0,177343703704
51,65	0,6099912	-0,0375013333333	-0,0873167901235
51,7	0,607796	-0,0388733333333	0,0281175308642
51,75	0,6058752	-0,0341475555556	0,140418271605
51,8	0,6042288	-0,0248484444444	0,251702716049
51,85	0,6031312	-0,00884177777778	0,347403950617
51,9	0,6031312	0,0115857777778	0,387547654321
51,95	0,6039544	0,0364342222222	0,29328617284
52	0,6075216	0,0468004444444	0,0846913580247
52,05	0,6094424	0,0410075555556	-0,065127654321
52,1	0,6113632	0,0365866666667	-0,145415061728
52,15	0,613284	0,02744	-0,225363703704
52,2	0,6143816	0,0132626666667	-0,28126
52,25	0,614656	-0,00259155555556	-0,296165679012
52,3	0,6141072	-0,0181408888889	-0,267201234568
52,35	0,6127352	-0,0307937777778	-0,203682716049
52,4	0,6108144	-0,0391782222222	-0,118398518519
52,45	0,6086192	-0,0423795555556	-0,0226972839506
52,5	0,6066984	-0,0446662222222	0,132033827161
52,55	0,6034056	-0,0318608888889	0,322674074074
52,6	0,6028568	-0,00640266666667	0,394915802469
52,65	0,6031312	0,0138724444444	0,335631851852
52,7	0,6045032	0,0285071111111	0,225702469136
52,75	0,6061496	0,0373488888889	0,0912125925926
52,8	0,6086192	0,0376537777778	-0,0360785185185
52,85	0,6102656	0,0309462222222	-0,110268148148
52,9	0,6116376	0,0242386666667	-0,144991604938
52,95	0,6124608	0,0193604444444	-0,223161728395
53	0,6141072	0,00472577777778	-0,334276790123
53,05	0,6135584	-0,02058	-0,319455802469
53,1	0,6113632	-0,0338426666667	-0,171245925926
53,15	0,6097168	-0,037044	-0,0144822222222
53,2	0,6075216	-0,0344524444444	0,128222716049
53,25	0,6058752	-0,0231715555556	0,23882962963
53,3	0,605052	-0,00807955555556	0,291846419753
53,35	0,605052	0,00807955555556	0,289729135802
53,4	0,6058752	0,023324	0,222060740741
53,45	0,6075216	0,0336902222222	0,0838444444445
53,5	0,6097168	0,0338426666667	-0,0868933333333
53,55	0,6116376	0,0202751111111	-0,171245925926
53,6	0,6113632	0,0115857777778	-0,161337037037
53,65	0,6124608	0,00762222222222	-0,197839012346
53,7	0,6127352	-0,00640266666667	-0,255767901235
53,75	0,611912	-0,0221044444444	-0,236542962963
53,8	0,6102656	-0,0332328888889	-0,147278271605
53,85	0,6083448	-0,0381111111111	-0,0210881481482
53,9	0,6061496	-0,0355195555556	0,111623209877
53,95	0,6045032	-0,026068	0,227396296296
54	0,6034056	-0,0118906666667	0,315898765432
54,05	0,6031312	0,00640266666667	0,364172839506
54,1	0,60368	0,0298791111111	0,298960493827
54,15	0,6066984	0,0420746666667	0,121108641975
54,2	0,6086192	0,0396355555556	-0,0256614814815
54,25	0,61054	0,0364342222222	-0,116027160494
54,3	0,6124608	0,0282022222222	-0,195721728395
54,35	0,6135584	0,0160066666667	-0,252719012346
54,4	0,6141072	0,00213422222222	-0,292523950617
54,45	0,6138328	-0,0138724444444	-0,308445925926
54,5	0,6127352	-0,0297266666667	-0,284054814815
54,55	0,6110888	-0,0474102222222	-0,154307654321
54,6	0,6072472	-0,0500017777778	0,0656358024691
54,65	0,6053264	-0,037044	0,220705679012
54,7	0,60368	-0,0236288888889	0,288712839506
54,75	0,6028568	-0,00731733333333	0,317931358025
54,8	0,6028568	0,00990888888889	0,300400246914
54,85	0,6039544	0,0250008888889	0,23154617284
54,9	0,6056008	0,0343	0,130170617284
54,95	0,6075216	0,0390257777778	0,0124496296296
55	0,6099912	0,0346048888889	-0,0877402469136
55,05	0,6110888	0,0266777777778	-0,13076345679
55,1	0,6121864	0,0245435555556	-0,21782617284
55,15	0,6143816	0,00746977777778	-0,334192098765
55,2	0,613284	-0,0158542222222	-0,317846666667
55,25	0,6121864	-0,028812	-0,202327654321
55,3	0,6102656	-0,0368915555556	-0,0528474074074
55,35	0,6080704	-0,0346048888889	0,104678518519
55,4	0,606424	-0,0240862222222	0,212067160494
55,45	0,6056008	-0,0108235555556	0,261696296296
55,5	0,6053264	0,00335377777778	0,269826666667
55,55	0,6058752	0,0181408888889	0,222738271605
55,6	0,6072472	0,0289644444444	0,107049876543
55,65	0,609168	0,0312511111111	-0,047935308642
55,7	0,6110888	0,0201226666667	-0,131102222222
55,75	0,6108144	0,0135675555556	-0,131102222222
55,8	0,6121864	0,0103662222222	-0,175988641975
55,85	0,6124608	-0,00289644444444	-0,232647160494
55,9	0,611912	-0,0167688888889	-0,21952
55,95	0,61054	-0,0266777777778	-0,160490123457
56	0,609168	-0,0336902222222	-0,0692775308642
56,05	0,6069728	-0,0353671111111	0,0630103703704
56,1	0,6053264	-0,028812	0,216979259259
56,15	0,60368	-0,0132626666667	0,343677530864
56,2	0,6034056	0,0125004444444	0,330380987654
56,25	0,6056008	0,0263728888889	0,188607654321
56,3	0,6066984	0,0278973333333	0,0922288888889
56,35	0,6080704	0,0324706666667	0,0467496296296
56,4	0,6099912	0,0349097777778	-0,0316745679012
56,45	0,611912	0,0306413333333	-0,133388888889
56,5	0,613284	0,0207324444444	-0,223077037037
56,55	0,6141072	0,00731733333333	-0,290745432099
56,6	0,6141072	-0,00914666666667	-0,328602469136
56,65	0,613284	-0,0269826666667	-0,31556
56,7	0,6116376	-0,046648	-0,181578271605
56,75	0,607796	-0,0500017777778	0,0437007407407
56,8	0,6058752	-0,0378062222222	0,194027901235
56,85	0,6042288	-0,0263728888889	0,259917777778
56,9	0,6031312	-0,0118906666667	0,304041975309
56,95	0,6028568	0,00533555555556	0,30912345679
57	0,60368	0,021952	0,253481234568
57,05	0,6053264	0,0326231111111	0,157102469136
57,1	0,6072472	0,037044	0,0647888888889
57,15	0,609168	0,0375013333333	-0,00973950617284
57,2	0,6108144	0,0385684444444	-0,130085925926
57,25	0,6135584	0,0282022222222	-0,303618518519
57,3	0,6143816	0,00396355555556	-0,386785432099
57,35	0,6138328	-0,0185982222222	-0,309377530864
57,4	0,611912	-0,0297266666667	-0,161082962963
57,45	0,61054	-0,0326231111111	-0,0368407407407
57,5	0,6086192	-0,0326231111111	0,0690234567901
57,55	0,6069728	-0,0257631111111	0,16464
57,6	0,6058752	-0,0147871111111	0,222484197531
57,65	0,6053264	-0,000914666666667	0,222738271605
57,7	0,6058752	0,010976	0,157271851852
57,75	0,6069728	0,0134151111111	0,108828395062
57,8	0,6069728	0,0189031111111	0,103069382716
57,85	0,6086192	0,0272875555556	0,0337918518519
57,9	0,6102656	0,0251533333333	-0,0889259259259
57,95	0,6113632	0,0172262222222	-0,193858518519
58	0,6121864	0,004116	-0,259240246914
58,05	0,611912	-0,0117382222222	-0,253904691358
58,1	0,6108144	-0,0236288888889	-0,190894320988
58,15	0,6094424	-0,0323182222222	-0,0889259259259
58,2	0,6072472	-0,0335377777778	0,040990617284
58,25	0,6058752	-0,0282022222222	0,17022962963
58,3	0,6042288	-0,0173786666667	0,296843209877
58,35	0,6034056	0,00625022222222	0,322335308642
58,4	0,6053264	0,0216471111111	0,216725185185
58,45	0,6061496	0,0263728888889	0,12263308642
58,5	0,607796	0,0317084444444	0,0601308641975
58,55	0,6094424	0,0335377777778	-0,0188861728395
58,6	0,6113632	0,0309462222222	-0,12263308642
58,65	0,6127352	0,0221044444444	-0,240184691358
58,7	0,6138328	0,00731733333333	-0,345710123457
58,75	0,6141072	-0,0182933333333	-0,332244197531
58,8	0,6113632	-0,0324706666667	-0,189708641975
58,85	0,6102656	-0,0349097777778	-0,072072345679
58,9	0,6080704	-0,0379586666667	0,0182086419753
58,95	0,6061496	-0,0339951111111	0,116535308642
59	0,6045032	-0,0259155555556	0,204021481482
59,05	0,6034056	-0,0134151111111	0,277533580247
59,1	0,6028568	0,00442088888889	0,290321975309
59,15	0,6039544	0,0199702222222	0,217233333333
59,2	0,6053264	0,0266777777778	0,125681975309
59,25	0,6066984	0,0303364444444	0,0697856790124
59,3	0,6083448	0,0335377777778	0,0164301234568
59,35	0,6102656	0,0321657777778	-0,0489516049383
59,4	0,6113632	0,0317084444444	-0,17022962963
59,45	0,6141072	0,0179884444444	-0,328771851852
59,5	0,6138328	-0,00792711111111	-0,354263950617
59,55	0,6127352	-0,0240862222222	-0,243148888889
59,6	0,6110888	-0,0327755555556	-0,100359259259
59,65	0,609168	-0,0333853333333	0,0337071604938
59,7	0,6075216	-0,0282022222222	0,136099012346
59,75	0,6061496	-0,0181408888889	0,194281975309
59,8	0,6056008	-0,00625022222222	0,194578395062
59,85	0,6056008	0,004116	0,141222839506
59,9	0,606424	0,00685999999998	0,104246592591
59,95	0,6061496	0,011357111111	0,118949012341
60	0,6075216	0,0195128888885	0,140841728388
