0,05	-0,0254992582555	-0,0804906666667	1,29005264198
0,1	-0,0312616582555	-0,0256106666667	1,54058661728
0,15	-0,0318104582555	0,0584472	1,80951555556
0,2	-0,0271456582555	0,169823111111	1,77804424691
0,25	-0,0139744582555	0,267082666667	1,1046971358
0,3	0,00248954174455	0,299096	-0,0109590617284
0,35	0,0184047417445	0,268149777778	-1,20244790123
0,4	0,0321247417445	0,170280444444	-2,17910864198
0,45	0,0373383417445	0,0277448888889	-2,62466987654
0,5	0,0348687417445	-0,117229777778	-2,45333925926
0,55	0,0249903417445	-0,242691555556	-1,67256962963
0,6	0,00797754174455	-0,305193777778	-0,430570864198
0,65	-0,00903525825545	-0,287510222222	0,855890864198
0,7	-0,0235784582555	-0,202903555556	1,7888508642
0,75	-0,0304384582555	-0,0868933333333	2,22551950617
0,8	-0,0323592582555	0,0353671111111	2,25151975309
0,85	-0,0265968582555	0,150005333333	1,93629851852
0,9	-0,0167184582555	0,243758666667	1,24767308642
0,95	-0,000528858255455	0,293150666667	0,164894074074
1	0,0159351417445	0,266777777778	-1,04898716049
1,05	0,0288319417445	0,176378222222	-2,00286592593
1,1	0,0351431417445	0,0458857777778	-2,4696
1,15	0,0337711417445	-0,0936008888889	-2,36720814815
1,2	0,0249903417445	-0,213117333333	-1,71677851852
1,25	0,0104471417445	-0,282632	-0,656019259259
1,3	-0,00601685825545	-0,286138222222	0,562181234568
1,35	-0,0213832582555	-0,216471111111	1,5650962963
1,4	-0,0290664582555	-0,109150222222	2,11592888889
1,45	-0,0326336582555	0,010976	2,2611745679
1,5	-0,0279688582555	0,13034	2,03504864198
1,55	-0,0189136582555	0,229581333333	1,42620246914
1,6	-0,00354725825545	0,290406666667	0,423964938272
1,65	0,0131911417445	0,280497777778	-0,773147407407
1,7	0,0269111417445	0,208848888889	-1,85999160494
1,75	0,0365151417445	0,0803382222222	-2,57114493827
1,8	0,0365151417445	-0,079576	-2,56843481481
1,85	0,0269111417445	-0,207019555556	-1,86439555556
1,9	0,0134655417445	-0,279278222222	-0,79703037037
1,95	-0,00327285825545	-0,292083555556	0,400251358025
2	-0,0189136582555	-0,232477777778	1,43179209877
2,05	-0,0282432582555	-0,130035111111	2,04758296296
2,1	-0,0323592582555	-0,0112808888889	2,25770222222
2,15	-0,0293408582555	0,107778222222	2,11677580247
2,2	-0,0213832582555	0,216013777778	1,5761908642
2,25	-0,00629125825545	0,285985777778	0,588181481481
2,3	0,0104471417445	0,284004	-0,609100246914
2,35	0,0247159417445	0,217385777778	-1,65791802469
2,4	0,0337711417445	0,106711111111	-2,39278493827
2,45	0,0373383417445	-0,0432942222222	-2,58901481481
2,5	0,0291063417445	-0,184762666667	-2,05444296296
2,55	0,0162095417445	-0,268607111111	-1,03696098765
2,6	1,99417445452E-005	-0,29498	0,157271851852
2,65	-0,0164440582555	-0,247722222222	1,23454592593
2,7	-0,0265968582555	-0,154578666667	1,93706074074
2,75	-0,0326336582555	-0,0387208888889	2,26032765432
2,8	-0,0307128582555	0,0841493333333	2,22094617284
2,85	-0,0241272582555	0,199702222222	1,7593782716
2,9	-0,00958405825545	0,282784444444	0,797115061728
2,95	0,00742874174455	0,292083555556	-0,441665432099
3	0,0225207417445	0,232172888889	-1,55484864198
3,05	0,0326735417445	0,120583555556	-2,29124
3,1	0,0356919417445	-0,0179884444444	-2,50694888889
3,15	0,0307527417445	-0,153206666667	-2,15675012346
3,2	0,0189535417445	-0,254124888889	-1,30653358025
3,25	0,00303834174455	-0,297419111111	-0,138555061728
3,3	-0,0137000582555	-0,270741333333	1,06948246914
3,35	-0,0271456582555	-0,175006222222	1,93951679012
3,4	-0,0320848582555	-0,0524408888889	2,27828222222
3,45	-0,0318104582555	0,0650937777778	2,25406049383
3,5	-0,0260480582555	0,184762666667	1,88209604938
3,55	-0,0123280582555	0,276076888889	1,01240049383
3,6	0,00468474174455	0,298486222222	-0,151597530864
3,65	0,0197767417445	0,261137333333	-1,33414296296
3,7	0,0334967417445	0,158237333333	-2,30767012346
3,75	0,0378871417445	0,00625022222222	-2,70453382716
3,8	0,0340455417445	-0,144974666667	-2,35772271605
3,85	0,0214231417445	-0,253362666667	-1,43399407407
3,9	0,00605674174455	-0,297266666667	-0,260764691358
3,95	-0,0106816582555	-0,279735555556	0,909923950617
4	-0,0249504582555	-0,194366666667	1,80375654321
4,05	-0,0312616582555	-0,0775942222222	2,2194217284
4,1	-0,0323592582555	0,0394831111111	2,28886864198
4,15	-0,0279688582555	0,163877777778	1,99473555556
4,2	-0,0150720582555	0,262204444444	1,19016765432
4,25	0,00111754174455	0,297266666667	0,0572513580247
4,3	0,0173071417445	0,267082666667	-1,09040123457
4,35	0,0299295417445	0,181408888889	-2,05706839506
4,4	0,0376127417445	0,0460382222222	-2,6173017284
4,45	0,0354175417445	-0,107625777778	-2,5276982716
4,5	0,0258135417445	-0,236441333333	-1,75065506173
4,55	0,00907514174455	-0,301992444444	-0,521952839506
4,6	-0,00766325825545	-0,290254222222	0,757818271605
4,65	-0,0227552582555	-0,211592888889	1,72101308642
4,7	-0,0301640582555	-0,0972595555556	2,20714148148
4,75	-0,0326336582555	0,0253057777778	2,27658839506
4,8	-0,0274200582555	0,142535555556	1,99558246914
4,85	-0,0178160582555	0,240404888889	1,32652074074
4,9	-0,00162645825545	0,293455555556	0,264745185185
4,95	0,0148375417445	0,272418222222	-0,925168395062
5	0,0280087417445	0,190860444444	-1,90242197531
5,05	0,0354175417445	0,0687524444444	-2,51380888889
5,1	0,0365151417445	-0,0844542222222	-2,53616740741
5,15	0,0260879417445	-0,217233333333	-1,83492296296
5,2	0,0118191417445	-0,284613777778	-0,718352098765
5,25	-0,00464485825545	-0,292388444444	0,497731111111
5,3	-0,0205600582555	-0,227142222222	1,52918716049
5,35	-0,0290664582555	-0,119821333333	2,12177259259
5,4	-0,0329080582555	0,00198177777778	2,2948817284
5,45	-0,0287920582555	0,122412888889	2,1028017284
5,5	-0,0202856582555	0,228056888889	1,51140197531
5,55	-0,00437045825545	0,292693333333	0,495020987654
5,6	0,0120935417445	0,285680888889	-0,709628888889
5,65	0,0266367417445	0,217080888889	-1,80511160494
5,7	0,0362407417445	0,0903995555556	-2,52532691358
5,75	0,0367895417445	-0,0614351111111	-2,61797925926
5,8	0,0296551417445	-0,201226666667	-2,01412987654
5,85	0,0142887417445	-0,285528444444	-0,887311358025
5,9	-0,00217525825545	-0,294217777778	0,360022962963
5,95	-0,0178160582555	-0,237660888889	1,36742666667
6	-0,0274200582555	-0,141163555556	1,99880074074
6,05	-0,0326336582555	-0,0243911111111	2,2748945679
6,1	-0,0301640582555	0,0992413333333	2,18961037037
6,15	-0,0224808582555	0,212507555556	1,6611362963
6,2	-0,00738885825545	0,286443111111	0,667452592593
6,25	0,00934954174455	0,288729777778	-0,546682716049
6,3	0,0241671417445	0,224703111111	-1,6242108642
6,35	0,0334967417445	0,114638222222	-2,3846545679
6,4	0,0376127417445	-0,0355195555556	-2,60078691358
6,45	0,0296551417445	-0,17836	-2,08162888889
6,5	0,0170327417445	-0,262661777778	-1,09285728395
6,55	0,00139194174455	-0,293608	0,0679224691358
6,6	-0,0153464582555	-0,253210222222	1,15849308642
6,65	-0,0260480582555	-0,162200888889	1,90309950617
6,7	-0,0323592582555	-0,0468004444444	2,25914197531
6,75	-0,0309872582555	0,0766795555556	2,24703111111
6,8	-0,0246760582555	0,194366666667	1,80866864198
6,85	-0,0104072582555	0,280192888889	0,871728148148
6,9	0,00660554174455	0,293760444444	-0,343338765432
6,95	0,0216975417445	0,2401	-1,45889333333
7	0,0323991417445	0,137504888889	-2,29327259259
7,05	0,0376127417445	-0,00990888888889	-2,61018765432
7,1	0,0313015417445	-0,155036	-2,21772790123
7,15	0,0197767417445	-0,251228444444	-1,33016246914
7,2	0,00441034174455	-0,297724	-0,184119012346
7,25	-0,0128768582555	-0,274247555556	1,02493481481
7,3	-0,0263224582555	-0,179579555556	1,89361407407
7,35	-0,0315360582555	-0,0605204444444	2,2400017284
7,4	-0,0318104582555	0,0544226666667	2,26439283951
7,45	-0,0268712582555	0,177292888889	1,94730839506
7,5	-0,0131512582555	0,273637777778	1,09895506173
7,55	0,00358714174455	0,301687555556	-0,0835056790123
7,6	0,0195023417445	0,266015555556	-1,29840320988
7,65	0,0329479417445	0,163268	-2,27819753086
7,7	0,0378871417445	0,0147871111111	-2,69377802469
7,75	0,0345943417445	-0,137504888889	-2,38753407407
7,8	0,0222463417445	-0,248484444444	-1,4918382716
7,85	0,00715434174455	-0,296656888889	-0,323775061728
7,9	-0,00985845825545	-0,282327111111	0,871812839506
7,95	-0,0241272582555	-0,198330222222	1,80062296296
8	-0,0309872582555	-0,080948	2,24880962963
8,05	-0,0323592582555	0,0442088888889	2,25804098765
8,1	-0,0260480582555	0,157627555556	1,90538617284
8,15	-0,0158952582555	0,248484444444	1,20109283951
8,2	0,000568741744545	0,294522666667	0,128730864198
8,25	0,0167583417445	0,266472888889	-1,05728691358
8,3	0,0293807417445	0,182171111111	-2,06604567901
8,35	0,0376127417445	0,0403977777778	-2,59900839506
8,4	0,0337711417445	-0,110064888889	-2,40371012346
8,45	0,0247159417445	-0,221959111111	-1,65961185185
8,5	0,00989834174455	-0,288272444444	-0,587758024691
8,55	-0,00684005825545	-0,287662666667	0,623497777778
8,6	-0,0219320582555	-0,217080888889	1,6294617284
8,65	-0,0301640582555	-0,105186666667	2,19663975309
8,7	-0,0329080582555	0,0211897777778	2,30750074074
8,75	-0,0276944582555	0,140401333333	2,01861851852
8,8	-0,0180904582555	0,237051111111	1,36471654321
8,85	-0,00244965825545	0,293150666667	0,34384691358
8,9	0,0142887417445	0,278668444444	-0,84250962963
8,95	0,0277343417445	0,204123111111	-1,90530148148
9	0,0370639417445	0,0743928888889	-2,59612888889
9,05	0,0367895417445	-0,0868933333333	-2,57173777778
9,1	0,0266367417445	-0,213879555556	-1,83805654321
9,15	0,0129167417445	-0,283089333333	-0,756801975309
9,2	-0,00382165825545	-0,294370222222	0,443528641975
9,25	-0,0197368582555	-0,232325333333	1,48176
9,3	-0,0287920582555	-0,127138666667	2,09738148148
9,35	-0,0329080582555	-0,00564044444444	2,29522049383
9,4	-0,0293408582555	0,115857777778	2,11796148148
9,45	-0,0208344582555	0,221349333333	1,55281604938
9,5	-0,00574245825545	0,289034666667	0,581660246914
9,55	0,0109959417445	0,288577333333	-0,600038271605
9,6	0,0255391417445	0,226684888889	-1,72033555556
9,65	0,0362407417445	0,103814666667	-2,50821925926
9,7	0,0373383417445	-0,0504591111111	-2,66684617284
9,75	0,0307527417445	-0,193909333333	-2,10407209877
9,8	0,0156607417445	-0,284004	-0,999442716049
9,85	-0,000803258255455	-0,300163111111	0,269318518519
9,9	-0,0172672582555	-0,246807555556	1,32940024691
9,95	-0,0271456582555	-0,149852888889	1,99803851852
10	-0,0329080582555	-0,0326231111111	2,29395012346
10,05	-0,0307128582555	0,0920764444444	2,22941530864
10,1	-0,0235784582555	0,208086666667	1,72067432099
10,15	-0,00848645825545	0,286900444444	0,715472592593
10,2	0,00852634174455	0,289492	-0,515008148148
10,25	0,0230695417445	0,227599555556	-1,59185876543
10,3	0,0332223417445	0,116010222222	-2,31571580247
10,35	0,0359663417445	-0,0250008888889	-2,51838222222
10,4	0,0304783417445	-0,160219111111	-2,13523851852
10,45	0,0184047417445	-0,258850666667	-1,25538
10,5	0,00221514174455	-0,298181333333	-0,0785088888889
10,55	-0,0142488582555	-0,268607111111	1,11945037037
10,6	-0,0276944582555	-0,171195111111	1,9815237037
10,65	-0,0323592582555	-0,0455808888889	2,30047135802
10,7	-0,0315360582555	0,0721062222222	2,24050987654
10,75	-0,0254992582555	0,189793333333	1,84076666667
10,8	-0,0115048582555	0,277753777778	0,963279506173
10,85	0,00523354174455	0,299096	-0,210796790123
10,9	0,0208743417445	0,257326222222	-1,40274296296
10,95	0,0337711417445	0,148938222222	-2,33223061728
11	0,0376127417445	-0,000914666666667	-2,67031851852
11,05	0,0334967417445	-0,147718666667	-2,31698617284
11,1	0,0211487417445	-0,255649333333	-1,40502962963
11,15	0,00523354174455	-0,298638666667	-0,222230123457
11,2	-0,0112304582555	-0,277906222222	0,953624691358
11,25	-0,0254992582555	-0,190860444444	1,84330740741
11,3	-0,0315360582555	-0,0711915555556	2,24211901235
11,35	-0,0320848582555	0,0454284444444	2,28819111111
11,4	-0,0276944582555	0,169670666667	1,97601876543
11,45	-0,0142488582555	0,267844888889	1,12232987654
11,5	0,00221514174455	0,296961777778	-0,0675837037037
11,55	0,0181303417445	0,259765333333	-1,24631802469
11,6	0,0307527417445	0,160371555556	-2,1376945679
11,65	0,0356919417445	0,0243911111111	-2,51245382716
11,7	0,0332223417445	-0,114028444444	-2,3196962963
11,75	0,0233439417445	-0,228666666667	-1,60236049383
11,8	0,00825194174455	-0,290559111111	-0,500017777778
11,85	-0,00848645825545	-0,285376	0,736730123457
11,9	-0,0235784582555	-0,2058	1,72660271605
11,95	-0,0304384582555	-0,0899422222222	2,21578
12	-0,0326336582555	0,0330804444444	2,26718765432
12,05	-0,0268712582555	0,149395555556	1,95450716049
12,1	-0,0169928582555	0,243606222222	1,26071555556
12,15	-0,000803258255455	0,293303111111	0,182848641975
12,2	0,0156607417445	0,267844888889	-1,0189217284
12,25	0,0285575417445	0,179884444444	-1,97110666667
12,3	0,0351431417445	0,0525933333333	-2,47764567901
12,35	0,0345943417445	-0,0908568888889	-2,41514345679
12,4	0,0252647417445	-0,214641777778	-1,7476908642
12,45	0,0107215417445	-0,282327111111	-0,676260493827
12,5	-0,00546805825545	-0,287662666667	0,524070123457
12,55	-0,0211088582555	-0,221959111111	1,54163679012
12,6	-0,0293408582555	-0,114180888889	2,12829382716
12,65	-0,0329080582555	0,00777466666667	2,29488172839
12,7	-0,0285176582555	0,128663111111	2,08942049383
12,75	-0,0194624582555	0,232020444444	1,48912814815
12,8	-0,00382165825545	0,295589777778	0,476727654321
12,85	0,0129167417445	0,291473777778	-0,779922716049
12,9	0,0285575417445	0,212812444444	-1,9175817284
12,95	0,0365151417445	0,0783564444444	-2,56640222222
13	0,0367895417445	-0,0692097777778	-2,59121679012
13,05	0,0293807417445	-0,207172	-1,97500246914
13,1	0,0137399417445	-0,289796888889	-0,837597530864
13,15	-0,00299845825545	-0,295132444444	0,414818271605
13,2	-0,0183648582555	-0,236441333333	1,42493209877
13,25	-0,0282432582555	-0,135980444444	2,04800641975
13,3	-0,0326336582555	-0,0163115555556	2,28056888889
13,35	-0,0298896582555	0,104881777778	2,15285432099
13,4	-0,0219320582555	0,215404	1,60837358025
13,45	-0,00684005825545	0,286595555556	0,603934074074
13,5	0,00989834174455	0,285528444444	-0,616468395062
13,55	0,0244415417445	0,218148	-1,69221802469
13,6	0,0337711417445	0,0998511111111	-2,37245901235
13,65	0,0354175417445	-0,0420746666667	-2,49331358025
13,7	0,0291063417445	-0,173481777778	-2,0279345679
13,75	0,0164839417445	-0,264796	-1,08565851852
13,8	1,99417445452E-005	-0,293608	0,114587407407
13,85	-0,0161696582555	-0,247264888889	1,19499506173
13,9	-0,0263224582555	-0,157627555556	1,91470222222
13,95	-0,0329080582555	-0,04116	2,26261432099
14	-0,0307128582555	0,0827773333333	2,2242491358
14,05	-0,0244016582555	0,197568	1,76395160494
14,1	-0,00985845825545	0,280955111111	0,816170617284
14,15	0,00687994174455	0,292083555556	-0,41244691358
14,2	0,0222463417445	0,234154666667	-1,53155851852
14,25	0,0323991417445	0,123175111111	-2,28048419753
14,3	0,0356919417445	-0,0152444444444	-2,50466222222
14,35	0,0307527417445	-0,150462666667	-2,1625091358
14,4	0,0192279417445	-0,251685777778	-1,3249962963
14,45	0,00331274174455	-0,296047111111	-0,175565185185
14,5	-0,0131512582555	-0,272723111111	1,02849185185
14,55	-0,0271456582555	-0,179122222222	1,92139283951
14,6	-0,0320848582555	-0,0559471111111	2,28099234568
14,65	-0,0320848582555	0,0612826666667	2,2765037037
14,7	-0,0265968582555	0,183848	1,91487160494
14,75	-0,0126024582555	0,276381777778	1,03763851852
14,8	0,00413594174455	0,300315555556	-0,137792839506
14,85	0,0197767417445	0,262966666667	-1,33363481481
14,9	0,0332223417445	0,158542222222	-2,29530518519
14,95	0,0376127417445	0,00990888888889	-2,6917454321
15	0,0343199417445	-0,141316	-2,37838740741
15,05	0,0216975417445	-0,252752888889	-1,47007259259
15,1	0,00633114174455	-0,298943555556	-0,280074320988
15,15	-0,0106816582555	-0,281717333333	0,924575555556
15,2	-0,0249504582555	-0,194061777778	1,83771777778
15,25	-0,0312616582555	-0,0753075555556	2,24720049383
15,3	-0,0323592582555	0,046648	2,2448291358
15,35	-0,0263224582555	0,160676444444	1,90072814815
15,4	-0,0156208582555	0,252448	1,16874074074
15,45	0,000843141744545	0,295589777778	0,0539483950617
15,5	0,0173071417445	0,262356888889	-1,15129432099
15,55	0,0296551417445	0,167079111111	-2,06367432099
15,6	0,0354175417445	0,0353671111111	-2,48408222222
15,65	0,0334967417445	-0,103814666667	-2,34468024691
15,7	0,0241671417445	-0,221044444444	-1,66638716049
15,75	0,00934954174455	-0,287510222222	-0,586233580247
15,8	-0,00738885825545	-0,286595555556	0,640012592593
15,85	-0,0224808582555	-0,213269777778	1,6421654321
15,9	-0,0301640582555	-0,101528	2,18088716049
15,95	-0,0329080582555	0,0214946666667	2,29361135802
16	-0,0279688582555	0,142230666667	2,01209728395
16,05	-0,0178160582555	0,238728	1,3292308642
16,1	-0,00244965825545	0,292083555556	0,270842962963
16,15	0,0145631417445	0,272570666667	-0,929657037037
16,2	0,0274599417445	0,189183555556	-1,91012888889
16,25	0,0351431417445	0,0635693333333	-2,45545654321
16,3	0,0345943417445	-0,079576	-2,43250518519
16,35	0,0263623417445	-0,203513333333	-1,83119654321
16,4	0,0123679417445	-0,280650222222	-0,797961975309
16,45	-0,00437045825545	-0,292693333333	0,435991111111
16,5	-0,0202856582555	-0,228514222222	1,48430074074
16,55	-0,0287920582555	-0,123327555556	2,08069728395
16,6	-0,0329080582555	-0,00457333333333	2,27294666667
16,65	-0,0293408582555	0,115705333333	2,1165217284
16,7	-0,0211088582555	0,223940888889	1,54705703704
16,75	-0,00519365825545	0,289949333333	0,545920493827
16,8	0,0109959417445	0,284766222222	-0,620957037037
16,85	0,0252647417445	0,225160444444	-1,71898049383
16,9	0,0362407417445	0,102290222222	-2,51618024691
16,95	0,0370639417445	-0,0539653333333	-2,66515234568
17	0,0302039417445	-0,196196	-2,07908814815
17,05	0,0151119417445	-0,284156444444	-0,965058024691
17,1	-0,00135205825545	-0,298181333333	0,297097283951
17,15	-0,0175416582555	-0,244063555556	1,34464469136
17,2	-0,0274200582555	-0,146651555556	2,00312
17,25	-0,0329080582555	-0,0286595555556	2,27718123457
17,3	-0,0304384582555	0,0939057777778	2,18969506173
17,35	-0,0233040582555	0,206562222222	1,68510395062
17,4	-0,00848645825545	0,283851555556	0,705987160494
17,45	0,00825194174455	0,288882222222	-0,525509876543
17,5	0,0233439417445	0,224398222222	-1,61608049383
17,55	0,0326735417445	0,10976	-2,30224987654
17,6	0,0351431417445	-0,0265253333333	-2,47307234568
17,65	0,0299295417445	-0,159152	-2,10474962963
17,7	0,0178559417445	-0,257783555556	-1,23691728395
17,75	0,00166634174455	-0,295894666667	-0,0634338271605
17,8	-0,0145232582555	-0,265863111111	1,12986740741
17,85	-0,0279688582555	-0,167993777778	1,98812962963
17,9	-0,0323592582555	-0,0414648888889	2,28937679012
17,95	-0,0312616582555	0,0745453333333	2,20493950617
18	-0,0252248582555	0,189945777778	1,78410814815
18,05	-0,0112304582555	0,274704888889	0,885956296296
18,1	0,00523354174455	0,292236	-0,305905185185
18,15	0,0208743417445	0,240862222222	-1,43772049383
18,2	0,0315759417445	0,133693777778	-2,22467259259
18,25	0,0354175417445	-0,002744	-2,49483802469
18,3	0,0313015417445	-0,138724444444	-2,2004508642
18,35	0,0203255417445	-0,244368444444	-1,3873291358
18,4	0,00441034174455	-0,291016444444	-0,252719012346
18,45	-0,0115048582555	-0,271198666667	0,911617777778
18,5	-0,0254992582555	-0,187506666667	1,80019950617
18,55	-0,0315360582555	-0,0698195555556	2,21662691358
18,6	-0,0320848582555	0,0469528888889	2,26896617284
18,65	-0,0274200582555	0,169670666667	1,95484592593
18,7	-0,0142488582555	0,266168	1,11987382716
18,75	0,00221514174455	0,296504444444	-0,051322962963
18,8	0,0181303417445	0,259308	-1,21438938272
18,85	0,0302039417445	0,167384	-2,15996839506
18,9	0,0373383417445	0,0231715555556	-2,60620716049
18,95	0,0326735417445	-0,125156888889	-2,3350254321
19	0,0227951417445	-0,231563111111	-1,53367580247
19,05	0,00770314174455	-0,289187111111	-0,441750123457
19,1	-0,00876085825545	-0,281412444444	0,755192839506
19,15	-0,0235784582555	-0,203208444444	1,71017259259
19,2	-0,0304384582555	-0,08918	2,1962162963
19,25	-0,0326336582555	0,0332328888889	2,25677061728
19,3	-0,0268712582555	0,149395555556	1,95027259259
19,35	-0,0169928582555	0,243606222222	1,25614222222
19,4	-0,000803258255455	0,293150666667	0,170822469136
19,45	0,0156607417445	0,266930222222	-1,04043333333
19,5	0,0285575417445	0,176988	-1,98762148148
19,55	0,0348687417445	0,04802	-2,45681160494
19,6	0,0337711417445	-0,0911617777778	-2,36729283951
19,65	0,0249903417445	-0,210983111111	-1,73015975309
19,7	0,0107215417445	-0,282022222222	-0,674227901235
19,75	-0,00601685825545	-0,286138222222	0,545751111111
19,8	-0,0211088582555	-0,217080888889	1,54460098765
19,85	-0,0290664582555	-0,111436888889	2,09738148148
19,9	-0,0326336582555	0,00807955555556	2,25295950617
19,95	-0,0282432582555	0,126681333333	2,04614320988
20	-0,0194624582555	0,228361777778	1,44813753086
20,05	-0,00382165825545	0,289796888889	0,443782716049
20,1	0,0126423417445	0,279735555556	-0,728684444444
20,15	0,0263623417445	0,212202666667	-1,79122222222
20,2	0,0362407417445	0,0879604444444	-2,51567209877
20,25	0,0365151417445	-0,0653986666667	-2,61416814815
20,3	0,0291063417445	-0,204275555556	-1,99913950617
20,35	0,0137399417445	-0,287967555556	-0,859109135802
20,4	-0,00299845825545	-0,295132444444	0,41244691358
20,45	-0,0186392582555	-0,233849777778	1,4236617284
20,5	-0,0276944582555	-0,135370666667	2,03437111111
20,55	-0,0329080582555	-0,0167688888889	2,28006074074
20,6	-0,0296152582555	0,106863555556	2,14286074074
20,65	-0,0216576582555	0,214184444444	1,58660790123
20,7	-0,00684005825545	0,284766222222	0,59682
20,75	0,00989834174455	0,284308888889	-0,617738765432
20,8	0,0244415417445	0,216166222222	-1,68535802469
20,85	0,0334967417445	0,0984791111111	-2,34628938272
20,9	0,0351431417445	-0,0405502222222	-2,46409506173
20,95	0,0291063417445	-0,171042666667	-2,01201259259
21	0,0164839417445	-0,262052	-1,07888320988
21,05	0,000294341744545	-0,290711555556	0,113401728395
21,1	-0,0158952582555	-0,244368444444	1,17983530864
21,15	-0,0257736582555	-0,155036	1,86896888889
21,2	-0,0320848582555	-0,0435991111111	2,20510888889
21,25	-0,0304384582555	0,0762222222222	2,21383209877
21,3	-0,0246760582555	0,194366666667	1,79715061728
21,35	-0,00985845825545	0,280955111111	0,837851604938
21,4	0,00687994174455	0,290864	-0,404655308642
21,45	0,0219719417445	0,233849777778	-1,52156493827
21,5	0,0323991417445	0,123175111111	-2,26947432099
21,55	0,0354175417445	-0,0146346666667	-2,48984123457
21,6	0,0307527417445	-0,148480888889	-2,15387061728
21,65	0,0192279417445	-0,249704	-1,33033185185
21,7	0,00358714174455	-0,295284888889	-0,184034320988
21,75	-0,0131512582555	-0,272113333333	1,0247654321
21,8	-0,0268712582555	-0,177750222222	1,90589432099
21,85	-0,0318104582555	-0,0564044444444	2,24787802469
21,9	-0,0318104582555	0,0583862222222	2,24550666667
21,95	-0,0265968582555	0,178512444444	1,9175817284
22	-0,0131512582555	0,273790222222	1,07312419753
22,05	0,00386154174455	0,300925333333	-0,111877283951
22,1	0,0195023417445	0,263271555556	-1,32508098765
22,15	0,0329479417445	0,158847111111	-2,28556567901
22,2	0,0373383417445	0,0106711111111	-2,67082666667
22,25	0,0340455417445	-0,138572	-2,35382691358
22,3	0,0216975417445	-0,248332	-1,46600740741
22,35	0,00660554174455	-0,29498	-0,312087654321
22,4	-0,0101328582555	-0,281107555556	0,865291604938
22,45	-0,0246760582555	-0,196958222222	1,77623185185
22,5	-0,0309872582555	-0,080948	2,19765604938
22,55	-0,0323592582555	0,0346048888889	2,27447111111
22,6	-0,0282432582555	0,158694666667	1,99236419753
22,65	-0,0156208582555	0,257326222222	1,19270839506
22,7	0,000294341744545	0,293303111111	0,0497138271605
22,75	0,0164839417445	0,262052	-1,11047308642
22,8	0,0288319417445	0,172109777778	-2,02581728395
22,85	0,0354175417445	0,0413124444444	-2,48958716049
22,9	0,0334967417445	-0,101375555556	-2,36449802469
22,95	0,0241671417445	-0,218452888889	-1,67570320988
23	0,00962394174455	-0,285071111111	-0,597328148148
23,05	-0,00711445825545	-0,284613777778	0,619178518519
23,1	-0,0219320582555	-0,213117333333	1,6131162963
23,15	-0,0298896582555	-0,103204888889	2,15700419753
23,2	-0,0326336582555	0,0198177777778	2,26862740741
23,25	-0,0276944582555	0,137809777778	1,99515901235
23,3	-0,0180904582555	0,233849777778	1,35133530864
23,35	-0,00272405825545	0,288882222222	0,346641728395
23,4	0,0137399417445	0,275619555556	-0,821675555556
23,45	0,0271855417445	0,202141333333	-1,87184839506
23,5	0,0362407417445	0,0748502222222	-2,55683209877
23,55	0,0362407417445	-0,0835395555556	-2,55200469136
23,6	0,0263623417445	-0,211288	-1,84017382716
23,65	0,0126423417445	-0,281564888889	-0,754515308642
23,7	-0,00409605825545	-0,291626222222	0,450896790123
23,75	-0,0197368582555	-0,228514222222	1,46854814815
23,8	-0,0285176582555	-0,125309333333	2,05816938272
23,85	-0,0326336582555	-0,00731733333333	2,25846444444
23,9	-0,0293408582555	0,112504	2,11050864198
23,95	-0,0211088582555	0,219977333333	1,55908320988
24	-0,00574245825545	0,287815111111	0,57539308642
24,05	0,0107215417445	0,285376	-0,601139259259
24,1	0,0249903417445	0,225160444444	-1,7107654321
24,15	0,0359663417445	0,101832888889	-2,49009530864
24,2	0,0365151417445	-0,0512213333333	-2,6257708642
24,25	0,0302039417445	-0,190403111111	-2,06638444444
24,3	0,0153863417445	-0,279583111111	-0,989787901235
24,35	-0,000803258255455	-0,296656888889	0,263898271605
24,4	-0,0172672582555	-0,243606222222	1,31966074074
24,45	-0,0268712582555	-0,146346666667	1,97051382716
24,5	-0,0323592582555	-0,0321657777778	2,24948716049
24,55	-0,0304384582555	0,0899422222222	2,19079604938
24,6	-0,0233040582555	0,204580444444	1,69425061728
24,65	-0,00848645825545	0,28126	0,716488888889
24,7	0,00797754174455	0,286290666667	-0,492310864198
24,75	0,0227951417445	0,226075111111	-1,5794091358
24,8	0,0326735417445	0,113723555556	-2,30707728395
24,85	0,0354175417445	-0,0269826666667	-2,49195851852
24,9	0,0296551417445	-0,160524	-2,08272987654
24,95	0,0175815417445	-0,253515111111	-1,21413530864
25	0,00221514174455	-0,292236	-0,0862158024691
25,05	-0,0142488582555	-0,266168	1,09675308642
25,1	-0,0276944582555	-0,168756	1,96678740741
25,15	-0,0320848582555	-0,0435991111111	2,2801454321
25,2	-0,0312616582555	0,0725635555556	2,21205358025
25,25	-0,0252248582555	0,189183555556	1,79681185185
25,3	-0,0112304582555	0,274095111111	0,907721975309
25,35	0,00523354174455	0,291931111111	-0,249670123457
25,4	0,0205999417445	0,245130666667	-1,35074246914
25,45	0,0315759417445	0,147871111111	-2,21027506173
25,5	0,0373383417445	0,00777466666667	-2,62704123457
25,55	0,0332223417445	-0,146651555556	-2,32503185185
25,6	0,0203255417445	-0,252448	-1,39037802469
25,65	0,00523354174455	-0,293303111111	-0,222992345679
25,7	-0,0112304582555	-0,2744	0,933722222222
25,75	-0,0252248582555	-0,188421333333	1,81552864198
25,8	-0,0312616582555	-0,0707342222222	2,21425555556
25,85	-0,0318104582555	0,0449711111111	2,26583259259
25,9	-0,0274200582555	0,167688888889	1,96407728395
25,95	-0,0142488582555	0,265558222222	1,13647333333
26	0,00221514174455	0,296352	-0,027355308642
26,05	0,0181303417445	0,260375111111	-1,1772945679
26,1	0,0302039417445	0,170737777778	-2,11787679012
26,15	0,0373383417445	0,0332328888889	-2,63822049383
26,2	0,0345943417445	-0,123937333333	-2,45088320988
26,25	0,0230695417445	-0,241472	-1,58813234568
26,3	0,00770314174455	-0,294827555556	-0,405417530864
26,35	-0,00903525825545	-0,282174666667	0,795251851852
26,4	-0,0233040582555	-0,203665777778	1,72473950617
26,45	-0,0307128582555	-0,0910093333333	2,21747382716
26,5	-0,0329080582555	0,035672	2,27413234568
26,55	-0,0265968582555	0,151072444444	1,93748419753
26,6	-0,0169928582555	0,242844	1,24521703704
26,65	-0,000803258255455	0,292998222222	0,174294814815
26,7	0,0156607417445	0,267235111111	-1,0332345679
26,75	0,0285575417445	0,17836	-1,99109382716
26,8	0,0351431417445	0,04802	-2,47247950617
26,85	0,0337711417445	-0,0925337777778	-2,37559259259
26,9	0,0249903417445	-0,211592888889	-1,73405555556
26,95	0,0107215417445	-0,282936888889	-0,684560246914
27	-0,00601685825545	-0,288424888889	0,540754320988
27,05	-0,0213832582555	-0,219977333333	1,56899209877
27,1	-0,0296152582555	-0,110369777778	2,13549259259
27,15	-0,0326336582555	0,0105186666667	2,27565679012
27,2	-0,0285176582555	0,129730222222	2,05393481481
27,25	-0,0191880582555	0,232020444444	1,43289308642
27,3	-0,00354725825545	0,290864	0,414056049383
27,35	0,0129167417445	0,279888	-0,765779259259
27,4	0,0266367417445	0,210525777778	-1,84364617284
27,45	0,0365151417445	0,0826248888889	-2,56657160494
27,5	0,0365151417445	-0,0774417777778	-2,57741209877
27,55	0,0271855417445	-0,206257333333	-1,87794617284
27,6	0,0134655417445	-0,278820888889	-0,80990345679
27,65	-0,00299845825545	-0,291473777778	0,371795061728
27,7	-0,0186392582555	-0,235069333333	1,39435851852
27,75	-0,0282432582555	-0,135370666667	2,0384362963
27,8	-0,0329080582555	-0,0146346666667	2,27726592593
27,85	-0,0296152582555	0,106101333333	2,13828740741
27,9	-0,0219320582555	0,213727111111	1,61133777778
27,95	-0,00711445825545	0,287967555556	0,628918024691
28	0,0101727417445	0,288577333333	-0,608083950617
28,05	0,0247159417445	0,218605333333	-1,68154691358
28,1	0,0334967417445	0,106253777778	-2,39659604938
28,15	0,0370639417445	-0,0417697777778	-2,58105382716
28,2	0,0291063417445	-0,182933333333	-2,05876222222
28,25	0,0162095417445	-0,267997333333	-1,04822493827
28,3	1,99417445452E-005	-0,294827555556	0,147447654321
28,35	-0,0164440582555	-0,247874666667	1,22438296296
28,4	-0,0265968582555	-0,155188444444	1,92410296296
28,45	-0,0326336582555	-0,0407026666667	2,25439925926
28,5	-0,0309872582555	0,08232	2,23153259259
28,55	-0,0244016582555	0,199397333333	1,77580839506
28,6	-0,00985845825545	0,283699111111	0,801603703704
28,65	0,00742874174455	0,291321333333	-0,436329876543
28,7	0,0219719417445	0,232782666667	-1,53621654321
28,75	0,0326735417445	0,12348	-2,28844518519
28,8	0,0356919417445	-0,0170737777778	-2,52049950617
28,85	0,0307527417445	-0,152901777778	-2,16648962963
28,9	0,0189535417445	-0,254124888889	-1,3112762963
28,95	0,00303834174455	-0,297419111111	-0,140164197531
29	-0,0137000582555	-0,270741333333	1,06643358025
29,05	-0,0271456582555	-0,175158666667	1,93206395062
29,1	-0,0320848582555	-0,0530506666667	2,26549382716
29,15	-0,0318104582555	0,063112	2,24635358025
29,2	-0,0263224582555	0,182780888889	1,88988765432
29,25	-0,0126024582555	0,275467111111	1,0257817284
29,3	0,00441034174455	0,298333777778	-0,141265185185
29,35	0,0195023417445	0,261289777778	-1,32381061728
29,4	0,0332223417445	0,158847111111	-2,29428888889
29,45	0,0376127417445	0,008232	-2,69674222222
29,5	0,0340455417445	-0,142992888889	-2,36542962963
29,55	0,0214231417445	-0,252752888889	-1,44678246914
29,6	0,00605674174455	-0,297114222222	-0,268302222222
29,65	-0,0106816582555	-0,279735555556	0,906451604938
29,7	-0,0249504582555	-0,194366666667	1,80028419753
29,75	-0,0312616582555	-0,0777466666667	2,21179950617
29,8	-0,0323592582555	0,0388733333333	2,27565679012
29,85	-0,0279688582555	0,161896	1,98457259259
29,9	-0,0153464582555	0,260070222222	1,19109925926
29,95	0,000843141744545	0,296352	0,0485281481481
30	0,0170327417445	0,264796	-1,11995851852
30,05	0,0293807417445	0,17836	-2,10644345679
30,1	0,0376127417445	0,0343	-2,60510617284
30,15	0,0329479417445	-0,114790666667	-2,37432222222
30,2	0,0241671417445	-0,223636	-1,62048444444
30,25	0,00907514174455	-0,289187111111	-0,542194074074
30,3	-0,00766325825545	-0,284918666667	0,670924938272
30,35	-0,0224808582555	-0,211288	1,64402864198
30,4	-0,0301640582555	-0,100613333333	2,17326493827
30,45	-0,0329080582555	0,0227142222222	2,27895975309
30,5	-0,0276944582555	0,141163555556	2,00184962963
30,55	-0,0180904582555	0,238423111111	1,33202567901
30,6	-0,00217525825545	0,292083555556	0,270927654321
30,65	0,0142887417445	0,272570666667	-0,937702716049
30,7	0,0277343417445	0,189183555556	-1,9377382716
30,75	0,0351431417445	0,058996	-2,46968469136
30,8	0,0340455417445	-0,08232	-2,40921506173
30,85	0,0260879417445	-0,204123111111	-1,79799753086
30,9	0,0118191417445	-0,279735555556	-0,765101728395
30,95	-0,00464485825545	-0,289187111111	0,450896790123
31	-0,0202856582555	-0,225922666667	1,47947333333
31,05	-0,0287920582555	-0,121803111111	2,08086666667
31,1	-0,0329080582555	-0,00198177777778	2,27879037037
31,15	-0,0290664582555	0,119211555556	2,10602
31,2	-0,0205600582555	0,225160444444	1,52173432099
31,25	-0,00491925825545	0,290254222222	0,515008148148
31,3	0,0115447417445	0,284461333333	-0,681003209877
31,35	0,0258135417445	0,218605333333	-1,7846162963
31,4	0,0359663417445	0,0931435555556	-2,53735308642
31,45	0,0367895417445	-0,0657035555556	-2,59138617284
31,5	0,0280087417445	-0,197415555556	-1,9308782716
31,55	0,0145631417445	-0,272570666667	-0,894848888889
31,6	-0,00135205825545	-0,291473777778	0,266947160494
31,65	-0,0175416582555	-0,241319555556	1,31042938272
31,7	-0,0274200582555	-0,144212444444	1,99016222222
31,75	-0,0326336582555	-0,026068	2,27311604938
31,8	-0,0301640582555	0,0964973333333	2,18114123457
31,85	-0,0227552582555	0,208544	1,66723407407
31,9	-0,00793765825545	0,284156444444	0,687693827161
31,95	0,00880074174455	0,28812	-0,532200493827
32	0,0236183417445	0,225312888889	-1,63293407407
32,05	0,0334967417445	0,109150222222	-2,35416567901
32,1	0,0356919417445	-0,0336902222222	-2,50855802469
32,15	0,0296551417445	-0,166469333333	-2,06926395062
32,2	0,0173071417445	-0,258545777778	-1,17636296296
32,25	0,00166634174455	-0,295132444444	-0,0188861728395
32,3	-0,0150720582555	-0,262814222222	1,15993283951
32,35	-0,0276944582555	-0,162963111111	1,98321753086
32,4	-0,0320848582555	-0,039788	2,26794987654
32,45	-0,0309872582555	0,0756124444444	2,19765604938
32,5	-0,0249504582555	0,191775111111	1,77894197531
32,55	-0,0106816582555	0,276229333333	0,867747654321
32,6	0,00578234174455	0,291321333333	-0,324791358025
32,65	0,0211487417445	0,240252444444	-1,45304962963
32,7	0,0321247417445	0,132321777778	-2,25143506173
32,75	0,0356919417445	-0,00686	-2,51812814815
32,8	0,0313015417445	-0,143450222222	-2,20146716049
32,85	0,0200511417445	-0,248027111111	-1,37216938272
32,9	0,00413594174455	-0,294522666667	-0,21867308642
32,95	-0,0123280582555	-0,271351111111	0,959722469136
33	-0,0257736582555	-0,184457777778	1,83221283951
33,05	-0,0318104582555	-0,0675328888889	2,24245777778
33,1	-0,0323592582555	0,0519835555556	2,29555925926
33,15	-0,0271456582555	0,176073333333	1,96102839506
33,2	-0,0137000582555	0,271656	1,10573037037
33,25	0,00303834174455	0,299858222222	-0,061655308642
33,3	0,0186791417445	0,266168	-1,2580054321
33,35	0,0323991417445	0,166164444444	-2,23542839506
33,4	0,0373383417445	0,0201226666667	-2,66972567901
33,45	0,0345943417445	-0,130492444444	-2,41082419753
33,5	0,0227951417445	-0,246655111111	-1,54121333333
33,55	0,00715434174455	-0,297266666667	-0,352061975309
33,6	-0,00958405825545	-0,282022222222	0,848014567901
33,65	-0,0238528582555	-0,200616888889	1,77191259259
33,7	-0,0309872582555	-0,0849115555556	2,23602123457
33,75	-0,0326336582555	0,0408551111111	2,25871851852
33,8	-0,0263224582555	0,154426222222	1,9086891358
33,85	-0,0164440582555	0,244978222222	1,20879975309
33,9	-0,000254458255455	0,292845777778	0,132033827161
33,95	0,0162095417445	0,264643555556	-1,06999061728
34	0,0288319417445	0,173786666667	-2,00743925926
34,05	0,0351431417445	0,0434466666667	-2,46257061728
34,1	0,0334967417445	-0,0954302222222	-2,35230246914
34,15	0,0247159417445	-0,212812444444	-1,71610098765
34,2	0,0104471417445	-0,284461333333	-0,667452592593
34,25	-0,00656565825545	-0,288424888889	0,564891358025
34,3	-0,0216576582555	-0,218300444444	1,58694666667
34,35	-0,0298896582555	-0,108845333333	2,14955135802
34,4	-0,0329080582555	0,0140248888889	2,27879037037
34,45	-0,0282432582555	0,132016888889	2,03919851852
34,5	-0,0191880582555	0,232477777778	1,42052814815
34,55	-0,00354725825545	0,293303111111	0,384329382716
34,6	0,0134655417445	0,279735555556	-0,840053580247
34,65	0,0271855417445	0,199397333333	-1,86049975309
34,7	0,0348687417445	0,0783564444444	-2,48865555556
34,75	0,0365151417445	-0,0725635555556	-2,54099481482
34,8	0,0269111417445	-0,206409777778	-1,89556197531
34,85	0,0131911417445	-0,280192888889	-0,811681975309
34,9	-0,00354725825545	-0,292388444444	0,400674814815
34,95	-0,0191880582555	-0,231715555556	1,4258637037
35	-0,0282432582555	-0,131407111111	2,03979135802
35,05	-0,0329080582555	-0,0126528888889	2,27040592593
35,1	-0,0296152582555	0,108692888889	2,13650888889
35,15	-0,0216576582555	0,216623555556	1,6062562963
35,2	-0,00656565825545	0,288424888889	0,643654320988
35,25	0,0101727417445	0,291016444444	-0,551933580247
35,3	0,0249903417445	0,231258222222	-1,69526691358
35,35	0,0359663417445	0,108692888889	-2,50483160494
35,4	0,0373383417445	-0,0464955555556	-2,66913283951
35,45	0,0307527417445	-0,189183555556	-2,11245654321
35,5	0,0162095417445	-0,279888	-1,02942345679
35,55	-0,000254458255455	-0,299096	0,228581975309
35,6	-0,0167184582555	-0,247264888889	1,28713925926
35,65	-0,0265968582555	-0,152749333333	1,9534908642
35,7	-0,0326336582555	-0,0379586666667	2,25812567901
35,75	-0,0307128582555	0,0847591111111	2,22043802469
35,8	-0,0241272582555	0,201074222222	1,75378864198
35,85	-0,00930965825545	0,282936888889	0,785597037037
35,9	0,00742874174455	0,291168888889	-0,442173580247
35,95	0,0225207417445	0,233087555556	-1,55789753086
36	0,0329479417445	0,120278666667	-2,31131185185
36,05	0,0356919417445	-0,0201226666667	-2,52473407407
36,1	0,0307527417445	-0,155950666667	-2,15869802469
36,15	0,0186791417445	-0,257173777778	-1,28027925926
36,2	0,00248954174455	-0,296504444444	-0,102815308642
36,25	-0,0137000582555	-0,268759555556	1,08718296296
36,3	-0,0274200582555	-0,173329333333	1,95171234568
36,35	-0,0320848582555	-0,0487822222222	2,2759108642
36,4	-0,0315360582555	0,067228	2,23009283951
36,45	-0,0257736582555	0,184915111111	1,85601111111
36,5	-0,0120536582555	0,274095111111	1,00723432099
36,55	0,00441034174455	0,299858222222	-0,159389135802
36,6	0,0205999417445	0,259765333333	-1,36480123457
36,65	0,0332223417445	0,152139555556	-2,29276444444
36,7	0,0373383417445	0,00762222222222	-2,66625333333
36,75	0,0343199417445	-0,142840444444	-2,36610716049
36,8	0,0214231417445	-0,255496888889	-1,44762938272
36,85	0,00578234174455	-0,298791111111	-0,242556049383
36,9	-0,0109560582555	-0,278363555556	0,935331358025
36,95	-0,0249504582555	-0,19208	1,81290320988
37	-0,0312616582555	-0,07546	2,21205358025
37,05	-0,0320848582555	0,0402453333333	2,27828222222
37,1	-0,0279688582555	0,164487555556	1,98889185185
37,15	-0,0147976582555	0,263424	1,17272123457
37,2	0,00139194174455	0,296504444444	0,0251533333333
37,25	0,0175815417445	0,263424	-1,1086945679
37,3	0,0296551417445	0,177750222222	-2,0432637037
37,35	0,0373383417445	0,0457333333333	-2,6025654321
37,4	0,0354175417445	-0,109302666667	-2,52261679012
37,45	0,0252647417445	-0,237813333333	-1,73159950617
37,5	0,00880074174455	-0,300925333333	-0,502304444445
37,55	-0,00793765825545	-0,289339555556	0,772893333333
37,6	-0,0230296582555	-0,209306222222	1,73380148148
37,65	-0,0301640582555	-0,094668	2,20985160494
37,7	-0,0326336582555	0,0278973333333	2,2680345679
37,75	-0,0271456582555	0,144517333333	1,97110666667
37,8	-0,0175416582555	0,240404888889	1,28874839506
37,85	-0,00135205825545	0,291321333333	0,218080246914
37,9	0,0148375417445	0,268149777778	-0,977931111111
37,95	0,0280087417445	0,183085777778	-1,94231160494
38	0,0348687417445	0,0550324444444	-2,45189950617
38,05	0,0340455417445	-0,0855213333333	-2,3888891358
38,1	0,0255391417445	-0,207172	-1,76073333333
38,15	0,0112703417445	-0,278668444444	-0,721909135803
38,2	-0,00491925825545	-0,286748	0,479607160494
38,25	-0,0205600582555	-0,222568888889	1,50005333333
38,3	-0,0287920582555	-0,117077333333	2,08831950617
38,35	-0,0326336582555	0,00259155555556	2,26854271605
38,4	-0,0285176582555	0,122108	2,09501012346
38,45	-0,0200112582555	0,227294666667	1,52774740741
38,5	-0,00437045825545	0,294370222222	0,520767160494
38,55	0,0123679417445	0,291778666667	-0,745199259259
38,6	0,0280087417445	0,214946666667	-1,89268246914
38,65	0,0362407417445	0,0811004444444	-2,55064962963
38,7	0,0365151417445	-0,065856	-2,58012222222
38,75	0,0293807417445	-0,202751111111	-1,97771259259
38,8	0,0140143417445	-0,285985777778	-0,865122222222
38,85	-0,00244965825545	-0,29498	0,386785432099
38,9	-0,0183648582555	-0,235526666667	1,40121851852
38,95	-0,0274200582555	-0,137047555556	2,01302888889
39	-0,0326336582555	-0,0208848888889	2,26684888889
39,05	-0,0298896582555	0,102747555556	2,1566654321
39,1	-0,0219320582555	0,212507555556	1,61150716049
39,15	-0,00711445825545	0,283089333333	0,635862716049
39,2	0,00934954174455	0,285528444444	-0,55650691358
39,25	0,0241671417445	0,221349333333	-1,62607407407
39,3	0,0332223417445	0,110674666667	-2,37212024691
39,35	0,0370639417445	-0,0378062222222	-2,57309283951
39,4	0,0291063417445	-0,178055111111	-2,06248864198
39,45	0,0167583417445	-0,263576444444	-1,07422518519
39,5	0,000568741744545	-0,292693333333	0,104339753086
39,55	-0,0156208582555	-0,249094222222	1,18737283951
39,6	-0,0263224582555	-0,157322666667	1,9044545679
39,65	-0,0320848582555	-0,042532	2,2311091358
39,7	-0,0307128582555	0,0777466666667	2,20925876543
39,75	-0,0244016582555	0,194061777778	1,77987358025
39,8	-0,0101328582555	0,278211111111	0,858177530864
39,85	0,00660554174455	0,291626222222	-0,331227901235
39,9	0,0216975417445	0,239795111111	-1,43492567901
39,95	0,0323991417445	0,137962222222	-2,27066
40	0,0373383417445	-0,00442088888889	-2,64448765432
40,05	0,0326735417445	-0,157932444444	-2,3017417284
40,1	0,0192279417445	-0,262356888889	-1,32414938272
40,15	0,00358714174455	-0,298943555556	-0,103492839506
40,2	-0,0131512582555	-0,271198666667	1,07574962963
40,25	-0,0265968582555	-0,176073333333	1,90801160494
40,3	-0,0315360582555	-0,0567093333333	2,22568888889
40,35	-0,0315360582555	0,0556422222222	2,24135679012
40,4	-0,0268712582555	0,177902666667	1,93274148148
40,45	-0,0128768582555	0,274552444444	1,07498740741
40,5	0,00386154174455	0,299858222222	-0,11492617284
40,55	0,0195023417445	0,262966666667	-1,32143925926
40,6	0,0329479417445	0,158694666667	-2,28268617284
40,65	0,0373383417445	0,0106711111111	-2,66896345679
40,7	0,0340455417445	-0,138572	-2,35348814815
40,75	0,0216975417445	-0,248332	-1,46583802469
40,8	0,00660554174455	-0,29498	-0,310901975309
40,85	-0,0101328582555	-0,28126	0,87638617284
40,9	-0,0246760582555	-0,196348444444	1,80180864198
40,95	-0,0309872582555	-0,0792711111111	2,24127209877
41	-0,0326336582555	0,0440564444444	2,26371530864
41,05	-0,0263224582555	0,159914222222	1,91902148148
41,1	-0,0158952582555	0,252143111111	1,17687111111
41,15	0,000843141744545	0,295284888889	0,0572513580247
41,2	0,0170327417445	0,261442222222	-1,13723555556
41,25	0,0293807417445	0,168603555556	-2,04521160494
41,3	0,0354175417445	0,0373488888889	-2,47874666667
41,35	0,0334967417445	-0,102595111111	-2,34002222222
41,4	0,0241671417445	-0,218757777778	-1,66105160494
41,45	0,00962394174455	-0,285071111111	-0,591653827161
41,5	-0,00711445825545	-0,284613777778	0,619856049383
41,55	-0,0219320582555	-0,213117333333	1,61099901235
41,6	-0,0298896582555	-0,103357333333	2,15260024691
41,65	-0,0326336582555	0,0193604444444	2,26447753086
41,7	-0,0276944582555	0,136437777778	2,00532197531
41,75	-0,0183648582555	0,234154666667	1,37742024691
41,8	-0,00272405825545	0,291473777778	0,357736296296
41,85	0,0137399417445	0,278820888889	-0,854451111111
41,9	0,0277343417445	0,202293777778	-1,95179703704
41,95	0,0367895417445	0,0637217777778	-2,57470197531
42	0,0345943417445	-0,0876555555556	-2,46722864198
42,05	0,0263623417445	-0,2058	-1,78986716049
42,1	0,0123679417445	-0,279583111111	-0,764424197531
42,15	-0,00409605825545	-0,290864	0,437684938272
42,2	-0,0200112582555	-0,228361777778	1,46931037037
42,25	-0,0285176582555	-0,124547111111	2,07874938272
42,3	-0,0329080582555	-0,00457333333333	2,28463407407
42,35	-0,0290664582555	0,117077333333	2,1165217284
42,4	-0,0208344582555	0,224245777778	1,52681580247
42,45	-0,00491925825545	0,289034666667	0,512552098765
42,5	0,0112703417445	0,28126	-0,651530617284
42,55	0,0252647417445	0,218605333333	-1,70187283951
42,6	0,0354175417445	0,100308444444	-2,45206888889
42,65	0,0367895417445	-0,0500017777778	-2,62644839506
42,7	0,0302039417445	-0,193452	-2,08433901235
42,75	0,0151119417445	-0,283089333333	-0,976660740741
42,8	-0,00135205825545	-0,297419111111	0,295742222222
42,85	-0,0175416582555	-0,242234222222	1,34159580247
42,9	-0,0271456582555	-0,145279555556	1,98406444444
42,95	-0,0326336582555	-0,0298791111111	2,26066641975
43	-0,0304384582555	0,0925337777778	2,19299802469
43,05	-0,0233040582555	0,207172	1,68518864198
43,1	-0,00821205825545	0,283241777778	0,691081481482
43,15	0,00825194174455	0,286138222222	-0,527288395062
43,2	0,0230695417445	0,223636	-1,60388493827
43,25	0,0326735417445	0,110064888889	-2,30309679012
43,3	0,0351431417445	-0,028812	-2,4653654321
43,35	0,0293807417445	-0,158999555556	-2,07519234568
43,4	0,0178559417445	-0,254887111111	-1,2220962963
43,45	0,00166634174455	-0,294370222222	-0,0646195061728
43,5	-0,0145232582555	-0,263728888889	1,12148296296
43,55	-0,0276944582555	-0,166621777778	1,96585580247
43,6	-0,0320848582555	-0,0426844444444	2,27531802469
43,65	-0,0312616582555	0,0733257777778	2,21908296296
43,7	-0,0252248582555	0,191165333333	1,81434296296
43,75	-0,0109560582555	0,276991555556	0,923305185185
43,8	0,00550794174455	0,295132444444	-0,24094691358
43,85	0,0208743417445	0,252752888889	-1,40951827161
43,9	0,0334967417445	0,145279555556	-2,32892765432
43,95	0,0373383417445	-0,00457333333333	-2,66489827161
44	0,0329479417445	-0,152596888889	-2,28192395062
44,05	0,0200511417445	-0,255954222222	-1,33998666667
44,1	0,00468474174455	-0,294675111111	-0,170399012346
44,15	-0,0117792582555	-0,272418222222	0,976406666667
44,2	-0,0254992582555	-0,184457777778	1,83162
44,25	-0,0312616582555	-0,0675328888889	2,20942814815
44,3	-0,0318104582555	0,0477151111111	2,25321358025
44,35	-0,0271456582555	0,169823111111	1,94265037037
44,4	-0,0139744582555	0,266015555556	1,10988024691
44,45	0,00248954174455	0,295742222222	-0,0556422222222
44,5	0,0184047417445	0,257783555556	-1,20033061728
44,55	0,0302039417445	0,166774222222	-2,11677580247
44,6	0,0370639417445	0,0307937777778	-2,61594666667
44,65	0,0343199417445	-0,124394666667	-2,43140419753
44,7	0,0227951417445	-0,240862222222	-1,5888945679
44,75	0,00770314174455	-0,296504444444	-0,405417530864
44,8	-0,00958405825545	-0,284004	0,834463950617
44,85	-0,0238528582555	-0,199854666667	1,77470740741
44,9	-0,0307128582555	-0,0843017777778	2,21815135802
44,95	-0,0323592582555	0,0381111111111	2,24550666667
45	-0,0265968582555	0,152444444444	1,92156222222
45,05	-0,0164440582555	0,245130666667	1,22777061728
45,1	-0,000254458255455	0,292236	0,160659506173
45,15	0,0159351417445	0,266168	-1,01976864198
45,2	0,0285575417445	0,183390666667	-2,02141333333
45,25	0,0367895417445	0,0451235555556	-2,56030444444
45,3	0,0334967417445	-0,103509777778	-2,39812049383
45,35	0,0247159417445	-0,216776	-1,68578148148
45,4	0,0101727417445	-0,285376	-0,626800740741
45,45	-0,00656565825545	-0,287052888889	0,585894814815
45,5	-0,0216576582555	-0,217690666667	1,59135061728
45,55	-0,0298896582555	-0,108083111111	2,15471753086
45,6	-0,0329080582555	0,0158542222222	2,27387827161
45,65	-0,0279688582555	0,133236444444	2,01150444444
45,7	-0,0189136582555	0,230343555556	1,39630641975
45,75	-0,00354725825545	0,289949333333	0,399065679012
45,8	0,0131911417445	0,278516	-0,784750123457
45,85	0,0266367417445	0,206867111111	-1,85296222222
45,9	0,0362407417445	0,0797284444444	-2,55784839506
45,95	0,0362407417445	-0,0797284444444	-2,55827185185
46	0,0266367417445	-0,206867111111	-1,85499481482
46,05	0,0131911417445	-0,278668444444	-0,787714320988
46,1	-0,00354725825545	-0,290406666667	0,401182962963
46,15	-0,0189136582555	-0,231258222222	1,41798740741
46,2	-0,0282432582555	-0,131712	2,05029308642
46,25	-0,0329080582555	-0,00975644444444	2,2759108642
46,3	-0,0290664582555	0,110522222222	2,10745975309
46,35	-0,0213832582555	0,215556444444	1,55340888889
46,4	-0,00629125825545	0,285680888889	0,56082617284
46,45	0,0104471417445	0,282174666667	-0,653901975309
46,5	0,0247159417445	0,212202666667	-1,70170345679
46,55	0,0334967417445	0,0951253333333	-2,34908419753
46,6	0,0351431417445	-0,043904	-2,46756740741
46,65	0,0288319417445	-0,175311111111	-2,00803209877
46,7	0,0159351417445	-0,265253333333	-1,06160617284
46,75	-0,000254458255455	-0,293150666667	0,143890617284
46,8	-0,0167184582555	-0,245283111111	1,23505407407
46,85	-0,0265968582555	-0,151072444444	1,93037012346
46,9	-0,0323592582555	-0,0373488888889	2,24830148148
46,95	-0,0307128582555	0,0853688888889	2,21849012346
47	-0,0238528582555	0,202446222222	1,74100024691
47,05	-0,00903525825545	0,282632	0,757140740741
47,1	0,00770314174455	0,288729777778	-0,467665679012
47,15	0,0225207417445	0,229124	-1,55925259259
47,2	0,0326735417445	0,117687111111	-2,28658197531
47,25	0,0354175417445	-0,02058	-2,49424518519
47,3	0,0304783417445	-0,155188444444	-2,13202024691
47,35	0,0184047417445	-0,254124888889	-1,27248765432
47,4	0,00276394174455	-0,295284888889	-0,109082469136
47,45	-0,0139744582555	-0,267692444444	1,09074
47,5	-0,0271456582555	-0,170585333333	1,94832469136
47,55	-0,0318104582555	-0,0486297777778	2,27337012346
47,6	-0,0315360582555	0,0693622222222	2,23026222222
47,65	-0,0252248582555	0,187354222222	1,82365901235
47,7	-0,0115048582555	0,272113333333	0,961162222222
47,75	0,00468474174455	0,294827555556	-0,171584691358
47,8	0,0203255417445	0,256868888889	-1,34549160494
47,85	0,0332223417445	0,151682222222	-2,28378716049
47,9	0,0373383417445	0,00472577777778	-2,65651382716
47,95	0,0337711417445	-0,14406	-2,3307908642
48	0,0211487417445	-0,252752888889	-1,42137506173
48,05	0,00578234174455	-0,296352	-0,243995802469
48,1	-0,0109560582555	-0,277144	0,9261
48,15	-0,0249504582555	-0,190555555556	1,79859037037
48,2	-0,0309872582555	-0,07546	2,19291333333
48,25	-0,0320848582555	0,0388733333333	2,27015185185
48,3	-0,0279688582555	0,163877777778	1,98762148148
48,35	-0,0147976582555	0,262966666667	1,15595234568
48,4	0,00139194174455	0,294522666667	-0,0154985185185
48,45	0,0173071417445	0,260375111111	-1,18550962963
48,5	0,0299295417445	0,164944888889	-2,08798074074
48,55	0,0354175417445	0,0310986666667	-2,49593901235
48,6	0,0332223417445	-0,108235555556	-2,33011333333
48,65	0,0236183417445	-0,223636	-1,6284454321
48,7	0,00880074174455	-0,287510222222	-0,537112592593
48,75	-0,00793765825545	-0,283851555556	0,688201975309
48,8	-0,0227552582555	-0,207934222222	1,67460222222
48,85	-0,0301640582555	-0,094668	2,18173407407
48,9	-0,0323592582555	0,02744	2,2559237037
48,95	-0,0271456582555	0,143145333333	1,97178419753
49	-0,0175416582555	0,240252444444	1,29442271605
49,05	-0,00135205825545	0,291931111111	0,206477530864
49,1	0,0151119417445	0,266168	-0,99300617284
49,15	0,0277343417445	0,180036888889	-1,92478049383
49,2	0,0345943417445	0,0551848888889	-2,41040074074
49,25	0,0337711417445	-0,0820151111111	-2,36602246914
49,3	0,0258135417445	-0,203665777778	-1,77631654321
49,35	0,0115447417445	-0,278820888889	-0,74130345679
49,4	-0,00491925825545	-0,286443111111	0,4802
49,45	-0,0202856582555	-0,221196888889	1,49869827161
49,5	-0,0285176582555	-0,11662	2,07773308642
49,55	-0,0323592582555	0,00259155555556	2,24991061728
49,6	-0,0282432582555	0,121345777778	2,05656024691
49,65	-0,0197368582555	0,223636	1,47540814815
49,7	-0,00437045825545	0,287205333333	0,486890617284
49,75	0,0120935417445	0,279735555556	-0,678208395062
49,8	0,0258135417445	0,214946666667	-1,7414237037
49,85	0,0359663417445	0,093296	-2,47688345679
49,9	0,0365151417445	-0,0580813333333	-2,60180320988
49,95	0,0296551417445	-0,197110666667	-2,0247162963
50	0,0145631417445	-0,283394222222	-0,916529876543
50,05	-0,00190085825545	-0,294827555556	0,346641728395
50,1	-0,0178160582555	-0,237356	1,37852123457
50,15	-0,0271456582555	-0,139181777778	2,00684641975
50,2	-0,0323592582555	-0,0222568888889	2,25871851852
50,25	-0,0296152582555	0,100003555556	2,14303012346
50,3	-0,0219320582555	0,208544	1,61142246914
50,35	-0,00738885825545	0,280497777778	0,64399308642
50,4	0,00907514174455	0,283851555556	-0,559555802469
50,45	0,0238927417445	0,218605333333	-1,63445851852
50,5	0,0329479417445	0,103357333333	-2,31054962963
50,55	0,0351431417445	-0,0346048888889	-2,4480037037
50,6	0,0291063417445	-0,163725333333	-2,03631901235
50,65	0,0173071417445	-0,256868888889	-1,1645908642
50,7	0,00111754174455	-0,292388444444	-0,00897728395062
50,75	-0,0147976582555	-0,259155555556	1,15519012346
50,8	-0,0276944582555	-0,161286222222	1,97449432099
50,85	-0,0318104582555	-0,0375013333333	2,26269901235
50,9	-0,0307128582555	0,0775942222222	2,1830891358
50,95	-0,0244016582555	0,192384888889	1,75751506173
51	-0,0104072582555	0,275924444444	0,842848395062
51,05	0,00633114174455	0,289796888889	-0,354602716049
51,1	0,0214231417445	0,235374222222	-1,46143407407
51,15	0,0318503417445	0,129577777778	-2,23280296296
51,2	0,0356919417445	-0,00731733333333	-2,51347012346
51,25	0,0313015417445	-0,146499111111	-2,1994345679
51,3	0,0195023417445	-0,250008888889	-1,34278148148
51,35	0,00386154174455	-0,293608	-0,175649876543
51,4	-0,0126024582555	-0,269826666667	1,02205530864
51,45	-0,0263224582555	-0,175920888889	1,88082567901
51,5	-0,0309872582555	-0,0568617777778	2,20349975309
51,55	-0,0312616582555	0,0545751111111	2,20417728395
51,6	-0,0263224582555	0,174244	1,87684518519
51,65	-0,0128768582555	0,266015555556	1,0411108642
51,7	0,00331274174455	0,291931111111	-0,100867407407
51,75	0,0189535417445	0,253057777778	-1,21930148148
51,8	0,0304783417445	0,162505777778	-2,13159679012
51,85	0,0373383417445	0,0248484444444	-2,62814222222
51,9	0,0340455417445	-0,132169333333	-2,40269382716
51,95	0,0219719417445	-0,244673333333	-1,51123259259
52	0,00687994174455	-0,293455555556	-0,336055308642
52,05	-0,00985845825545	-0,278211111111	0,842424938272
52,1	-0,0238528582555	-0,196958222222	1,73939111111
52,15	-0,0307128582555	-0,0838444444444	2,18173407407
52,2	-0,0320848582555	0,0332328888889	2,27667308642
52,25	-0,0279688582555	0,156865333333	1,99803851852
52,3	-0,0156208582555	0,256716444444	1,19482567901
52,35	0,000568741744545	0,292388444444	0,0367560493827
52,4	0,0164839417445	0,259460444444	-1,12258395062
52,45	0,0288319417445	0,168451111111	-2,00998
52,5	0,0348687417445	0,0399404444444	-2,44156716049
52,55	0,0332223417445	-0,0980217777778	-2,32596345679
52,6	0,0241671417445	-0,214336888889	-1,67722765432
52,65	0,00989834174455	-0,282784444444	-0,623074320988
52,7	-0,00684005825545	-0,285071111111	0,60410345679
52,75	-0,0219320582555	-0,21266	1,61616518519
52,8	-0,0296152582555	-0,101070666667	2,1429454321
52,85	-0,0320848582555	0,0184457777778	2,24355876543
52,9	-0,0276944582555	0,135065777778	1,99482024691
52,95	-0,0180904582555	0,234154666667	1,34481407407
53	-0,00244965825545	0,287662666667	0,299299259259
53,05	0,0137399417445	0,270436444444	-0,885617530864
53,1	0,0271855417445	0,190250666667	-1,87167901235
53,15	0,0345943417445	0,0650937777778	-2,42115654321
53,2	0,0343199417445	-0,0751551111111	-2,40396419753
53,25	0,0263623417445	-0,198330222222	-1,82382839506
53,3	0,0126423417445	-0,275467111111	-0,813714567901
53,35	-0,00382165825545	-0,288729777778	0,393306666667
53,4	-0,0194624582555	-0,228361777778	1,43306246914
53,45	-0,0282432582555	-0,126376444444	2,05351135802
53,5	-0,0326336582555	-0,00701244444444	2,26871209877
53,55	-0,0290664582555	0,114638222222	2,09899061728
53,6	-0,0205600582555	0,218605333333	1,53333703704
53,65	-0,00574245825545	0,284918666667	0,576494074074
53,7	0,0107215417445	0,285376	-0,591145679012
53,75	0,0252647417445	0,223940888889	-1,70415950617
53,8	0,0356919417445	0,101832888889	-2,47917012346
53,85	0,0367895417445	-0,0503066666667	-2,62687185185
53,9	0,0302039417445	-0,191317777778	-2,06511407407
53,95	0,0153863417445	-0,279278222222	-0,976321975309
54	-0,000803258255455	-0,29498	0,269149135802
54,05	-0,0169928582555	-0,242081777778	1,30517851852
54,1	-0,0265968582555	-0,147261333333	1,9540837037
54,15	-0,0323592582555	-0,0327755555556	2,24305061728
54,2	-0,0301640582555	0,0890275555556	2,1873237037
54,25	-0,0233040582555	0,202293777778	1,7133908642
54,3	-0,00876085825545	0,282784444444	0,745538024691
54,35	0,00825194174455	0,289339555556	-0,49392
54,4	0,0230695417445	0,226684888889	-1,59871876543
54,45	0,0329479417445	0,112808888889	-2,31114246914
54,5	0,0354175417445	-0,0266777777778	-2,48027111111
54,55	0,0299295417445	-0,158237333333	-2,08637160494
54,6	0,0181303417445	-0,254277333333	-1,22319728395
54,65	0,00221514174455	-0,292845777778	-0,0712254320988
54,7	-0,0139744582555	-0,263424	1,10158049383
54,75	-0,0271456582555	-0,167231555556	1,93418123457
54,8	-0,0315360582555	-0,0455808888889	2,23525901235
54,85	-0,0309872582555	0,0679902222222	2,18859407407
54,9	-0,0252248582555	0,184152888889	1,81535925926
54,95	-0,0115048582555	0,270893777778	0,971071111111
55	0,00468474174455	0,294065333333	-0,168366419753
55,05	0,0203255417445	0,255344444444	-1,34269679012
55,1	0,0329479417445	0,151072444444	-2,27946790123
55,15	0,0373383417445	0,004116	-2,65600567901
55,2	0,0334967417445	-0,145432	-2,3202891358
55,25	0,0208743417445	-0,252600444444	-1,39689925926
55,3	0,00550794174455	-0,294370222222	-0,22079037037
55,35	-0,0109560582555	-0,2744	0,941005679012
55,4	-0,0249504582555	-0,187354222222	1,8068054321
55,45	-0,0307128582555	-0,071344	2,18529111111
55,5	-0,0315360582555	0,0414648888889	2,24550666667
55,55	-0,0274200582555	0,16464	1,96179061728
55,6	-0,0142488582555	0,262661777778	1,1403691358
55,65	0,00194074174455	0,293608	-0,0143975308642
55,7	0,0178559417445	0,258240888889	-1,14748320988
55,75	0,0296551417445	0,170280444444	-2,06198049383
55,8	0,0367895417445	0,038416	-2,58740567901
55,85	0,0348687417445	-0,118144444444	-2,43013382716
55,9	0,0230695417445	-0,235221777778	-1,58474469136
55,95	0,00852634174455	-0,287510222222	-0,437007407407
56	-0,00793765825545	-0,279888	0,743844197531
56,05	-0,0224808582555	-0,203056	1,68019185185
56,1	-0,0296152582555	-0,0914666666667	2,15751234568
56,15	-0,0318104582555	0,0294217777778	2,21798197531
56,2	-0,0263224582555	0,142535555556	1,92732123457
56,25	-0,0169928582555	0,236441333333	1,26918469136
56,3	-0,00107765825545	0,287967555556	0,212998765432
56,35	0,0151119417445	0,264643555556	-0,983436049383
56,4	0,0280087417445	0,178512444444	-1,93773827161
56,45	0,0345943417445	0,0510688888889	-2,42395135802
56,5	0,0334967417445	-0,086436	-2,35128617284
56,55	0,0252647417445	-0,206104888889	-1,73507185185
56,6	0,0109959417445	-0,278363555556	-0,690234567901
56,65	-0,00546805825545	-0,282479555556	0,513991851852
56,7	-0,0202856582555	-0,216623555556	1,50013802469
56,75	-0,0285176582555	-0,113418666667	2,06282740741
56,8	-0,0320848582555	0,00503066666667	2,23178666667
56,85	-0,0279688582555	0,122412888889	2,04233209877
56,9	-0,0194624582555	0,225160444444	1,45626790123
56,95	-0,00382165825545	0,286900444444	0,453945679012
57	0,0123679417445	0,277448888889	-0,71902962963
57,05	0,0260879417445	0,210220888889	-1,77928074074
57,1	0,0356919417445	0,0881128888889	-2,51186098765
57,15	0,0367895417445	-0,0705817777778	-2,56360740741
57,2	0,0271855417445	-0,201074222222	-1,87938592593
57,25	0,0140143417445	-0,271656	-0,83133037037
57,3	-0,00190085825545	-0,288729777778	0,336394074074
57,35	-0,0180904582555	-0,232477777778	1,36158296296
57,4	-0,0268712582555	-0,133693777778	1,97508716049
57,45	-0,0318104582555	-0,0198177777778	2,21044444444
57,5	-0,0290664582555	0,0989364444444	2,10576592593
57,55	-0,0216576582555	0,206562222222	1,59829530864
57,6	-0,00711445825545	0,279278222222	0,637048395062
57,65	0,00934954174455	0,281564888889	-0,56853308642
57,7	0,0238927417445	0,216013777778	-1,63903185185
57,75	0,0329479417445	0,100613333333	-2,30936395062
57,8	0,0348687417445	-0,0371964444444	-2,43741728395
57,85	0,0288319417445	-0,165707111111	-2,01201259259
57,9	0,0167583417445	-0,256868888889	-1,1302908642
57,95	0,000843141744545	-0,290254222222	0,0216809876543
58	-0,0150720582555	-0,255954222222	1,17593950617
58,05	-0,0276944582555	-0,156712888889	1,97703506173
58,1	-0,0315360582555	-0,0333853333333	2,23652938272
58,15	-0,0301640582555	0,0786613333333	2,1445545679
58,2	-0,0241272582555	0,191927555556	1,72236814815
58,25	-0,00985845825545	0,273485333333	0,813121728395
58,3	0,00633114174455	0,285833333333	-0,36916962963
58,35	0,0214231417445	0,232477777778	-1,47312148148
58,4	0,0318503417445	0,123632444444	-2,22543481482
58,45	0,0348687417445	-0,0118906666667	-2,45113728395
58,5	0,0304783417445	-0,143755111111	-2,12770098765
58,55	0,0192279417445	-0,244216	-1,32101580247
58,6	0,00386154174455	-0,289644444444	-0,193689135802
58,65	-0,0126024582555	-0,266625333333	0,982927901235
58,7	-0,0257736582555	-0,176988	1,84669506173
58,75	-0,0312616582555	-0,0591484444444	2,2099362963
58,8	-0,0312616582555	0,0564044444444	2,21340864198
58,85	-0,0260480582555	0,174396444444	1,86177012346
58,9	-0,0128768582555	0,264643555556	1,02628987654
58,95	0,00331274174455	0,290711555556	-0,114079259259
59	0,0189535417445	0,250466222222	-1,22743185185
59,05	0,0302039417445	0,159152	-2,11321876543
59,1	0,0367895417445	0,0243911111111	-2,58952296296
59,15	0,0337711417445	-0,130187555556	-2,37152740741
59,2	0,0216975417445	-0,241776888889	-1,49497185185
59,25	0,00687994174455	-0,289644444444	-0,338680740741
59,3	-0,00958405825545	-0,276381777778	0,833447654321
59,35	-0,0238528582555	-0,194366666667	1,72804246914
59,4	-0,0301640582555	-0,0812528888889	2,1387108642
59,45	-0,0315360582555	0,0309462222222	2,21721975309
59,5	-0,0276944582555	0,150767555556	1,97229234568
59,55	-0,0158952582555	0,250771111111	1,22294320988
59,6	1,99417445452E-005	0,291016444444	0,0846913580247
59,65	0,0162095417445	0,260527555556	-1,09683777778
59,7	0,0285575417445	0,169060888889	-2,00024049383
59,75	0,0345943417445	0,0407026666667	-2,42679698765
59,8	0,0329479417445	-0,0957351111111	-2,31785849382
59,85	0,0241671417445	-0,210983111111	-1,74954560493
59,9	0,00989834174455	-0,279522133333	-1,02043770367
59,95	-0,00629125825545	-0,300696666664	-0,485247604894
60	-0,0211088582555	-0,301839999995	-0,18677832094
