0,05	0,595448	-0,0134151111111	0,572056246914
0,1	0,5938016	0,0136437777778	0,569371530864
0,15	0,5951736	0,0481114666667	0,468995333333
0,2	0,5990152	0,0733257777778	0,143560320988
0,25	0,6039544	0,0693622222222	-0,327696271605
0,3	0,6072472	0,0355195555556	-0,691471061728
0,35	0,6080704	-0,0118906666667	-0,785427654321
0,4	0,6058752	-0,0559471111111	-0,576155308642
0,45	0,6014848	-0,0774417777778	-0,162014567901
0,5	0,5973688	-0,076832	0,347488641975
0,55	0,5921552	-0,0407026666667	0,779160493827
0,6	0,5921552	0,0182933333333	0,839714814815
0,65	0,5948992	0,0602155555556	0,528728148148
0,7	0,5992896	0,0774417777778	0,048189382716
0,75	0,6039544	0,0629595555556	-0,406857283951
0,8	0,6061496	0,031556	-0,719707160494
0,85	0,6080704	-0,0184457777778	-0,78847654321
0,9	0,6042288	-0,0650937777778	-0,468851358025
0,95	0,5998384	-0,0750026666667	0,0718182716049
1	0,5957224	-0,0580813333333	0,604780987654
1,05	0,5921552	-0,00304888888889	0,868509876543
1,1	0,595448	0,0515262222222	0,65254691358
1,15	0,5990152	0,072716	0,181493580247
1,2	0,60368	0,0686	-0,298875802469
1,25	0,6069728	0,0376537777778	-0,651615308642
1,3	0,6080704	-0,00716488888889	-0,749687901235
1,35	0,6061496	-0,049392	-0,566585185185
1,4	0,602308	-0,0731733333333	-0,160744197531
1,45	0,5976432	-0,0679902222222	0,308022469136
1,5	0,5946248	-0,0402453333333	0,698534320988
1,55	0,5921552	0,0149395555556	0,796014074074
1,6	0,59682	0,0579288888889	0,500102469136
1,65	0,599564	0,0682951111111	0,0744437037037
1,7	0,60368	0,067228	-0,39144345679
1,75	0,6080704	0,0295742222222	-0,802704691358
1,8	0,6080704	-0,0338426666667	-0,785427654321
1,85	0,6028568	-0,065856	-0,392120987654
1,9	0,6006616	-0,0748502222222	0,0970562962963
1,95	0,5946248	-0,060368	0,632475061728
2	0,5921552	0,000304888888889	0,886125679012
2,05	0,5951736	0,0524408888889	0,645348148148
2,1	0,5990152	0,0733257777778	0,18352617284
2,15	0,6034056	0,0693622222222	-0,281429382716
2,2	0,6069728	0,0403977777778	-0,624514074074
2,25	0,6080704	-0,00259155555556	-0,734697530864
2,3	0,6066984	-0,0448186666667	-0,568194320988
2,35	0,6028568	-0,0696671111111	-0,166926666667
2,4	0,5984664	-0,0650937777778	0,310901975309
2,45	0,5951736	-0,0332328888889	0,655172345679
2,5	0,5943504	0,0143297777778	0,688794814815
2,55	0,5970944	0,0516786666667	0,382550864198
2,6	0,6012104	0,0556422222222	-0,023882962963
2,65	0,6031312	0,0437515555556	-0,342830617284
2,7	0,6058752	0,0207324444444	-0,602324938272
2,75	0,606424	-0,0240862222222	-0,662455802469
2,8	0,6031312	-0,0612826666667	-0,389156790123
2,85	0,5990152	-0,0711915555556	0,0729192592593
2,9	0,5948992	-0,0538128888889	0,53550345679
2,95	0,5924296	-0,00914666666667	0,79618345679
3	0,5938016	0,0399404444444	0,725127407407
3,05	0,59682	0,0777466666667	0,331058518519
3,1	0,6031312	0,0812528888889	-0,235611358025
3,15	0,6066984	0,0468004444444	-0,654325432099
3,2	0,6080704	0,00243911111111	-0,773824938272
3,25	0,6069728	-0,0422271111111	-0,60325654321
3,3	0,6031312	-0,0686	-0,187591358025
3,35	0,5987408	-0,0643315555556	0,297690123457
3,4	0,595448	-0,0318608888889	0,632051604938
3,45	0,5951736	0,010976	0,690573333333
3,5	0,59682	0,04802	0,483926419753
3,55	0,6006616	0,0678377777778	0,0726651851852
3,6	0,6047776	0,058996	-0,409821481481
3,65	0,607796	0,0224093333333	-0,765271111111
3,7	0,6080704	-0,0341475555556	-0,756717283951
3,75	0,6034056	-0,071344	-0,362394320988
3,8	0,5992896	-0,0736306666667	0,133219506173
3,85	0,5951736	-0,0525933333333	0,526864938272
3,9	0,5932528	-0,0129577777778	0,72885382716
3,95	0,5938016	0,0298791111111	0,689726419753
4	0,5965456	0,064484	0,42659037037
4,05	0,6006616	0,0839968888889	-0,071987654321
4,1	0,6069728	0,0611302222222	-0,619178518519
4,15	0,6083448	0,00594533333333	-0,831415061728
4,2	0,6069728	-0,0405502222222	-0,639758518519
4,25	0,6034056	-0,0670755555556	-0,216555802469
4,3	0,5990152	-0,0637217777778	0,254158765432
4,35	0,5959968	-0,0358244444444	0,59123037037
4,4	0,5948992	0,00518311111111	0,693960987654
4,45	0,5965456	0,0449711111111	0,523646666667
4,5	0,6001128	0,0673804444444	0,127037037037
4,55	0,6045032	0,0615875555556	-0,353332345679
4,6	0,6075216	0,0268302222222	-0,705563703704
4,65	0,607796	-0,0216471111111	-0,755531604938
4,7	0,6053264	-0,0660084444444	-0,429554567901
4,75	0,599564	-0,0757648888889	0,121278024691
4,8	0,5957224	-0,0449711111111	0,517802962963
4,85	0,5951736	-0,00914666666667	0,619009135802
4,9	0,595448	0,0182933333333	0,610370617284
4,95	0,5959968	0,0579288888889	0,426336296296
5	0,6020336	0,0777466666667	-0,0691928395062
5,05	0,6061496	0,0510688888889	-0,559725185185
5,1	0,607796	0,00670755555556	-0,745961481481
5,15	0,6066984	-0,0371964444444	-0,611640987654
5,2	0,6034056	-0,064484	-0,234764444444
5,25	0,5990152	-0,0637217777778	0,217233333333
5,3	0,5959968	-0,0381111111111	0,565145432099
5,35	0,5946248	0,00167688888889	0,696501728395
5,4	0,5959968	0,0437515555556	0,542532839506
5,45	0,5998384	0,0667706666667	0,145499753086
5,5	0,6039544	0,0609777777778	-0,318693580247
5,55	0,6069728	0,0297266666667	-0,663133333333
5,6	0,6075216	-0,0153968888889	-0,757310123457
5,65	0,6056008	-0,0611302222222	-0,511451111111
5,7	0,6001128	-0,0788137777778	-0,0055049382716
5,75	0,5959968	-0,0593008888889	0,464447407407
5,8	0,5935272	-0,0217995555556	0,70658
5,85	0,5935272	0,0225617777778	0,682104197531
5,9	0,5962712	0,0564044444444	0,416258024691
5,95	0,6001128	0,0682951111111	0,0338765432099
6	0,60368	0,0623497777778	-0,391189382716
6,05	0,607796	0,0259155555556	-0,71174617284
6,1	0,6069728	-0,0243911111111	-0,693622222222
6,15	0,6045032	-0,0577764444444	-0,357058765432
6,2	0,6001128	-0,065856	0,121023950617
6,25	0,5965456	-0,0423795555556	0,527119012346
6,3	0,5951736	-0,00228666666667	0,68472962963
6,35	0,5962712	0,0388733333333	0,546343950617
6,4	0,5998384	0,0623497777778	0,175480493827
6,45	0,60368	0,0588435555556	-0,256784197531
6,5	0,6066984	0,0321657777778	-0,586826419753
6,55	0,6075216	-0,009604	-0,683543950617
6,6	0,6056008	-0,0474102222222	-0,512467407407
6,65	0,602308	-0,0721062222222	-0,101883703704
6,7	0,5965456	-0,058996	0,345117283951
6,75	0,5957224	-0,0275924444444	0,592839506173
6,8	0,5938016	0,00701244444444	0,660169135802
6,85	0,5959968	0,0477151111111	0,493581234568
6,9	0,599564	0,0661608888889	0,105271358025
6,95	0,6034056	0,0629595555556	-0,367729876543
7	0,6075216	0,0254582222222	-0,723433580247
7,05	0,6069728	-0,0306413333333	-0,647719506173
7,1	0,6025824	-0,053508	-0,25898617284
7,15	0,6006616	-0,0530506666667	0,116789382716
7,2	0,5970944	-0,0410075555556	0,456655802469
7,25	0,5951736	-0,00213422222222	0,643739012346
7,3	0,59682	0,0376537777778	0,525509876543
7,35	0,5998384	0,0596057777778	0,193180987654
7,4	0,60368	0,0593008888889	-0,207917283951
7,45	0,6066984	0,0362817777778	-0,541601234568
7,5	0,6080704	-0,00335377777778	-0,669569876543
7,55	0,606424	-0,0434466666667	-0,510773580247
7,6	0,6028568	-0,0641791111111	-0,13804691358
7,65	0,5987408	-0,057624	0,256021975309
7,7	0,5962712	-0,0309462222222	0,49993308642
7,75	0,5957224	-0,00182933333333	0,591145679012
7,8	0,5957224	0,0335377777778	0,520767160494
7,85	0,5992896	0,0611302222222	0,201650123457
7,9	0,6028568	0,0632644444444	-0,30056962963
7,95	0,6072472	0,0304888888889	-0,750873580247
8	0,6075216	-0,0324706666667	-0,769251604938
8,05	0,6025824	-0,0690573333333	-0,316999753086
8,1	0,5987408	-0,065856	0,210542716049
8,15	0,5951736	-0,0402453333333	0,584200987654
8,2	0,5938016	0,00533555555556	0,673296296296
8,25	0,5965456	0,0367391111111	0,52051308642
8,3	0,5976432	0,0609777777778	0,245012098765
8,35	0,6031312	0,0695146666667	-0,189031111111
8,4	0,606424	0,0410075555556	-0,579119506173
8,45	0,607796	-0,00121955555556	-0,696162962963
8,5	0,6061496	-0,0413124444444	-0,520428395062
8,55	0,6028568	-0,0621973333333	-0,134320493827
8,6	0,5987408	-0,0560995555556	0,286426172839
8,65	0,5962712	-0,0271351111111	0,566077037037
8,7	0,5957224	0,0100613333333	0,619601975309
8,75	0,5973688	0,0446662222222	0,434381975309
8,8	0,600936	0,0615875555556	0,0564044444444
8,85	0,6045032	0,0538128888889	-0,388733333333
8,9	0,6075216	0,019208	-0,722925432099
8,95	0,6075216	-0,0353671111111	-0,69243654321
9	0,6028568	-0,0681426666667	-0,281175308642
9,05	0,5990152	-0,0647888888889	0,189031111111
9,1	0,5957224	-0,0428368888889	0,528982222222
9,15	0,5938016	-0,001372	0,636540246914
9,2	0,5962712	0,0297266666667	0,52694962963
9,25	0,5970944	0,0524408888889	0,331397283951
9,3	0,6012104	0,0728684444444	-0,0631797530864
9,35	0,606424	0,0522884444444	-0,542702222222
9,4	0,607796	0,00442088888889	-0,733088395062
9,45	0,606424	-0,0378062222222	-0,562858765432
9,5	0,6031312	-0,060368	-0,177174320988
9,55	0,5992896	-0,0565568888889	0,245181481481
9,6	0,5965456	-0,0306413333333	0,547021481481
9,65	0,5957224	0,00731733333333	0,629087407407
9,7	0,5973688	0,0428368888889	0,458264938272
9,75	0,6006616	0,0623497777778	0,0750365432099
9,8	0,6047776	0,0539653333333	-0,37857037037
9,85	0,6072472	0,019208	-0,695993580247
9,9	0,6075216	-0,0314035555556	-0,672449382716
9,95	0,6031312	-0,063112	-0,322165925926
10	0,5998384	-0,0652462222222	0,0967175308642
10,05	0,5959968	-0,0495444444444	0,440479753086
10,1	0,594076	-0,015092	0,628579259259
10,15	0,5943504	0,0222568888889	0,602663703704
10,2	0,5965456	0,0539653333333	0,368492098765
10,25	0,6006616	0,064484	8,46913580269E-005
10,3	0,60368	0,0559471111111	-0,39872691358
10,35	0,6075216	0,02058	-0,680156296296
10,4	0,606424	-0,0277448888889	-0,62426
10,45	0,60368	-0,0551848888889	-0,27482345679
10,5	0,5998384	-0,0580813333333	0,160236049383
10,55	0,59682	-0,0352146666667	0,508740987654
10,6	0,5957224	0,00167688888889	0,640690123457
10,65	0,59682	0,0410075555556	0,490532345679
10,7	0,6006616	0,0615875555556	0,0957012345679
10,75	0,6042288	0,0530506666667	-0,354687407407
10,8	0,6069728	0,0208848888889	-0,671602469136
10,85	0,6072472	-0,0289644444444	-0,663048641975
10,9	0,6031312	-0,0605204444444	-0,32970345679
10,95	0,5998384	-0,0634168888889	0,0713948148148
11	0,5962712	-0,0498493333333	0,407196049383
11,05	0,594076	-0,0181408888889	0,615960246914
11,1	0,594076	0,0208848888889	0,609947160494
11,15	0,5965456	0,0522884444444	0,384244691358
11,2	0,6001128	0,064484	0,0254074074074
11,25	0,60368	0,057624	-0,380179506173
11,3	0,6072472	0,0221044444444	-0,665335308642
11,35	0,606424	-0,0240862222222	-0,623667160494
11,4	0,6039544	-0,0528982222222	-0,298875802469
11,45	0,6001128	-0,0577764444444	0,127799259259
11,5	0,5970944	-0,0368915555556	0,481131604938
11,55	0,5957224	-0,000152444444444	0,612911358025
11,6	0,5970944	0,0362817777778	0,471815555556
11,65	0,6001128	0,0557946666667	0,12348
11,7	0,60368	0,0510688888889	-0,284139506173
11,75	0,6061496	0,0240862222222	-0,600292345679
11,8	0,6069728	-0,0204275555556	-0,654240740741
11,85	0,60368	-0,0560995555556	-0,388140493827
11,9	0,6001128	-0,0650937777778	0,0224432098765
11,95	0,5962712	-0,0516786666667	0,395339259259
12	0,594076	-0,0182933333333	0,601054567901
12,05	0,5943504	0,0182933333333	0,576070617284
12,1	0,5962712	0,0468004444444	0,362055555556
12,15	0,599564	0,060368	0,0159219753086
12,2	0,6034056	0,0498493333333	-0,348759012346
12,25	0,6056008	0,0169213333333	-0,534825925926
12,3	0,6047776	-0,0129577777778	-0,503574814815
12,35	0,6042288	-0,0391782222222	-0,313527407407
12,4	0,6003872	-0,0519835555556	0,037687654321
12,45	0,5976432	-0,035672	0,386954814815
12,5	0,5962712	-0,005488	0,563536296296
12,55	0,59682	0,0307937777778	0,501880987654
12,6	0,5998384	0,0551848888889	0,201904197531
12,65	0,6034056	0,0554897777778	-0,198685925926
12,7	0,606424	0,0318608888889	-0,519750864198
12,75	0,6072472	-0,00655511111111	-0,611132839506
12,8	0,6056008	-0,04116	-0,434466666667
12,85	0,602308	-0,0573191111111	-0,0928217283951
12,9	0,5987408	-0,0492395555556	0,238236790123
12,95	0,59682	-0,0263728888889	0,429893333333
13	0,5962712	-0,00304888888889	0,521275308642
13,05	0,5959968	0,0294217777778	0,486805925926
13,1	0,5992896	0,0567093333333	0,204360246914
13,15	0,6025824	0,0609777777778	-0,285071111111
13,2	0,6072472	0,0271351111111	-0,716488888889
13,25	0,6066984	-0,0330804444444	-0,688964197531
13,3	0,602308	-0,0625022222222	-0,232647160494
13,35	0,5987408	-0,0560995555556	0,255259753086
13,4	0,5957224	-0,0254582222222	0,522376296296
13,45	0,5962712	0,00716488888889	0,536604444444
13,5	0,59682	0,0324706666667	0,412785679012
13,55	0,599564	0,0528982222222	0,169467407407
13,6	0,6028568	0,0550324444444	-0,179884444444
13,65	0,6061496	0,0338426666667	-0,491633333333
13,7	0,6069728	-0,00350622222222	-0,596650617284
13,75	0,6056008	-0,0371964444444	-0,446492839506
13,8	0,6025824	-0,0553373333333	-0,131017530864
13,85	0,5990152	-0,0506115555556	0,202751111111
13,9	0,59682	-0,028812	0,414902962963
13,95	0,5962712	-0,00533555555556	0,513144938272
14	0,5957224	0,0271351111111	0,467496296296
14,05	0,5990152	0,0547275555556	0,151258765432
14,1	0,6028568	0,0487822222222	-0,287188395062
14,15	0,605052	0,0175311111111	-0,555744691358
14,2	0,6047776	-0,0199702222222	-0,531777037037
14,25	0,6025824	-0,0461906666667	-0,258139259259
14,3	0,5992896	-0,0516786666667	0,142450864198
14,35	0,5959968	-0,0275924444444	0,453945679012
14,4	0,5962712	0,00487822222222	0,528558765432
14,45	0,59682	0,0320133333333	0,423964938272
14,5	0,599564	0,053508	0,164724691358
14,55	0,6031312	0,0532031111111	-0,186575061728
14,6	0,6058752	0,0314035555556	-0,461906666667
14,65	0,6066984	-0,001372	-0,550917283951
14,7	0,6056008	-0,0318608888889	-0,44031037037
14,75	0,6031312	-0,052136	-0,166503209877
14,8	0,599564	-0,0527457777778	0,195891111111
14,85	0,59682	-0,0300315555556	0,492141481481
14,9	0,5959968	0,00564044444444	0,572428888889
14,95	0,5973688	0,039788	0,373404197531
15	0,600936	0,0527457777778	-0,027524691358
15,05	0,6042288	0,0333853333333	-0,366882962963
15,1	0,6045032	0,00518311111111	-0,485704938272
15,15	0,6045032	-0,02058	-0,449202962963
15,2	0,6025824	-0,0455808888889	-0,255852592593
15,25	0,5992896	-0,0538128888889	0,0874014814815
15,3	0,5959968	-0,0373488888889	0,43090962963
15,35	0,5946248	-0,000457333333333	0,566839259259
15,4	0,5965456	0,0280497777778	0,490024197531
15,45	0,5973688	0,0539653333333	0,260510617284
15,5	0,6025824	0,0628071111111	-0,137708148148
15,55	0,6053264	0,0379586666667	-0,48189382716
15,6	0,6066984	0,00350622222222	-0,593262962963
15,65	0,6056008	-0,0306413333333	-0,479099012346
15,7	0,6031312	-0,0518311111111	-0,183187407407
15,75	0,599564	-0,0525933333333	0,189708641975
15,8	0,59682	-0,0298791111111	0,489092592593
15,85	0,5959968	0,00594533333333	0,572090123457
15,9	0,5976432	0,0376537777778	0,413717283951
15,95	0,6003872	0,0544226666667	0,0802027160494
16	0,6039544	0,0490871111111	-0,320980246914
16,05	0,606424	0,0189031111111	-0,621380493827
16,1	0,6066984	-0,0272875555556	-0,614689876543
16,15	0,6028568	-0,0573191111111	-0,295996296296
16,2	0,599564	-0,0582337777778	0,0835056790123
16,25	0,5965456	-0,0440564444444	0,373742962963
16,3	0,5946248	-0,0163115555556	0,541685925926
16,35	0,5946248	0,0169213333333	0,541431851852
16,4	0,5965456	0,0454284444444	0,360615802469
16,45	0,5998384	0,0579288888889	0,0525933333333
16,5	0,6028568	0,0547275555556	-0,326993333333
16,55	0,6066984	0,0228666666667	-0,625191604938
16,6	0,6058752	-0,0231715555556	-0,596735308642
16,65	0,6034056	-0,0503066666667	-0,273383703704
16,7	0,5998384	-0,0541177777778	0,145415061728
16,75	0,59682	-0,0310986666667	0,465548395062
16,8	0,5962712	0,00304888888889	0,54964691358
16,85	0,5973688	0,0330804444444	0,41329382716
16,9	0,6001128	0,0501542222222	0,129577777778
16,95	0,6031312	0,0486297777778	-0,210542716049
17	0,6058752	0,0266777777778	-0,483672345679
17,05	0,606424	-0,00868933333333	-0,552865185185
17,1	0,6047776	-0,0393306666667	-0,381873333333
17,15	0,6017592	-0,0532031111111	-0,0668214814815
17,2	0,5984664	-0,0454284444444	0,244334567901
17,25	0,5965456	-0,0217995555556	0,418798765432
17,3	0,5965456	0,000609777777778	0,479437777778
17,35	0,5962712	0,0286595555556	0,43776962963
17,4	0,5992896	0,0545751111111	0,176242716049
17,45	0,6028568	0,0556422222222	-0,256360740741
17,5	0,606424	0,0245435555556	-0,587588641975
17,55	0,6058752	-0,019208	-0,582591851852
17,6	0,60368	-0,0469528888889	-0,282445679012
17,65	0,6001128	-0,050764	0,112724197531
17,7	0,5976432	-0,0314035555556	0,421762962963
17,75	0,5965456	-0,000914666666667	0,545835802469
17,8	0,5973688	0,0326231111111	0,44462962963
17,85	0,6003872	0,0525933333333	0,141688641975
17,9	0,60368	0,0492395555556	-0,218757777778
17,95	0,6061496	0,026068	-0,478590864198
18	0,6066984	-0,00686	-0,550155061728
18,05	0,6053264	-0,0375013333333	-0,41888345679
18,1	0,602308	-0,0536604444444	-0,154477037037
18,15	0,599564	-0,0568617777778	0,19165654321
18,2	0,595448	-0,0347573333333	0,517040740741
18,25	0,5951736	0,00594533333333	0,601223950617
18,3	0,5965456	0,0376537777778	0,413124444444
18,35	0,599564	0,0539653333333	0,0679224691358
18,4	0,6031312	0,0443613333333	-0,278126419753
18,45	0,6047776	0,0172262222222	-0,443952098765
18,5	0,6045032	-0,00670755555556	-0,443274567901
18,55	0,6042288	-0,0309462222222	-0,319117037037
18,6	0,6012104	-0,0471053333333	-0,0203259259259
18,65	0,598192	-0,0359768888889	0,328263703704
18,7	0,59682	-0,00686	0,518819259259
18,75	0,5973688	0,0263728888889	0,470545185185
18,8	0,5998384	0,0500017777778	0,19809308642
18,85	0,6034056	0,0504591111111	-0,168789876543
18,9	0,6058752	0,028812	-0,444968395062
18,95	0,6066984	-0,00320133333333	-0,518819259259
19	0,6053264	-0,0312511111111	-0,395593333333
19,05	0,6031312	-0,0478675555556	-0,145584444444
19,1	0,5998384	-0,0483248888889	0,160490123457
19,15	0,5973688	-0,0282022222222	0,396270864198
19,2	0,5970944	-0,00457333333333	0,511959259259
19,25	0,5962712	0,0286595555556	0,462330123457
19,3	0,5998384	0,0586911111111	0,0912972839506
19,35	0,6047776	0,0408551111111	-0,340628641975
19,4	0,6045032	0,00731733333333	-0,466225925926
19,45	0,6042288	-0,00929911111111	-0,457926172839
19,5	0,6047776	-0,0414648888889	-0,324537283951
19,55	0,599564	-0,0586911111111	0,10806617284
19,6	0,5962712	-0,0278973333333	0,48062345679
19,65	0,59682	0,00686	0,522291604938
19,7	0,5976432	0,0312511111111	0,378062222222
19,75	0,6001128	0,0477151111111	0,132626666667
19,8	0,6031312	0,0471053333333	-0,162438024691
19,85	0,6056008	0,0291168888889	-0,399489135802
19,9	0,606424	0,001372	-0,497815802469
19,95	0,6058752	-0,0285071111111	-0,411261234568
20	0,6031312	-0,0475626666667	-0,155493333333
20,05	0,6001128	-0,0457333333333	0,14533037037
20,1	0,5979176	-0,0282022222222	0,359514814815
20,15	0,5973688	-0,00701244444444	0,477828641975
20,2	0,5965456	0,0242386666667	0,449626419753
20,25	0,599564	0,0547275555556	0,102391851852
20,3	0,6045032	0,0391782222222	-0,331990123457
20,35	0,6042288	0,00579288888889	-0,481385679012
20,4	0,6042288	-0,0167688888889	-0,435313580247
20,45	0,6028568	-0,04116	-0,265253333333
20,5	0,599564	-0,0510688888889	0,0622481481481
20,55	0,5965456	-0,0355195555556	0,392967901235
20,6	0,595448	-0,00564044444444	0,577849135802
20,65	0,595448	0,0336902222222	0,505776790123
20,7	0,599564	0,0571666666667	0,175057037037
20,75	0,6025824	0,0513737777778	-0,182679259259
20,8	0,605052	0,0333853333333	-0,430062716049
20,85	0,606424	0,00335377777778	-0,538213580247
20,9	0,6056008	-0,0294217777778	-0,435821728395
20,95	0,6028568	-0,0484773333333	-0,151936296296
21	0,5998384	-0,0468004444444	0,184627160494
21,05	0,5973688	-0,026068	0,432095308642
21,1	0,59682	0,00457333333333	0,486297777778
21,15	0,5979176	0,0320133333333	0,323182222222
21,2	0,6006616	0,0445137777778	-0,000169382716044
21,25	0,60368	0,030184	-0,295064691358
21,3	0,6039544	0,00670755555556	-0,420407901235
21,35	0,6042288	-0,0163115555556	-0,416935555556
21,4	0,6025824	-0,0413124444444	-0,259240246914
21,45	0,5992896	-0,0487822222222	0,0330296296296
21,5	0,59682	-0,0368915555556	0,308954074074
21,55	0,5951736	-0,0134151111111	0,486043703704
21,6	0,5951736	0,0176835555556	0,510180740741
21,65	0,5970944	0,0445137777778	0,356211851852
21,7	0,5998384	0,0625022222222	0,00880790123457
21,75	0,6047776	0,0500017777778	-0,412785679012
21,8	0,6061496	0,0106711111111	-0,613250123457
21,85	0,6056008	-0,0259155555556	-0,501288148148
21,9	0,6028568	-0,0475626666667	-0,191402469136
21,95	0,5998384	-0,0458857777778	0,154561728395
22	0,5976432	-0,0280497777778	0,407619506173
22,05	0,5965456	0,001372	0,492988395062
22,1	0,5976432	0,0314035555556	0,347149876543
22,15	0,6003872	0,0455808888889	0,00965481481482
22,2	0,60368	0,0303364444444	-0,297944197531
22,25	0,60368	0,00594533333333	-0,412192839506
22,3	0,6039544	-0,0147871111111	-0,406603209877
22,35	0,6025824	-0,0396355555556	-0,269741975309
22,4	0,5992896	-0,0487822222222	0,00965481481481
22,45	0,59682	-0,0387208888889	0,292439259259
22,5	0,5948992	-0,0152444444444	0,475372592593
22,55	0,5948992	0,016464	0,476388888889
22,6	0,59682	0,0414648888889	0,274908148148
22,65	0,5998384	0,0486297777778	-0,0290491358025
22,7	0,6025824	0,0362817777778	-0,289983209877
22,75	0,6039544	0,0120431111111	-0,396270864198
22,8	0,6034056	-0,00762222222222	-0,382974320988
22,85	0,6034056	-0,0289644444444	-0,274569382716
22,9	0,6003872	-0,043904	0,00796098765433
22,95	0,5976432	-0,0310986666667	0,334192098765
23	0,5965456	-0,00198177777778	0,478760246914
23,05	0,5973688	0,0286595555556	0,365697283951
23,1	0,6001128	0,0437515555556	0,0597920987654
23,15	0,6031312	0,0320133333333	-0,217063950617
23,2	0,6034056	0,0134151111111	-0,337156296296
23,25	0,6039544	0,000152444444445	-0,436838024691
23,3	0,6047776	-0,0341475555556	-0,415749876543
23,35	0,6001128	-0,0577764444444	-0,0866392592593
23,4	0,5970944	-0,0451235555556	0,297181975309
23,45	0,5951736	-0,0193604444444	0,517887654321
23,5	0,5948992	0,0147871111111	0,534148395062
23,55	0,59682	0,042532	0,339273580247
23,6	0,599564	0,0579288888889	-0,0311664197531
23,65	0,6045032	0,0375013333333	-0,362055555556
23,7	0,60368	0,00670755555556	-0,413632592593
23,75	0,6039544	-0,00594533333333	-0,375098024691
23,8	0,6039544	-0,0304888888889	-0,286426172839
23,85	0,6006616	-0,0457333333333	0,00804567901235
23,9	0,5979176	-0,0327755555556	0,346726419753
23,95	0,5965456	-0,00152444444444	0,495444444444
24	0,5979176	0,0285071111111	0,388987407407
24,05	0,6001128	0,0432942222222	0,129747160494
24,1	0,6028568	0,0426844444444	-0,173278518519
24,15	0,605052	0,024696	-0,435821728395
24,2	0,6058752	-0,005488	-0,566077037037
24,25	0,605052	-0,0440564444444	-0,430994320988
24,3	0,6003872	-0,060368	-0,0529320987654
24,35	0,5976432	-0,0477151111111	0,309716296296
24,4	0,5951736	-0,021952	0,518734567901
24,45	0,5951736	0,0117382222222	0,532708641975
24,5	0,5965456	0,0388733333333	0,355110864198
24,55	0,5992896	0,0568617777778	-0,00491209876543
24,6	0,6042288	0,0373488888889	-0,341560246914
24,65	0,6034056	0,00746977777778	-0,401521728395
24,7	0,60368	-0,00426844444444	-0,380433580247
24,75	0,6039544	-0,0291168888889	-0,322335308642
24,8	0,600936	-0,0513737777778	0,00110098765432
24,85	0,5965456	-0,0324706666667	0,376199012346
24,9	0,5970944	0,000914666666666	0,480454074074
24,95	0,5973688	0,0240862222222	0,381958024691
25	0,599564	0,0426844444444	0,167350123457
25,05	0,602308	0,0445137777778	-0,125089135802
25,1	0,6047776	0,0292693333333	-0,386446666667
25,15	0,6058752	-0,000152444444444	-0,509164444444
25,2	0,6047776	-0,0307937777778	-0,419137530864
25,25	0,602308	-0,0490871111111	-0,162692098765
25,3	0,5992896	-0,0524408888889	0,194959506173
25,35	0,595448	-0,0243911111111	0,450219259259
25,4	0,5970944	0,00396355555556	0,466141234568
25,45	0,5962712	0,0242386666667	0,379840740741
25,5	0,5987408	0,0519835555556	0,0920595061728
25,55	0,60368	0,0390257777778	-0,28981382716
25,6	0,6034056	0,00884177777778	-0,419391604938
25,65	0,6034056	-0,00640266666667	-0,428961728395
25,7	0,6039544	-0,0375013333333	-0,316660987654
25,75	0,5990152	-0,0533555555556	0,0711407407407
25,8	0,5962712	-0,0259155555556	0,38458345679
25,85	0,5970944	-0,004116	0,483672345679
25,9	0,595448	0,0257631111111	0,457163950617
25,95	0,599564	0,0528982222222	0,190555555556
26	0,602308	0,0492395555556	-0,164724691358
26,05	0,605052	0,0309462222222	-0,415919259259
26,1	0,6058752	0,000609777777778	-0,50035654321
26,15	0,605052	-0,0275924444444	-0,38543037037
26,2	0,6025824	-0,0437515555556	-0,137708148148
26,25	0,5998384	-0,0419222222222	0,137538765432
26,3	0,5979176	-0,0266777777778	0,346641728395
26,35	0,5970944	-0,00609777777778	0,482232592593
26,4	0,5962712	0,0300315555556	0,413463209877
26,45	0,6006616	0,0525933333333	0,0223585185185
26,5	0,6039544	0,0303364444444	-0,343
26,55	0,60368	0,00304888888889	-0,426505679012
26,6	0,60368	-0,0166164444444	-0,37602962963
26,65	0,602308	-0,0376537777778	-0,223500493827
26,7	0,5992896	-0,0443613333333	0,0373488888889
26,75	0,5970944	-0,0338426666667	0,295742222222
26,8	0,595448	-0,0115857777778	0,475372592593
26,85	0,595448	0,0208848888889	0,483757037037
26,9	0,5979176	0,0451235555556	0,29498
26,95	0,6003872	0,0570142222222	-0,0385345679012
27	0,6047776	0,0434466666667	-0,399912592593
27,05	0,6058752	0,00686	-0,547783703704
27,1	0,605052	-0,0237813333333	-0,427776049383
27,15	0,6028568	-0,0408551111111	-0,170483703704
27,2	0,6003872	-0,0422271111111	0,128984938272
27,25	0,5979176	-0,0265253333333	0,379840740741
27,3	0,5970944	0,002744	0,46046691358
27,35	0,598192	0,0304888888889	0,303195061728
27,4	0,600936	0,04116	-0,0182086419753
27,45	0,60368	0,024696	-0,275416296296
27,5	0,6034056	0,004116	-0,34858962963
27,55	0,60368	-0,0112808888889	-0,354772098765
27,6	0,6028568	-0,0343	-0,266862469136
27,65	0,5998384	-0,0468004444444	-0,00770691358025
27,7	0,5970944	-0,0371964444444	0,291507654321
27,75	0,595448	-0,0120431111111	0,477405185185
27,8	0,5957224	0,0185982222222	0,477828641975
27,85	0,5976432	0,0419222222222	0,314035555556
27,9	0,6001128	0,0567093333333	0,00330296296296
27,95	0,6045032	0,0458857777778	-0,36273308642
28	0,6058752	0,0112808888889	-0,537790123457
28,05	0,6053264	-0,0198177777778	-0,454707901235
28,1	0,6034056	-0,0402453333333	-0,211728395062
28,15	0,6006616	-0,043904	0,102730617284
28,2	0,598192	-0,0286595555556	0,373488888889
28,25	0,5970944	0,001372	0,461652592593
28,3	0,5984664	0,0283546666667	0,311748888889
28,35	0,6006616	0,0391782222222	0,0165148148148
28,4	0,6034056	0,0283546666667	-0,25339654321
28,45	0,6039544	0,00594533333333	-0,364765679012
28,5	0,60368	-0,0126528888889	-0,355195555556
28,55	0,6028568	-0,0326231111111	-0,250093580247
28,6	0,6001128	-0,0437515555556	-0,0168535802469
28,65	0,5976432	-0,0367391111111	0,259748395062
28,7	0,5957224	-0,0138724444444	0,451320246914
28,75	0,5959968	0,0163115555556	0,458942469136
28,8	0,5976432	0,0391782222222	0,288712839506
28,85	0,6001128	0,053508	-0,0418375308642
28,9	0,6047776	0,0341475555556	-0,349182469136
28,95	0,6039544	0,004116	-0,388055802469
29	0,6039544	-0,00731733333333	-0,331905432099
29,05	0,6039544	-0,0282022222222	-0,241031604938
29,1	0,600936	-0,0410075555556	0,024052345679
29,15	0,5984664	-0,0275924444444	0,312087654321
29,2	0,5976432	-0,001372	0,434297283951
29,25	0,5984664	0,0240862222222	0,364342222222
29,3	0,6003872	0,0408551111111	0,144991604938
29,35	0,6031312	0,0428368888889	-0,167858271605
29,4	0,6056008	0,0234764444444	-0,451150864198
29,45	0,6061496	-0,00990888888889	-0,552695802469
29,5	0,6047776	-0,0451235555556	-0,37171037037
29,55	0,6003872	-0,0553373333333	-0,0108404938272
29,6	0,598192	-0,0420746666667	0,28727308642
29,65	0,5959968	-0,0207324444444	0,453522222222
29,7	0,5957224	0,00899422222222	0,468004444444
29,75	0,5970944	0,0333853333333	0,310986666667
29,8	0,599564	0,0454284444444	0,0408212345679
29,85	0,6025824	0,0375013333333	-0,229513580247
29,9	0,6039544	0,015092	-0,354179259259
29,95	0,60368	-0,00259155555556	-0,35714345679
30	0,6039544	-0,0231715555556	-0,270927654321
30,05	0,6012104	-0,0375013333333	-0,0284562962963
30,1	0,5990152	-0,0280497777778	0,249585432099
30,15	0,5979176	-0,00655511111111	0,404062469136
30,2	0,598192	0,0196653333333	0,385176296296
30,25	0,6001128	0,0396355555556	0,185389382716
30,3	0,6028568	0,0432942222222	-0,127037037037
30,35	0,6053264	0,026068	-0,408974567901
30,4	0,6061496	-0,00487822222222	-0,522376296296
30,45	0,605052	-0,0394831111111	-0,362563703704
30,5	0,6006616	-0,0455808888889	-0,0812190123457
30,55	0,6003872	-0,0440564444444	0,158965679012
30,6	0,5959968	-0,0326231111111	0,420831358025
30,65	0,5957224	0,00426844444444	0,525086419753
30,7	0,59682	0,0333853333333	0,353247654321
30,75	0,5998384	0,0461906666667	0,0359091358025
30,8	0,6025824	0,0347573333333	-0,252126172839
30,85	0,60368	0,012348	-0,36485037037
30,9	0,6034056	-0,00457333333333	-0,374589876543
30,95	0,6039544	-0,0310986666667	-0,241285679012
31	0,5992896	-0,0375013333333	0,0570819753086
31,05	0,5990152	-0,0202751111111	0,270080740741
31,1	0,5976432	-0,00533555555556	0,368915555556
31,15	0,5979176	0,0199702222222	0,359768888889
31,2	0,5998384	0,0388733333333	0,173701975309
31,25	0,6025824	0,0416173333333	-0,102730617284
31,3	0,6047776	0,0265253333333	-0,341475555556
31,35	0,6056008	0,00198177777778	-0,456571111111
31,4	0,605052	-0,0251533333333	-0,419476296296
31,45	0,6028568	-0,0458857777778	-0,229598271605
31,5	0,6001128	-0,0553373333333	0,107303950617
31,55	0,5959968	-0,037044	0,463854567901
31,6	0,595448	0,00198177777778	0,582761234568
31,65	0,5965456	0,0341475555556	0,412785679012
31,7	0,5992896	0,0538128888889	0,027524691358
31,75	0,6039544	0,0349097777778	-0,325807654321
31,8	0,6031312	0,00533555555556	-0,387462962963
31,85	0,6031312	-0,00442088888889	-0,379925432099
31,9	0,6039544	-0,0324706666667	-0,316915061728
31,95	0,599564	-0,0504591111111	0,00999358024691
32	0,5970944	-0,0336902222222	0,371371604938
32,05	0,5957224	-0,004116	0,543295061728
32,1	0,5962712	0,0333853333333	0,437092098765
32,15	0,6001128	0,049392	0,116789382716
32,2	0,602308	0,0422271111111	-0,1715
32,25	0,6045032	0,0269826666667	-0,352824197531
32,3	0,6053264	0,00365866666667	-0,432772839506
32,35	0,605052	-0,021952	-0,372641975309
32,4	0,6028568	-0,0405502222222	-0,165402222222
32,45	0,6001128	-0,0408551111111	0,0985807407408
32,5	0,598192	-0,0271351111111	0,301247160494
32,55	0,5973688	-0,008232	0,421508888889
32,6	0,59682	0,019208	0,41075308642
32,65	0,5990152	0,0474102222222	0,120007654321
32,7	0,60368	0,0362817777778	-0,266523703704
32,75	0,6034056	0,00746977777778	-0,413632592593
32,8	0,60368	-0,0118906666667	-0,392120987654
32,85	0,6025824	-0,0352146666667	-0,253142469136
32,9	0,599564	-0,043904	0,0265083950617
32,95	0,5973688	-0,0336902222222	0,316491604938
33	0,595448	-0,00777466666667	0,496630123457
33,05	0,5959968	0,0291168888889	0,410414320988
33,1	0,5998384	0,0396355555556	0,169552098765
33,15	0,6001128	0,0428368888889	-0,0453945679012
33,2	0,6042288	0,0385684444444	-0,304973580247
33,25	0,6053264	0,00899422222222	-0,46690345679
33,3	0,605052	-0,0195128888889	-0,394322962963
33,35	0,6028568	-0,0378062222222	-0,155239259259
33,4	0,6003872	-0,0361293333333	0,121870864198
33,45	0,5987408	-0,0216471111111	0,313612098765
33,5	0,5979176	0,000609777777778	0,370185925926
33,55	0,5987408	0,0225617777778	0,25940962963
33,6	0,6006616	0,0332328888889	0,0119414814815
33,65	0,6031312	0,0225617777778	-0,219774074074
33,7	0,6031312	0,00457333333333	-0,319963950617
33,75	0,6034056	-0,0120431111111	-0,333853333333
33,8	0,602308	-0,0332328888889	-0,232901234568
33,85	0,599564	-0,042532	0,010247654321
33,9	0,5970944	-0,0321657777778	0,257461728395
33,95	0,5959968	-0,0120431111111	0,408974567901
34	0,5957224	0,0134151111111	0,438023703704
34,05	0,5973688	0,037044	0,324198518519
34,1	0,599564	0,0539653333333	0,0399743209877
34,15	0,6039544	0,0457333333333	-0,323436296296
34,2	0,6053264	0,0131102222222	-0,510265432099
34,25	0,605052	-0,0173786666667	-0,437684938272
34,3	0,6031312	-0,0378062222222	-0,191825925926
34,35	0,6003872	-0,0381111111111	0,101121481481
34,4	0,5987408	-0,0240862222222	0,317592592593
34,45	0,5976432	-0,001372	0,410075555556
34,5	0,5984664	0,0236288888889	0,339442962963
34,55	0,6003872	0,0393306666667	0,116111851852
34,6	0,6031312	0,0385684444444	-0,181747654321
34,65	0,605052	0,0185982222222	-0,418629382716
34,7	0,6053264	-0,00945155555556	-0,498916790124
34,75	0,6045032	-0,0426844444444	-0,334107407407
34,8	0,5998384	-0,0516786666667	0,0131271604938
34,85	0,598192	-0,0364342222222	0,283800740741
34,9	0,5962712	-0,0176835555556	0,433111604938
34,95	0,5959968	0,0106711111111	0,46089037037
35	0,5973688	0,0353671111111	0,32326691358
35,05	0,5998384	0,0518311111111	0,0154138271605
35,1	0,6042288	0,035672	-0,276686666667
35,15	0,6034056	0,0149395555556	-0,387293580247
35,2	0,6056008	-0,005488	-0,404570617284
35,25	0,6034056	-0,0327755555556	-0,252719012346
35,3	0,6012104	-0,0375013333333	0,0331990123457
35,35	0,5990152	-0,02744	0,282699753086
35,4	0,5979176	-0,00396355555556	0,409652098765
35,45	0,5984664	0,0221044444444	0,340882716049
35,5	0,6006616	0,0368915555556	0,117720987654
35,55	0,6028568	0,0355195555556	-0,151936296296
35,6	0,6047776	0,0195128888889	-0,364680987654
35,65	0,6053264	-0,00670755555556	-0,437515555556
35,7	0,6042288	-0,0346048888889	-0,29455654321
35,75	0,6006616	-0,039788	-0,0543718518519
35,8	0,6001128	-0,0376537777778	0,156340246914
35,85	0,5965456	-0,0254582222222	0,364088148148
35,9	0,5965456	0,00533555555556	0,420492592593
35,95	0,5976432	0,0259155555556	0,281344691358
36	0,599564	0,0367391111111	0,058182962963
36,05	0,6020336	0,031556	-0,172177530864
36,1	0,6031312	0,015092	-0,30700617284
36,15	0,6034056	-0,000762222222222	-0,367645185185
36,2	0,6039544	-0,0297266666667	-0,251448641975
36,25	0,5992896	-0,0364342222222	0,0619940740741
36,3	0,5990152	-0,0176835555556	0,277957037037
36,35	0,5979176	-0,00167688888889	0,347065185185
36,4	0,5984664	0,0210373333333	0,298706419753
36,45	0,6003872	0,0344524444444	0,113147654321
36,5	0,6025824	0,0338426666667	-0,109505925926
36,55	0,6042288	0,0214946666667	-0,292947407407
36,6	0,605052	0,00121955555556	-0,393052592593
36,65	0,6045032	-0,0227142222222	-0,368238024691
36,7	0,6025824	-0,04116	-0,204190864198
36,75	0,6001128	-0,0501542222222	0,099342962963
36,8	0,5962712	-0,0326231111111	0,41287037037
36,85	0,5959968	0,00243911111111	0,494258765432
36,9	0,5970944	0,0277448888889	0,33571654321
36,95	0,5992896	0,0403977777778	0,065297037037
37	0,6020336	0,0335377777778	-0,198431851852
37,05	0,6031312	0,0140248888889	-0,326315802469
37,1	0,6031312	-0,00198177777778	-0,355195555556
37,15	0,60368	-0,0282022222222	-0,230445185185
37,2	0,5992896	-0,0341475555556	0,0635185185185
37,25	0,5990152	-0,0158542222222	0,255513827161
37,3	0,598192	-0,00213422222222	0,312595802469
37,35	0,5984664	0,0176835555556	0,286002716049
37,4	0,6001128	0,0321657777778	0,133134814815
37,45	0,602308	0,0336902222222	-0,0781701234568
37,5	0,6039544	0,023324	-0,268471604938
37,55	0,605052	0,00335377777778	-0,371202222222
37,6	0,6045032	-0,0202751111111	-0,32928
37,65	0,6025824	-0,0352146666667	-0,15905037037
37,7	0,6003872	-0,0368915555556	0,0486128395062
37,75	0,5987408	-0,0312511111111	0,270334814815
37,8	0,5965456	-0,009604	0,448779506173
37,85	0,5970944	0,0231715555556	0,41287037037
37,9	0,5992896	0,0455808888889	0,10976
37,95	0,6034056	0,0353671111111	-0,230191111111
38	0,6034056	0,00975644444445	-0,338680740741
38,05	0,6034056	-0,00152444444444	-0,343254074074
38,1	0,6042288	-0,02744	-0,249331358025
38,15	0,5998384	-0,0353671111111	0,0165148148148
38,2	0,5998384	-0,0253057777778	0,268979753086
38,25	0,59682	-0,00365866666667	0,413463209877
38,3	0,5990152	0,0266777777778	0,333006419753
38,35	0,6006616	0,0349097777778	0,123395308642
38,4	0,6025824	0,0381111111111	-0,0903656790124
38,45	0,605052	0,0266777777778	-0,303872592593
38,5	0,6058752	0,00289644444444	-0,399404444444
38,55	0,6053264	-0,0208848888889	-0,326993333333
38,6	0,6034056	-0,0359768888889	-0,115434320988
38,65	0,600936	-0,0336902222222	0,130594074074
38,7	0,599564	-0,0195128888889	0,304041975309
38,75	0,5987408	0,001372	0,356381234568
38,8	0,599564	0,0230191111111	0,247214074074
38,85	0,6014848	0,0338426666667	-0,0121108641975
38,9	0,6042288	0,0201226666667	-0,242132592593
38,95	0,60368	0,000152444444444	-0,293370864198
39	0,60368	-0,0115857777778	-0,267285925926
39,05	0,6028568	-0,02744	-0,190724938272
39,1	0,6006616	-0,0358244444444	-0,00491209876543
39,15	0,5987408	-0,0310986666667	0,233917530864
39,2	0,59682	-0,0112808888889	0,430401481482
39,25	0,59682	0,023324	0,398134074074
39,3	0,6003872	0,0362817777778	0,188522962963
39,35	0,6006616	0,04116	-0,0348081481481
39,4	0,6047776	0,0359768888889	-0,299722716049
39,45	0,6056008	0,00594533333333	-0,438108395062
39,5	0,605052	-0,0190555555556	-0,347742716049
39,55	0,6031312	-0,0332328888889	-0,14236617284
39,6	0,6012104	-0,0338426666667	0,0916360493827
39,65	0,5992896	-0,0227142222222	0,28642617284
39,7	0,5984664	-0,00121955555556	0,376707160494
39,75	0,5990152	0,0227142222222	0,289305679012
39,8	0,6012104	0,0350622222222	0,0488669135803
39,85	0,6034056	0,0292693333333	-0,224008641975
39,9	0,605052	0,00442088888889	-0,343
39,95	0,6031312	-0,0106711111111	-0,326400493827
40	0,6042288	-0,0285071111111	-0,25940962963
40,05	0,6003872	-0,0445137777778	-0,0345540740741
40,1	0,5984664	-0,0347573333333	0,238575555556
40,15	0,5965456	-0,0155493333333	0,41032962963
40,2	0,5965456	0,0131102222222	0,420407901235
40,25	0,598192	0,0332328888889	0,268217530864
40,3	0,6001128	0,0460382222222	-0,00669061728395
40,35	0,6042288	0,0307937777778	-0,25382
40,4	0,6031312	0,0126528888889	-0,341899012346
40,45	0,6053264	-0,00426844444444	-0,368238024691
40,5	0,6034056	-0,0307937777778	-0,239845925926
40,55	0,6012104	-0,0361293333333	0,0384498765432
40,6	0,5990152	-0,0250008888889	0,28083654321
40,65	0,598192	-0,00121955555556	0,377977530864
40,7	0,5990152	0,02058	0,295064691358
40,75	0,6006616	0,032928	0,0967175308642
40,8	0,6028568	0,0321657777778	-0,150327160494
40,85	0,6045032	0,0161591111111	-0,352316049383
40,9	0,6047776	-0,00731733333333	-0,436922716049
40,95	0,6042288	-0,0371964444444	-0,311240740741
41	0,6001128	-0,0478675555556	0,00279481481482
41,05	0,598192	-0,0332328888889	0,260934074074
41,1	0,59682	-0,0149395555556	0,382720246914
41,15	0,5965456	0,00838444444444	0,398134074074
41,2	0,5976432	0,0292693333333	0,295234074074
41,25	0,599564	0,0457333333333	0,0416681481482
41,3	0,60368	0,0339951111111	-0,227057530864
41,35	0,6031312	0,0152444444444	-0,345625432099
41,4	0,605052	-0,00304888888889	-0,375436790124
41,45	0,6034056	-0,0289644444444	-0,247891604938
41,5	0,6012104	-0,0353671111111	0,0248145679012
41,55	0,5990152	-0,0240862222222	0,255598518519
41,6	0,5984664	-0,00335377777778	0,351215061728
41,65	0,5987408	0,0169213333333	0,301755308642
41,7	0,6003872	0,0312511111111	0,138809135802
41,75	0,602308	0,0343	-0,101714320988
41,8	0,6045032	0,0211897777778	-0,329788148148
41,85	0,605052	-0,00426844444444	-0,427183209877
41,9	0,6042288	-0,0323182222222	-0,303364444444
41,95	0,6006616	-0,0388733333333	-0,0690234567901
42	0,6001128	-0,0365866666667	0,135590864198
42,05	0,59682	-0,0269826666667	0,345540740741
42,1	0,5962712	0,00350622222222	0,421424197531
42,15	0,5976432	0,0253057777778	0,286595555556
42,2	0,5992896	0,0362817777778	0,0539483950617
42,25	0,6020336	0,0304888888889	-0,182933333333
42,3	0,6028568	0,0118906666667	-0,293540246914
42,35	0,6028568	-0,00167688888889	-0,312426419753
42,4	0,6034056	-0,0253057777778	-0,196738024691
42,45	0,5992896	-0,028812	0,058182962963
42,5	0,599564	-0,0134151111111	0,21096617284
42,55	0,5984664	-0,00350622222222	0,272113333333
42,6	0,5987408	0,015092	0,271435802469
42,65	0,6001128	0,0291168888889	0,147362962963
42,7	0,6020336	0,0341475555556	-0,0642807407407
42,75	0,6042288	0,0234764444444	-0,283377283951
42,8	0,605052	-0,000609777777778	-0,366205432099
42,85	0,6039544	-0,0213422222222	-0,277448888889
42,9	0,602308	-0,0307937777778	-0,110268148148
42,95	0,6006616	-0,0318608888889	0,0645348148148
43	0,5990152	-0,0275924444444	0,273468395062
43,05	0,5965456	0,000609777777778	0,365866666667
43,1	0,599564	0,0208848888889	0,225871851852
43,15	0,599564	0,0236288888889	0,0471730864198
43,2	0,6017592	0,0250008888889	-0,128561481481
43,25	0,6028568	0,00975644444445	-0,259240246914
43,3	0,6028568	-0,00716488888889	-0,25254962963
43,35	0,6020336	-0,0217995555556	-0,11619654321
43,4	0,5998384	-0,0199702222222	0,0569125925926
43,45	0,5998384	-0,0120431111111	0,160744197531
43,5	0,5987408	-0,00350622222222	0,238575555556
43,55	0,5990152	0,0134151111111	0,258732098765
43,6	0,6001128	0,0283546666667	0,152529135802
43,65	0,602308	0,0335377777778	-0,0533555555556
43,7	0,6042288	0,0222568888889	-0,247214074074
43,75	0,6047776	0,004116	-0,336224691358
43,8	0,6047776	-0,0167688888889	-0,29540345679
43,85	0,6028568	-0,0314035555556	-0,122463703704
43,9	0,600936	-0,0307937777778	0,0885024691358
43,95	0,5992896	-0,0193604444444	0,23451037037
44	0,5987408	-0,00152444444444	0,258393333333
44,05	0,599564	0,00929911111111	0,201734814815
44,1	0,599564	0,0198177777778	0,100274567901
44,15	0,6017592	0,0239337777778	-0,085792345679
44,2	0,6028568	0,0103662222222	-0,248399753086
44,25	0,6028568	-0,00625022222222	-0,295488148148
44,3	0,602308	-0,0242386666667	-0,217910864198
44,35	0,6001128	-0,0339951111111	-0,00601308641975
44,4	0,598192	-0,0268302222222	0,239591851852
44,45	0,59682	-0,00701244444444	0,406772592593
44,5	0,59682	0,0251533333333	0,347912098765
44,55	0,6006616	0,0339951111111	0,143890617284
44,6	0,6003872	0,0361293333333	-0,0283716049383
44,65	0,6042288	0,0343	-0,244249876543
44,7	0,605052	0,00945155555556	-0,389241481482
44,75	0,605052	-0,01372	-0,345964197531
44,8	0,6034056	-0,0312511111111	-0,164047160494
44,85	0,6012104	-0,0323182222222	0,068684691358
44,9	0,599564	-0,0204275555556	0,221467901235
44,95	0,5990152	-0,00396355555556	0,247044691358
45	0,599564	0,00640266666667	0,205630617284
45,05	0,599564	0,0167688888889	0,132880740741
45,1	0,6012104	0,024696	-0,0368407407407
45,15	0,6028568	0,0158542222222	-0,245943703704
45,2	0,6034056	-0,00533555555556	-0,338850123457
45,25	0,602308	-0,0268302222222	-0,243572345679
45,3	0,6001128	-0,0352146666667	-0,0195637037037
45,35	0,598192	-0,0292693333333	0,218842469136
45,4	0,5965456	-0,00945155555556	0,372387901235
45,45	0,5970944	0,0149395555556	0,371117530864
45,5	0,5984664	0,0314035555556	0,25898617284
45,55	0,6001128	0,0457333333333	0,034215308642
45,6	0,6039544	0,0400928888889	-0,275077530864
45,65	0,6053264	0,0111284444444	-0,436922716049
45,7	0,6047776	-0,0146346666667	-0,367560493827
45,75	0,6034056	-0,0306413333333	-0,166757283951
45,8	0,6012104	-0,0333853333333	0,0846066666667
45,85	0,5992896	-0,0195128888889	0,274738765432
45,9	0,5990152	0,000609777777778	0,324537283951
45,95	0,599564	0,0175311111111	0,258054567901
46	0,600936	0,0294217777778	0,106202962963
46,05	0,6028568	0,0317084444444	-0,122040246914
46,1	0,6047776	0,0181408888889	-0,350791604938
46,15	0,6053264	-0,00853688888889	-0,449457037037
46,2	0,6042288	-0,0393306666667	-0,291507654321
46,25	0,6001128	-0,0454284444444	0,0287950617284
46,3	0,5987408	-0,0309462222222	0,262627901235
46,35	0,5970944	-0,01372	0,380518271605
46,4	0,5970944	0,0100613333333	0,401945185185
46,45	0,598192	0,0306413333333	0,306159259259
46,5	0,6001128	0,0483248888889	0,0542871604938
46,55	0,6042288	0,0410075555556	-0,279312098765
46,6	0,6053264	0,0115857777778	-0,436753333333
46,65	0,605052	-0,0138724444444	-0,359768888889
46,7	0,6034056	-0,0285071111111	-0,166079753086
46,75	0,6017592	-0,0310986666667	0,0568279012346
46,8	0,5998384	-0,0221044444444	0,253057777778
46,85	0,5990152	-0,00182933333333	0,349605925926
46,9	0,599564	0,0201226666667	0,284139506173
46,95	0,6014848	0,0323182222222	0,0884177777778
47	0,6034056	0,0304888888889	-0,148718024691
47,05	0,605052	0,0152444444444	-0,328941234568
47,1	0,6053264	-0,00746977777778	-0,385515061728
47,15	0,6045032	-0,0330804444444	-0,245350864198
47,2	0,6006616	-0,0341475555556	-0,0368407407407
47,25	0,6012104	-0,0327755555556	0,119753580247
47,3	0,5973688	-0,0269826666667	0,339951111111
47,35	0,5970944	0,00472577777778	0,462499506173
47,4	0,598192	0,030184	0,356635308642
47,45	0,6003872	0,0483248888889	0,0777466666667
47,5	0,6042288	0,0405502222222	-0,252634320988
47,55	0,6053264	0,0141773333333	-0,404994074074
47,6	0,6053264	-0,00868933333333	-0,363664691358
47,65	0,6042288	-0,026068	-0,210034567901
47,7	0,602308	-0,0324706666667	0,0116874074074
47,75	0,6003872	-0,0250008888889	0,227142222222
47,8	0,5992896	-0,00594533333333	0,34858962963
47,85	0,599564	0,0173786666667	0,302856296296
47,9	0,6014848	0,0310986666667	0,109421234568
47,95	0,6034056	0,0292693333333	-0,118906666667
48	0,6047776	0,016464	-0,287357777778
48,05	0,6053264	-0,00228666666667	-0,371879753086
48,1	0,605052	-0,0292693333333	-0,279481481482
48,15	0,6012104	-0,0347573333333	-0,078762962963
48,2	0,6014848	-0,0346048888889	0,095955308642
48,25	0,5976432	-0,0283546666667	0,307260246914
48,3	0,5973688	0,000914666666667	0,402283950617
48,35	0,598192	0,0222568888889	0,28769654321
48,4	0,6001128	0,0330804444444	0,0841832098766
48,45	0,6020336	0,0307937777778	-0,134235802469
48,5	0,60368	0,0163115555556	-0,275755061728
48,55	0,60368	0,000152444444444	-0,324283209877
48,6	0,6042288	-0,0234764444444	-0,213168148148
48,65	0,6003872	-0,0286595555556	0,0425150617284
48,7	0,6003872	-0,0141773333333	0,213168148148
48,75	0,5992896	-0,00213422222222	0,272452098765
48,8	0,5998384	0,0160066666667	0,244673333333
48,85	0,6012104	0,0266777777778	0,116704691358
48,9	0,6028568	0,0292693333333	-0,0524239506173
48,95	0,6045032	0,0221044444444	-0,231122716049
49	0,6056008	0,00381111111111	-0,350114074074
49,05	0,605052	-0,0187506666667	-0,336394074074
49,1	0,6034056	-0,0346048888889	-0,198685925926
49,15	0,6014848	-0,0442088888889	0,0558116049383
49,2	0,5979176	-0,031556	0,340374567901
49,25	0,5973688	-0,000304888888889	0,423541481482
49,3	0,5984664	0,0214946666667	0,281514074074
49,35	0,6001128	0,0304888888889	0,0588604938272
49,4	0,6020336	0,0262204444444	-0,148548641975
49,45	0,6031312	0,0120431111111	-0,26754
49,5	0,6034056	-0,00518311111111	-0,275077530864
49,55	0,6025824	-0,0216471111111	-0,148379259259
49,6	0,6003872	-0,0210373333333	0,0193096296296
49,65	0,6006616	-0,0196653333333	0,182933333333
49,7	0,5976432	-0,00304888888889	0,325553580247
49,75	0,5998384	0,0225617777778	0,273468395062
49,8	0,600936	0,0295742222222	0,102307160494
49,85	0,6028568	0,0324706666667	-0,0827434567901
49,9	0,6047776	0,0211897777778	-0,255344444444
49,95	0,6053264	0,00259155555556	-0,324960740741
50	0,605052	-0,0166164444444	-0,272621481482
50,05	0,6034056	-0,0295742222222	-0,10848962963
50,1	0,6014848	-0,0289644444444	0,0913819753087
50,15	0,6001128	-0,0182933333333	0,23967654321
50,2	0,5992896	-0,000304888888889	0,278295802469
50,25	0,6001128	0,0166164444444	0,169636790123
50,3	0,6017592	0,0182933333333	0,0123649382716
50,35	0,6020336	0,0153968888889	-0,109421234568
50,4	0,6034056	0,00792711111111	-0,223161728395
50,45	0,6034056	-0,00975644444445	-0,261188148148
50,5	0,602308	-0,0248484444444	-0,161337037037
50,55	0,6003872	-0,0292693333333	0,0217656790124
50,6	0,5990152	-0,0228666666667	0,209102962963
50,65	0,5976432	-0,00701244444445	0,349097777778
50,7	0,5976432	0,0210373333333	0,309377530864
50,75	0,600936	0,0286595555556	0,152529135802
50,8	0,6003872	0,0346048888889	-0,00279481481481
50,85	0,6045032	0,0341475555556	-0,246705925926
50,9	0,6053264	0,00609777777778	-0,396355555556
50,95	0,6047776	-0,0166164444444	-0,331058518519
51	0,6031312	-0,0306413333333	-0,167180740741
51,05	0,6012104	-0,0321657777778	0,010162962963
51,1	0,6001128	-0,0317084444444	0,212744691358
51,15	0,5970944	-0,0134151111111	0,422017037037
51,2	0,5976432	0,0243911111111	0,358159753086
51,25	0,6012104	0,0324706666667	0,0829128395062
51,3	0,6012104	0,030184	-0,168789876543
51,35	0,6047776	0,0138724444444	-0,363495308642
51,4	0,6034056	-0,016464	-0,339781728395
51,45	0,6020336	-0,0272875555556	-0,160828888889
51,5	0,6003872	-0,0307937777778	0,0155832098765
51,55	0,5987408	-0,0257631111111	0,190724938272
51,6	0,5973688	-0,0114333333333	0,337240987654
51,65	0,5970944	0,0131102222222	0,366459506173
51,7	0,5990152	0,0314035555556	0,249077283951
51,75	0,6003872	0,0432942222222	0,0153291358025
51,8	0,6042288	0,0361293333333	-0,269318518519
51,85	0,605052	0,008232	-0,390850617284
51,9	0,6045032	-0,0117382222222	-0,32284345679
51,95	0,60368	-0,0266777777778	-0,168451111111
52	0,6014848	-0,0314035555556	0,0492056790124
52,05	0,5998384	-0,0210373333333	0,241793827161
52,1	0,5990152	-0,00228666666667	0,323520987654
52,15	0,599564	0,0176835555556	0,260341234568
52,2	0,6012104	0,0283546666667	0,0863851851852
52,25	0,6028568	0,0278973333333	-0,129831851852
52,3	0,6045032	0,0146346666667	-0,319625185185
52,35	0,6047776	-0,008232	-0,398811604938
52,4	0,6039544	-0,0347573333333	-0,275924444444
52,45	0,6003872	-0,0431417777778	0,000169382716054
52,5	0,5987408	-0,0318608888889	0,233070617284
52,55	0,5970944	-0,015092	0,360361728395
52,6	0,59682	0,00945155555556	0,36188617284
52,65	0,5984664	0,0262204444444	0,243064197531
52,7	0,5998384	0,0339951111111	0,0901962962963
52,75	0,6017592	0,0388733333333	-0,129831851852
52,8	0,6047776	0,0228666666667	-0,358159753086
52,85	0,6047776	-0,00686	-0,385176296296
52,9	0,6034056	-0,0248484444444	-0,215962962963
52,95	0,6017592	-0,0303364444444	0,0149903703704
53	0,5998384	-0,0222568888889	0,221467901235
53,05	0,5990152	-0,00320133333333	0,312680493827
53,1	0,599564	0,0155493333333	0,256445432099
53,15	0,600936	0,0263728888889	0,101121481481
53,2	0,6025824	0,0275924444444	-0,104593827161
53,25	0,6042288	0,0155493333333	-0,293879012346
53,3	0,6045032	-0,00487822222222	-0,392883209877
53,35	0,6042288	-0,0327755555556	-0,296758518519
53,4	0,6003872	-0,0437515555556	-0,0159219753086
53,45	0,5987408	-0,0318608888889	0,228920740741
53,5	0,5970944	-0,0144822222222	0,344778518519
53,55	0,5970944	0,00746977777778	0,342745925926
53,6	0,598192	0,0230191111111	0,249924197531
53,65	0,599564	0,0335377777778	0,104678518519
53,7	0,6014848	0,0394831111111	-0,144314074074
53,75	0,6047776	0,0214946666667	-0,402199259259
53,8	0,6047776	-0,0163115555556	-0,364935061728
53,85	0,6014848	-0,0259155555556	-0,10848962963
53,9	0,6014848	-0,0204275555556	0,0614012345679
53,95	0,5998384	-0,0169213333333	0,172685679012
54	0,5992896	-0,00350622222222	0,255513827161
54,05	0,5992896	0,0126528888889	0,245096790123
54,1	0,6006616	0,0265253333333	0,119668888889
54,15	0,6025824	0,0269826666667	-0,0638572839506
54,2	0,60368	0,0187506666667	-0,222230123457
54,25	0,6047776	0,002744	-0,325299506173
54,3	0,6042288	-0,0187506666667	-0,30997037037
54,35	0,6025824	-0,0333853333333	-0,171330617284
54,4	0,6006616	-0,0403977777778	0,0625869135803
54,45	0,5976432	-0,0283546666667	0,307683703704
54,5	0,5970944	-0,00152444444444	0,384244691358
54,55	0,5979176	0,0184457777778	0,275924444444
54,6	0,5992896	0,0297266666667	0,0711407407407
54,65	0,6014848	0,0266777777778	-0,155662716049
54,7	0,6025824	0,00990888888889	-0,281344691358
54,75	0,6025824	-0,00868933333333	-0,248145679012
54,8	0,6014848	-0,021952	-0,0725804938272
54,85	0,5992896	-0,0146346666667	0,0911279012346
54,9	0,6001128	-0,00625022222222	0,138809135802
54,95	0,5990152	-0,00198177777778	0,185728148148
55	0,5992896	0,0125004444444	0,205884691358
55,05	0,6003872	0,0239337777778	0,119245432099
55,1	0,6020336	0,0278973333333	-0,0408212345679
55,15	0,60368	0,0202751111111	-0,209695802469
55,2	0,6045032	0,00304888888889	-0,294641234568
55,25	0,6039544	-0,0141773333333	-0,269149135803
55,3	0,6028568	-0,0269826666667	-0,161675802469
55,35	0,600936	-0,0317084444444	-0,00677530864197
55,4	0,599564	-0,0303364444444	0,193604444444
55,45	0,5970944	-0,0128053333333	0,378993827161
55,5	0,5976432	0,0169213333333	0,36874617284
55,55	0,599564	0,0324706666667	0,168535802469
55,6	0,6012104	0,0373488888889	-0,115857777778
55,65	0,6042288	0,0214946666667	-0,382042716049
55,7	0,6045032	-0,01372	-0,388902716049
55,75	0,6017592	-0,0306413333333	-0,133388888889
55,8	0,6001128	-0,0217995555556	0,0676683950617
55,85	0,6003872	-0,0208848888889	0,206477530864
55,9	0,5970944	-0,00289644444444	0,332498271605
55,95	0,599564	0,0230191111111	0,249924197531
56	0,6006616	0,0268302222222	0,0665674074074
56,05	0,602308	0,0268302222222	-0,0848607407407
56,1	0,60368	0,0173786666667	-0,209102962963
56,15	0,6042288	0,00381111111111	-0,271435802469
56,2	0,6042288	-0,0129577777778	-0,252634320988
56,25	0,6028568	-0,0268302222222	-0,118229135802
56,3	0,600936	-0,0277448888889	0,0771538271605
56,35	0,599564	-0,0167688888889	0,222230123457
56,4	0,5990152	-0,000609777777778	0,26068
56,45	0,599564	0,015092	0,171584691358
56,5	0,6012104	0,0170737777778	0,0458180246914
56,55	0,600936	0,0211897777778	-0,107812098765
56,6	0,6042288	0,00807955555556	-0,272960246914
56,65	0,602308	-0,0152444444444	-0,260087160494
56,7	0,6017592	-0,0227142222222	-0,135675555556
56,75	0,6001128	-0,0289644444444	0,0224432098765
56,8	0,5984664	-0,0234764444444	0,227735061728
56,85	0,5970944	-0,00487822222222	0,37814691358
56,9	0,5973688	0,0242386666667	0,326993333333
56,95	0,6003872	0,037044	0,0896881481482
57	0,6020336	0,0304888888889	-0,117975061728
57,05	0,6034056	0,0204275555556	-0,234002222222
57,1	0,6042288	0,00579288888889	-0,294641234568
57,15	0,6042288	-0,012348	-0,26669308642
57,2	0,6028568	-0,0265253333333	-0,121616790123
57,25	0,600936	-0,0272875555556	0,0808802469136
57,3	0,599564	-0,0155493333333	0,228666666667
57,35	0,5992896	0	0,276517283951
57,4	0,599564	0,0155493333333	0,230699259259
57,45	0,600936	0,02744	0,0836750617284
57,5	0,6028568	0,0271351111111	-0,130001234568
57,55	0,6042288	0,0129577777778	-0,302940987654
57,6	0,6045032	-0,00807955555556	-0,35672
57,65	0,60368	-0,0327755555556	-0,208171358025
57,7	0,5998384	-0,0321657777778	0,0256614814815
57,75	0,6003872	-0,0251533333333	0,176750864198
57,8	0,5973688	-0,016464	0,332074814815
57,85	0,5973688	0,0157017777778	0,329025925926
57,9	0,6003872	0,023324	0,179376296296
57,95	0,599564	0,0307937777778	0,0473424691358
58	0,6034056	0,0341475555556	-0,18479654321
58,05	0,6045032	0,0100613333333	-0,350114074074
58,1	0,6042288	-0,0117382222222	-0,302940987654
58,15	0,6028568	-0,0251533333333	-0,13677654321
58,2	0,6012104	-0,026068	0,0592839506173
58,25	0,5998384	-0,0169213333333	0,204614320988
58,3	0,5992896	-0,00213422222222	0,26584617284
58,35	0,599564	0,0138724444444	0,22553308642
58,4	0,600936	0,0240862222222	0,0954471604938
58,45	0,602308	0,0257631111111	-0,0915513580247
58,5	0,6039544	0,0158542222222	-0,283716049383
58,55	0,6045032	-0,00609777777778	-0,380941728395
58,6	0,60368	-0,032928	-0,260849382716
58,65	0,6001128	-0,0390257777778	0,00254074074074
58,7	0,5990152	-0,0282022222222	0,19766962963
58,75	0,5973688	-0,0152444444444	0,303957283951
58,8	0,5970944	0,00533555555556	0,325553580247
58,85	0,598192	0,0208848888889	0,255005679012
58,9	0,5992896	0,0326231111111	0,123225925926
58,95	0,6014848	0,0393306666667	-0,119330123457
59	0,6045032	0,0214946666667	-0,355195555556
59,05	0,6042288	-0,00792711111111	-0,361293333333
59,1	0,6028568	-0,0228666666667	-0,188099506173
59,15	0,6014848	-0,0266777777778	0,0127037037037
59,2	0,5998384	-0,0204275555556	0,188692345679
59,25	0,5990152	-0,00472577777778	0,284478271605
59,3	0,5992896	0,0128053333333	0,263898271605
59,35	0,6003872	0,0271351111111	0,119753580247
59,4	0,6025824	0,0286595555556	-0,105610123457
59,45	0,6039544	0,0143297777778	-0,280074320988
59,5	0,6042288	-0,00472577777778	-0,332582962963
59,55	0,60368	-0,0269826666667	-0,21994345679
59,6	0,6003872	-0,0285071111111	-0,0490362962963
59,65	0,600936	-0,0282022222222	0,0730039506173
59,7	0,5976432	-0,0256106666667	0,254836296296
59,75	0,5970944	-0,000304888888889	0,370880395062
59,8	0,5979176	0,02058	0,307438098765
59,85	0,599564	0,0333853333333	0,161701209875
59,9	0,6014848	0,0385989333332	-0,0208594814832
59,95	0,6042288	0,0293455555553	-0,168899975308
60	0,6042288	0,0143297777776	-0,252227802463
