0,05	0,00495914174455	-0,148176	0,344575259259
0,1	-0,00272405825545	-0,136056666667	0,506318814815
0,15	-0,00985845825545	-0,109668533333	0,755641703704
0,2	-0,0147976582555	-0,0626546666667	1,0280768642
0,25	-0,0167184582555	0,000304888888889	1,15423311111
0,3	-0,0147976582555	0,0635693333333	1,02835634568
0,35	-0,00985845825545	0,113723555556	0,657120246914
0,4	-0,00217525825545	0,135370666667	0,140333580247
0,45	0,00495914174455	0,126528888889	-0,367729876543
0,5	0,0112703417445	0,0952777777778	-0,79491308642
0,55	0,0153863417445	0,042532	-1,08769111111
0,6	0,0162095417445	-0,0239337777778	-1,1329162963
0,65	0,0126423417445	-0,0832346666667	-0,895695802469
0,7	0,00687994174455	-0,120278666667	-0,481216296296
0,75	-0,000254458255455	-0,134151111111	0,0147362962963
0,8	-0,00766325825545	-0,119821333333	0,523816049383
0,85	-0,0134256582555	-0,0777466666667	0,929148888889
0,9	-0,0161696582555	-0,0179884444444	1,12309209877
0,95	-0,0153464582555	0,0451235555556	1,06262246914
1	-0,0112304582555	0,0978693333333	0,768235308642
1,05	-0,00464485825545	0,128510666667	0,312765185185
1,1	0,00276394174455	0,131407111111	-0,201396049383
1,15	0,00962394174455	0,106406222222	-0,669485185185
1,2	0,0142887417445	0,0593008888889	-1,00511703704
1,25	0,0162095417445	-0,002744	-1,12732666667
1,3	0,0140143417445	-0,064484	-0,989364444444
1,35	0,00907514174455	-0,110674666667	-0,633491358025
1,4	0,00194074174455	-0,132474222222	-0,153630123457
1,45	-0,00519365825545	-0,127748444444	0,365104444444
1,5	-0,0120536582555	-0,0940582222222	0,825486666667
1,55	-0,0156208582555	-0,0368915555556	1,0917562963
1,6	-0,0158952582555	0,0256106666667	1,1081017284
1,65	-0,0128768582555	0,0832346666667	0,89222345679
1,7	-0,00684005825545	0,122717777778	0,487568148148
1,75	0,000568741744545	0,135370666667	-0,0108404938272
1,8	0,00770314174455	0,121193333333	-0,510350123457
1,85	0,0134655417445	0,0847591111111	-0,976999506173
1,9	0,0178559417445	0,0152444444444	-1,2348
1,95	0,0151119417445	-0,0574715555556	-1,09827753086
2	0,0107215417445	-0,103814666667	-0,727414074074
2,05	0,00413594174455	-0,132169333333	-0,269741975309
2,1	-0,00354725825545	-0,133388888889	0,241285679012
2,15	-0,0104072582555	-0,106406222222	0,705055555556
2,2	-0,0150720582555	-0,0573191111111	1,03171012346
2,25	-0,0167184582555	0,005488	1,14223234568
2,3	-0,0145232582555	0,0676853333333	0,994784691358
2,35	-0,00930965825545	0,114638222222	0,61867037037
2,4	-0,00190085825545	0,134456	0,11746691358
2,45	0,00523354174455	0,126528888889	-0,393645432099
2,5	0,0118191417445	0,0922288888889	-0,828281481481
2,55	0,0153863417445	0,0362817777778	-1,08303308642
2,6	0,0156607417445	-0,0257631111111	-1,10352839506
2,65	0,0126423417445	-0,0833871111111	-0,89264691358
2,7	0,00660554174455	-0,123327555556	-0,480369382716
2,75	-0,000803258255455	-0,136132888889	0,0449711111111
2,8	-0,00821205825545	-0,119211555556	0,572682962963
2,85	-0,0139744582555	-0,0733257777778	0,966751851852
2,9	-0,0161696582555	-0,0120431111111	1,11911160494
2,95	-0,0150720582555	0,0483248888889	1,03154074074
3	-0,0109560582555	0,0989364444444	0,741218765432
3,05	-0,00437045825545	0,128968	0,292185185185
3,1	0,00303834174455	0,131864444444	-0,235865432099
3,15	0,0101727417445	0,103357333333	-0,713948148148
3,2	0,0142887417445	0,0524408888889	-1,01070666667
3,25	0,0156607417445	-0,00625022222222	-1,09539802469
3,3	0,0137399417445	-0,0657035555556	-0,960654074074
3,35	0,00852634174455	-0,111132	-0,613927654321
3,4	0,00166634174455	-0,133084	-0,125681975309
3,45	-0,00601685825545	-0,125309333333	0,399065679012
3,5	-0,0120536582555	-0,0890275555556	0,827519259259
3,55	-0,0156208582555	-0,0349097777778	1,0717691358
3,6	-0,0158952582555	0,02744	1,08887679012
3,65	-0,0126024582555	0,0832346666667	0,882907407407
3,7	-0,00684005825545	0,122260444444	0,508402222222
3,75	0,000568741744545	0,137504888889	0,0319286419753
3,8	0,00770314174455	0,129577777778	-0,524324197531
3,85	0,0151119417445	0,0853688888889	-1,04915654321
3,9	0,0175815417445	0,0126528888889	-1,29450740741
3,95	0,0164839417445	-0,0625022222222	-1,13799777778
4	0,0101727417445	-0,113876	-0,686254074074
4,05	0,00358714174455	-0,131407111111	-0,182594567901
4,1	-0,00354725825545	-0,129730222222	0,284562962963
4,15	-0,0104072582555	-0,102595111111	0,716658271605
4,2	-0,0147976582555	-0,0530506666667	1,01799012346
4,25	-0,0161696582555	0,00792711111111	1,11072716049
4,3	-0,0139744582555	0,0679902222222	0,961585679012
4,35	-0,00876085825545	0,113113777778	0,594787407407
4,4	-0,00162645825545	0,133084	0,0930758024691
4,45	0,00578234174455	0,123175111111	-0,426759753086
4,5	0,0118191417445	0,0859786666667	-0,841578024691
4,55	0,0151119417445	0,0309462222222	-1,06482444444
4,6	0,0151119417445	-0,0297266666667	-1,06287654321
4,65	0,0118191417445	-0,0832346666667	-0,854197037037
4,7	0,00633114174455	-0,123022666667	-0,455131358025
4,75	-0,00162645825545	-0,135370666667	0,0829128395062
4,8	-0,00876085825545	-0,112961333333	0,588435555556
4,85	-0,0137000582555	-0,0693622222222	0,937787407407
4,9	-0,0161696582555	-0,0126528888889	1,10988024691
4,95	-0,0153464582555	0,050764	1,05076567901
5	-0,0106816582555	0,103814666667	0,731902716049
5,05	-0,00382165825545	0,130949777778	0,245181481481
5,1	0,00358714174455	0,129272888889	-0,276263209877
5,15	0,0101727417445	0,100613333333	-0,731563950617
5,2	0,0145631417445	0,0500017777778	-1,03238765432
5,25	0,0156607417445	-0,0120431111111	-1,10623851852
5,3	0,0131911417445	-0,0705817777778	-0,938888395062
5,35	0,00797754174455	-0,113876	-0,573868641975
5,4	0,000843141744545	-0,133236444444	-0,0814730864198
5,45	-0,00656565825545	-0,123175111111	0,435821728395
5,5	-0,0126024582555	-0,0856737777778	0,856060246914
5,55	-0,0158952582555	-0,0297266666667	1,08540444444
5,6	-0,0158952582555	0,0333853333333	1,06736518519
5,65	-0,0120536582555	0,0861311111111	0,826926419753
5,7	-0,00656565825545	0,121040888889	0,450558024691
5,75	0,000843141744545	0,135218222222	-0,0228666666667
5,8	0,00825194174455	0,119059111111	-0,507385925926
5,85	0,0134655417445	0,0824724444444	-0,933298765432
5,9	0,0175815417445	0,0210373333333	-1,21633728395
5,95	0,0162095417445	-0,0524408888889	-1,18796567901
6	0,0118191417445	-0,113723555556	-0,807616790123
6,05	0,00331274174455	-0,141620888889	-0,225702469136
6,1	-0,00382165825545	-0,134151111111	0,335123703704
6,15	-0,0109560582555	-0,103052444444	0,780261481481
6,2	-0,0150720582555	-0,0495444444444	1,05601654321
6,25	-0,0161696582555	0,0111284444444	1,11572395062
6,3	-0,0139744582555	0,0710391111111	0,950321728395
6,35	-0,00848645825545	0,116010222222	0,558878271605
6,4	-0,00107765825545	0,131712	0,0507301234568
6,45	0,00578234174455	0,119821333333	-0,44073382716
6,5	0,0118191417445	0,0843017777778	-0,843695308642
6,55	0,0151119417445	0,0283546666667	-1,06982123457
6,6	0,0148375417445	-0,0326231111111	-1,05889604938
6,65	0,0115447417445	-0,086436	-0,827095802469
6,7	0,00550794174455	-0,122870222222	-0,411938765432
6,75	-0,00190085825545	-0,131559555556	0,0980725925926
6,8	-0,00876085825545	-0,112504	0,592246666667
6,85	-0,0142488582555	-0,0673804444444	0,962009135802
6,9	-0,0161696582555	-0,00655511111111	1,10310493827
6,95	-0,0147976582555	0,0530506666667	0,999696790123
7	-0,0104072582555	0,101375555556	0,693622222222
7,05	-0,00382165825545	0,128510666667	0,239168395062
7,1	0,00358714174455	0,127900888889	-0,273299012346
7,15	0,0101727417445	0,0986315555556	-0,725720246914
7,2	0,0142887417445	0,0484773333333	-1,01595753086
7,25	0,0153863417445	-0,0112808888889	-1,09726123457
7,3	0,0131911417445	-0,0707342222222	-0,943800493827
7,35	0,00770314174455	-0,115095555556	-0,568024938272
7,4	0,000568741744545	-0,133084	-0,0597074074074
7,45	-0,00684005825545	-0,121193333333	0,456825185185
7,5	-0,0126024582555	-0,0830822222222	0,869018024691
7,55	-0,0158952582555	-0,0268302222222	1,09446641975
7,6	-0,0156208582555	0,0367391111111	1,07151506173
7,65	-0,0117792582555	0,0903995555556	0,80820962963
7,7	-0,00574245825545	0,123784888889	0,389834320988
7,75	0,00166634174455	0,131864444444	-0,0990888888889
7,8	0,00852634174455	0,112199111111	-0,557607901235
7,85	0,0134655417445	0,0753075555556	-0,963787654321
7,9	0,0175815417445	0,00792711111111	-1,17593950617
7,95	0,0140143417445	-0,0567093333333	-1,06626419753
8	0,0112703417445	-0,106863555556	-0,739524938272
8,05	0,00276394174455	-0,139486666667	-0,212490617284
8,1	-0,00464485825545	-0,129577777778	0,349267160494
8,15	-0,0109560582555	-0,0983266666667	0,782209382716
8,2	-0,0153464582555	-0,045276	1,05584716049
8,25	-0,0158952582555	0,0167688888889	1,09616024691
8,3	-0,0134256582555	0,0736306666667	0,910432098765
8,35	-0,00793765825545	0,115552888889	0,533894320988
8,4	-0,000803258255455	0,131712	0,0422609876543
8,45	0,00633114174455	0,120431111111	-0,463346419753
8,5	0,0123679417445	0,0820151111111	-0,880705432099
8,55	0,0153863417445	0,0237813333333	-1,09514395062
8,6	0,0148375417445	-0,0378062222222	-1,06287654321
8,65	0,0112703417445	-0,0913142222222	-0,808887160494
8,7	0,00495914174455	-0,125919111111	-0,377977530864
8,75	-0,00244965825545	-0,133084	0,145076296296
8,8	-0,00958405825545	-0,110369777778	0,640181975309
8,85	-0,0145232582555	-0,0629595555556	0,989703209877
8,9	-0,0164440582555	-0,00167688888889	1,11055777778
8,95	-0,0145232582555	0,0571666666667	1,00291506173
9	-0,0104072582555	0,106558666667	0,693622222222
9,05	-0,00299845825545	0,133998666667	0,217233333333
9,1	0,00441034174455	0,129882666667	-0,304804197531
9,15	0,0109959417445	0,0993937777778	-0,747824691358
9,2	0,0148375417445	0,0527457777778	-1,09514395062
9,25	0,0175815417445	-0,0185982222222	-1,21955555556
9,3	0,0129167417445	-0,0875031111111	-0,958621481481
9,35	0,00715434174455	-0,123175111111	-0,482994814815
9,4	-0,000254458255455	-0,135370666667	0,0244758024691
9,45	-0,00738885825545	-0,120583555556	0,520174320988
9,5	-0,0134256582555	-0,0798808888889	0,915937037037
9,55	-0,0161696582555	-0,0207324444444	1,11470765432
9,6	-0,0156208582555	0,0420746666667	1,0649091358
9,65	-0,0115048582555	0,0945155555556	0,79491308642
9,7	-0,00546805825545	0,128205777778	0,364257530864
9,75	0,00248954174455	0,134760888889	-0,154561728395
9,8	0,00934954174455	0,109302666667	-0,610285925926
9,85	0,0137399417445	0,0710391111111	-0,978947407407
9,9	0,0178559417445	0,00442088888889	-1,16264296296
9,95	0,0140143417445	-0,0591484444444	-1,03729975309
10	0,0112703417445	-0,108235555556	-0,693960987654
10,05	0,00221514174455	-0,133693777778	-0,211220246914
10,1	-0,00327285825545	-0,129730222222	0,292185185185
10,15	-0,0115048582555	-0,104729333333	0,778059506173
10,2	-0,0153464582555	-0,0455808888889	1,10403654321
10,25	-0,0161696582555	0,0181408888889	1,14646691358
10,3	-0,0134256582555	0,0794235555556	0,93380691358
10,35	-0,00738885825545	0,120278666667	0,50806345679
10,4	-0,000254458255455	0,133846222222	-0,010332345679
10,45	0,00715434174455	0,118601777778	-0,516532592593
10,5	0,0126423417445	0,0777466666667	-0,909669876543
10,55	0,0156607417445	0,0196653333333	-1,10640790123
10,6	0,0148375417445	-0,0435991111111	-1,05042691358
10,65	0,0107215417445	-0,0943631111111	-0,772554567901
10,7	0,00468474174455	-0,126681333333	-0,343254074074
10,75	-0,00299845825545	-0,132626666667	0,175311111111
10,8	-0,00985845825545	-0,108235555556	0,667367901235
10,85	-0,0147976582555	-0,0599106666667	1,01502592593
10,9	-0,0164440582555	0,00259155555556	1,13689679012
10,95	-0,0145232582555	0,0646364444444	1,00037432099
11	-0,00930965825545	0,111132	0,656612098765
11,05	-0,00244965825545	0,134760888889	0,191571851852
11,1	0,00523354174455	0,131559555556	-0,318862962963
11,15	0,0115447417445	0,103967111111	-0,82878962963
11,2	0,0170327417445	0,0455808888889	-1,22218098765
11,25	0,0173071417445	-0,0355195555556	-1,24123654321
11,3	0,0123679417445	-0,09604	-0,881637037037
11,35	0,00633114174455	-0,126986222222	-0,398388148148
11,4	-0,00107765825545	-0,135218222222	0,0979032098765
11,45	-0,00821205825545	-0,117382222222	0,577171604938
11,5	-0,0139744582555	-0,0733257777778	0,94583308642
11,55	-0,0161696582555	-0,0138724444444	1,10691604938
11,6	-0,0153464582555	0,0464955555556	1,04161901235
11,65	-0,0112304582555	0,098784	0,762137530864
11,7	-0,00464485825545	0,13034	0,304804197531
11,75	0,00303834174455	0,132626666667	-0,227565679012
11,8	0,00989834174455	0,104424444444	-0,689811111111
11,85	0,0142887417445	0,0564044444444	-0,987924691358
11,9	0,0159351417445	-0,002744	-1,08464222222
11,95	0,0137399417445	-0,057624	-1,01062197531
12	0,0104471417445	-0,112656444444	-0,718182716049
12,05	0,00139194174455	-0,142230666667	-0,16421654321
12,1	-0,00574245825545	-0,129577777778	0,415411111111
12,15	-0,0123280582555	-0,0943631111111	0,863597777778
12,2	-0,0161696582555	-0,0358244444444	1,12199111111
12,25	-0,0161696582555	0,028812	1,11801061728
12,3	-0,0128768582555	0,0849115555556	0,888242962963
12,35	-0,00711445825545	0,125309333333	0,468597283951
12,4	0,000843141744545	0,1372	-0,0715641975309
12,45	0,00797754174455	0,116924888889	-0,587165185185
12,5	0,0134655417445	0,072716	-0,966159012346
12,55	0,0159351417445	0,0120431111111	-1,13748962963
12,6	0,0148375417445	-0,0518311111111	-1,05110444444
12,65	0,0101727417445	-0,102747555556	-0,73274962963
12,7	0,00358714174455	-0,13034	-0,275500987654
12,75	-0,00382165825545	-0,132779111111	0,241624444444
12,8	-0,0109560582555	-0,105186666667	0,725635555556
12,85	-0,0153464582555	-0,053508	1,05034222222
12,9	-0,0167184582555	0,00899422222222	1,1514637037
12,95	-0,0145232582555	0,0719537777778	1,00638740741
13	-0,00876085825545	0,118449333333	0,647041975309
13,05	-0,00162645825545	0,139791555556	0,181324197531
13,1	0,00578234174455	0,141316	-0,380433580247
13,15	0,0142887417445	0,103662222222	-0,949474814815
13,2	0,0175815417445	0,0344524444444	-1,25825950617
13,25	0,0175815417445	-0,035672	-1,24665679012
13,3	0,0140143417445	-0,102442666667	-0,934484444444
13,35	0,00605674174455	-0,139791555556	-0,383905925926
13,4	-0,00162645825545	-0,140248888889	0,178868148148
13,45	-0,00876085825545	-0,117229777778	0,646872592593
13,5	-0,0142488582555	-0,0716488888889	0,996309135802
13,55	-0,0167184582555	-0,00914666666667	1,13859061728
13,6	-0,0150720582555	0,0525933333333	1,03653753086
13,65	-0,0109560582555	0,102290222222	0,736560740741
13,7	-0,00409605825545	0,132474222222	0,287019012346
13,75	0,00358714174455	0,133236444444	-0,225702469136
13,8	0,0101727417445	0,108083111111	-0,702599506173
13,85	0,0151119417445	0,0625022222222	-1,11606271605
13,9	0,0181303417445	-0,0147871111111	-1,26071555556
13,95	0,0131911417445	-0,0839968888889	-0,981911604938
14	0,00797754174455	-0,118906666667	-0,52906691358
14,05	0,000843141744545	-0,136590222222	-0,0409059259259
14,1	-0,00684005825545	-0,125004444444	0,471476790123
14,15	-0,0128768582555	-0,0858262222222	0,887480740741
14,2	-0,0161696582555	-0,0280497777778	1,11021901235
14,25	-0,0158952582555	0,0352146666667	1,0891308642
14,3	-0,0123280582555	0,090552	0,830991604938
14,35	-0,00601685825545	0,125766666667	0,391782222222
14,4	0,00139194174455	0,133236444444	-0,132118518519
14,45	0,00852634174455	0,111132	-0,622820246914
14,5	0,0134655417445	0,0652462222222	-0,973781234568
14,55	0,0156607417445	0,00503066666667	-1,11259037037
14,6	0,0140143417445	-0,0564044444444	-1,00435481481
14,65	0,00934954174455	-0,103204888889	-0,694892592593
14,7	0,00303834174455	-0,131559555556	-0,241031604938
14,75	-0,00491925825545	-0,132169333333	0,307175555556
14,8	-0,0117792582555	-0,0975644444444	0,780684938272
14,85	-0,0153464582555	-0,0446662222222	1,0469545679
14,9	-0,0164440582555	0,0149395555556	1,10954148148
14,95	-0,0139744582555	0,0750026666667	0,954640987654
15	-0,00821205825545	0,118906666667	0,594533333333
15,05	-0,00107765825545	0,138572	0,110691604938
15,1	0,00633114174455	0,135370666667	-0,475203209877
15,15	0,0142887417445	0,0920764444444	-1,03179481481
15,2	0,0173071417445	0,0147871111111	-1,23081950617
15,25	0,0148375417445	-0,0495444444444	-1,04407506173
15,3	0,0109959417445	-0,0887226666667	-0,784750123457
15,35	0,00660554174455	-0,130035111111	-0,435144197531
15,4	-0,00299845825545	-0,146041777778	0,157864691358
15,45	-0,0104072582555	-0,113571111111	0,730717037037
15,5	-0,0150720582555	-0,0605204444444	1,05516962963
15,55	-0,0167184582555	0,00182933333333	1,13461012346
15,6	-0,0147976582555	0,0612826666667	0,992328641975
15,65	-0,0101328582555	0,108692888889	0,661354814815
15,7	-0,00299845825545	0,133236444444	0,195382962963
15,75	0,00441034174455	0,129577777778	-0,310478518519
15,8	0,0109959417445	0,0990888888889	-0,753160246914
15,85	0,0148375417445	0,052136	-1,10327432099
15,9	0,0175815417445	-0,02058	-1,21371185185
15,95	0,0126423417445	-0,0885702222222	-0,926269382716
16	0,00687994174455	-0,121193333333	-0,445645925926
16,05	-0,000528858255455	-0,127900888889	-0,0110945679012
16,1	-0,00601685825545	-0,122565333333	0,424388395062
16,15	-0,0139744582555	-0,0900946666667	0,900777283951
16,2	-0,0167184582555	-0,0236288888889	1,1746691358
16,25	-0,0161696582555	0,0423795555556	1,12199111111
16,3	-0,0120536582555	0,0989364444444	0,812190123457
16,35	-0,00519365825545	0,129730222222	0,339697037037
16,4	0,00194074174455	0,134456	-0,179291604938
16,45	0,00934954174455	0,111436888889	-0,676683950617
16,5	0,0142887417445	0,0609777777778	-1,02916938272
16,55	0,0159351417445	-0,00182933333333	-1,13969160494
16,6	0,0140143417445	-0,063112	-1,00223753086
16,65	0,00907514174455	-0,110674666667	-0,6517
16,7	0,00194074174455	-0,133846222222	-0,16464
16,75	-0,00546805825545	-0,128510666667	0,356042469136
16,8	-0,0120536582555	-0,0954302222222	0,806939259259
16,85	-0,0158952582555	-0,0407026666667	1,0848962963
16,9	-0,0164440582555	0,0221044444444	1,13808246914
16,95	-0,0137000582555	0,083692	0,941598518518
17	-0,00711445825545	0,124547111111	0,54194
17,05	-0,000254458255455	0,140553777778	0,0516617283951
17,1	0,00770314174455	0,133693777778	-0,515092839506
17,15	0,0148375417445	0,0882653333333	-1,03281111111
17,2	0,0175815417445	0,0190555555556	-1,28586888889
17,25	0,0170327417445	-0,0564044444444	-1,17720987654
17,3	0,0109959417445	-0,111894222222	-0,762222222222
17,35	0,00441034174455	-0,135218222222	-0,251363950617
17,4	-0,00327285825545	-0,136285333333	0,258308641975
17,45	-0,0104072582555	-0,108388	0,725296790123
17,5	-0,0150720582555	-0,0579288888889	1,04517604938
17,55	-0,0167184582555	0,00518311111111	1,14604345679
17,6	-0,0145232582555	0,067228	0,994022469136
17,65	-0,00930965825545	0,113418666667	0,626038518518
17,7	-0,00217525825545	0,134760888889	0,130932839506
17,75	0,00523354174455	0,128663111111	-0,405925679012
17,8	0,0120935417445	0,0907044444444	-0,854451111111
17,85	0,0151119417445	0,0332328888889	-1,08032296296
17,9	0,0153863417445	-0,0263728888889	-1,08193209877
17,95	0,0123679417445	-0,08232	-0,88451654321
18	0,00660554174455	-0,123175111111	-0,488923209877
18,05	-0,00107765825545	-0,1372	0,0394661728395
18,1	-0,00848645825545	-0,118906666667	0,563282222222
18,15	-0,0139744582555	-0,0753075555556	0,956165432099
18,2	-0,0167184582555	-0,0147871111111	1,13926814815
18,25	-0,0156208582555	0,049392	1,06363876543
18,3	-0,0112304582555	0,101070666667	0,756632592593
18,35	-0,00464485825545	0,131254666667	0,293794320988
18,4	0,00303834174455	0,133236444444	-0,235103209877
18,45	0,00989834174455	0,105796444444	-0,714964444444
18,5	0,0145631417445	0,0553373333333	-1,03992518519
18,55	0,0159351417445	-0,00746977777778	-1,13901407407
18,6	0,0137399417445	-0,0686	-0,990634814815
18,65	0,00852634174455	-0,115705333333	-0,619432592593
18,7	0,00111754174455	-0,137047555556	-0,0986654320988
18,75	-0,00656565825545	-0,126071555556	0,436245185185
18,8	-0,0126024582555	-0,087808	0,848946172839
18,85	-0,0158952582555	-0,0341475555556	1,08523506173
18,9	-0,0164440582555	0,028812	1,11165876543
18,95	-0,0128768582555	0,0875031111111	0,889174567901
19	-0,00684005825545	0,126071555556	0,469867654321
19,05	0,000843141744545	0,138419555556	-0,0527627160494
19,1	0,00825194174455	0,119668888889	-0,561842469136
19,15	0,0134655417445	0,0807955555556	-1,0031691358
19,2	0,0178559417445	0,0115857777778	-1,24013555556
19,25	0,0148375417445	-0,06174	-1,08616666667
19,3	0,0101727417445	-0,106406222222	-0,698364938272
19,35	0,00358714174455	-0,132779111111	-0,237982716049
19,4	-0,00409605825545	-0,132779111111	0,27270617284
19,45	-0,0109560582555	-0,103814666667	0,732580246914
19,5	-0,0153464582555	-0,0532031111111	1,04322814815
19,55	-0,0167184582555	0,00884177777778	1,14426493827
19,6	-0,0145232582555	0,0711915555556	0,998934567901
19,65	-0,00903525825545	0,119211555556	0,610031851852
19,7	-0,00135205825545	0,138267111111	0,0768150617284
19,75	0,00605674174455	0,126528888889	-0,456571111111
19,8	0,0123679417445	0,0881128888889	-0,882060493827
19,85	0,0156607417445	0,0304888888889	-1,11411481481
19,9	0,0156607417445	-0,0330804444444	-1,10674666667
19,95	0,0120935417445	-0,0900946666667	-0,859532592593
20	0,00578234174455	-0,126528888889	-0,428114814815
20,05	-0,00162645825545	-0,136437777778	0,092567654321
20,1	-0,00903525825545	-0,117229777778	0,605458518518
20,15	-0,0145232582555	-0,0705817777778	0,987755308642
20,2	-0,0167184582555	-0,00868933333333	1,14147012346
20,25	-0,0153464582555	0,053508	1,04881777778
20,3	-0,0109560582555	0,104729333333	0,738593333333
20,35	-0,00409605825545	0,135523111111	0,244080493827
20,4	0,00413594174455	0,131559555556	-0,305989876543
20,45	0,0101727417445	0,100003555556	-0,754091851852
20,5	0,0148375417445	0,0496968888889	-1,04229654321
20,55	0,0156607417445	-0,0125004444444	-1,12038197531
20,6	0,0134655417445	-0,0718013333333	-0,965142716049
20,65	0,00797754174455	-0,117992	-0,593347654321
20,7	0,000568741744545	-0,137657333333	-0,0706325925926
20,75	-0,00711445825545	-0,125766666667	0,470121728395
20,8	-0,0131512582555	-0,0858262222222	0,898321234568
20,85	-0,0164440582555	-0,0275924444444	1,12478592593
20,9	-0,0161696582555	0,0367391111111	1,10996493827
20,95	-0,0123280582555	0,0922288888889	0,870288395062
21	-0,00629125825545	0,129882666667	0,466225925926
21,05	0,00139194174455	0,146651555556	-0,095870617284
21,1	0,0104471417445	0,119668888889	-0,64611037037
21,15	0,0140143417445	0,0730208888889	-1,01113012346
21,2	0,0181303417445	0,01372	-1,22116469136
21,25	0,0162095417445	-0,0596057777778	-1,16272765432
21,3	0,0115447417445	-0,117839555556	-0,771199506173
21,35	0,00303834174455	-0,145279555556	-0,183526172839
21,4	-0,00464485825545	-0,134303555556	0,385938518519
21,45	-0,0112304582555	-0,100003555556	0,811851358025
21,5	-0,0153464582555	-0,0472577777778	1,07744345679
21,55	-0,0164440582555	0,0158542222222	1,13308567901
21,6	-0,0137000582555	0,0766795555556	0,939481234568
21,65	-0,00793765825545	0,118449333333	0,538806419753
21,7	-0,000803258255455	0,134456	0,0344693827161
21,75	0,00660554174455	0,122565333333	-0,482656049383
21,8	0,0126423417445	0,0824724444444	-0,901962962963
21,85	0,0156607417445	0,0234764444444	-1,11165876543
21,9	0,0151119417445	-0,0393306666667	-1,06922839506
21,95	0,0112703417445	-0,091924	-0,811512592593
22	0,00523354174455	-0,126833777778	-0,390257777778
22,05	-0,00244965825545	-0,135523111111	0,134998024691
22,1	-0,00958405825545	-0,113723555556	0,656358024691
22,15	-0,0150720582555	-0,0634168888889	1,02544296296
22,2	-0,0164440582555	0,000152444444444	1,13588049383
22,25	-0,0147976582555	0,0596057777778	1,00757308642
22,3	-0,0101328582555	0,108692888889	0,678208395062
22,35	-0,00299845825545	0,134608444444	0,185135308642
22,4	0,00468474174455	0,128968	-0,350029382716
22,45	0,0109959417445	0,0958875555556	-0,800756790123
22,5	0,0151119417445	0,0420746666667	-1,08116987654
22,55	0,0156607417445	-0,0221044444444	-1,1218217284
22,6	0,0126423417445	-0,0804906666667	-0,912718765432
22,65	0,00687994174455	-0,121193333333	-0,510096049383
22,7	-0,000528858255455	-0,135980444444	0,00296419753087
22,75	-0,00793765825545	-0,121040888889	0,518734567901
22,8	-0,0137000582555	-0,0798808888889	0,928386666667
22,85	-0,0167184582555	-0,0199702222222	1,13638864198
22,9	-0,0158952582555	0,0446662222222	1,08404938272
22,95	-0,0117792582555	0,0983266666667	0,792118271605
23	-0,00519365825545	0,130492444444	0,339951111111
23,05	0,00248954174455	0,134456	-0,172855061728
23,1	0,00934954174455	0,110217333333	-0,628409876543
23,15	0,0140143417445	0,0701244444444	-1,0142637037
23,2	0,0178559417445	0,000609777777778	-1,19795925926
23,25	0,0137399417445	-0,0641791111111	-1,05813382716
23,3	0,0107215417445	-0,112808888889	-0,710645185185
23,35	0,00194074174455	-0,14406	-0,165656296296
23,4	-0,00574245825545	-0,131102222222	0,41329382716
23,45	-0,0120536582555	-0,0949728888889	0,835395555556
23,5	-0,0158952582555	-0,0405502222222	1,08074641975
23,55	-0,0164440582555	0,0211897777778	1,11546987654
23,6	-0,0137000582555	0,0801857777778	0,929148888889
23,65	-0,00766325825545	0,121955555556	0,548207160494
23,7	-0,000528858255455	0,139334222222	0,0457333333333
23,75	0,00715434174455	0,130949777778	-0,537281975309
23,8	0,0142887417445	0,0846066666667	-1,05898074074
23,85	0,0170327417445	0,00929911111111	-1,24335382716
23,9	0,0145631417445	-0,0564044444444	-1,06042049383
23,95	0,0104471417445	-0,102137777778	-0,702684197531
24	0,00386154174455	-0,13034	-0,243911111111
24,05	-0,00382165825545	-0,130035111111	0,270758271605
24,1	-0,0106816582555	-0,0968022222222	0,663218024691
24,15	-0,0134256582555	-0,0574715555556	0,913819753086
24,2	-0,0169928582555	-0,00487822222222	1,09150222222
24,25	-0,0147976582555	0,0621973333333	1,02493481481
24,3	-0,00985845825545	0,110522222222	0,68083382716
24,35	-0,00272405825545	0,135675555556	0,191402469136
24,4	0,00495914174455	0,130035111111	-0,333006419753
24,45	0,0109959417445	0,101985333333	-0,827434567901
24,5	0,0164839417445	0,0446662222222	-1,21015481481
24,55	0,0167583417445	-0,0364342222222	-1,21887802469
24,6	0,0115447417445	-0,0942106666667	-0,861311111111
24,65	0,00605674174455	-0,124089777778	-0,41032962963
24,7	-0,00135205825545	-0,135828	0,0757987654321
24,75	-0,00876085825545	-0,117992	0,569888148148
24,8	-0,0142488582555	-0,0746977777778	0,956419506173
24,85	-0,0169928582555	-0,0134151111111	1,13435604938
24,9	-0,0156208582555	0,049392	1,06126740741
24,95	-0,0115048582555	0,100613333333	0,780092098765
25	-0,00491925825545	0,133388888889	0,342661234568
25,05	0,00276394174455	0,141773333333	-0,228412592593
25,1	0,0112703417445	0,107930666667	-0,749264444444
25,15	0,0140143417445	0,0573191111111	-1,06507851852
25,2	0,0173071417445	-0,002744	-1,2253145679
25,25	0,0148375417445	-0,079576	-1,05813382716
25,3	0,00770314174455	-0,123632444444	-0,572259506173
25,35	0,00111754174455	-0,137047555556	-0,0385345679012
25,4	-0,00684005825545	-0,125614222222	0,463939259259
25,45	-0,0126024582555	-0,0868933333333	0,861565185185
25,5	-0,0161696582555	-0,0323182222222	1,08235555556
25,55	-0,0161696582555	0,030184	1,08464222222
25,6	-0,0128768582555	0,0858262222222	0,852418518518
25,65	-0,00684005825545	0,123175111111	0,433704444444
25,7	0,000568741744545	0,133236444444	-0,0820659259259
25,75	0,00770314174455	0,113876	-0,574546172839
25,8	0,0129167417445	0,0705817777778	-0,941767901235
25,85	0,0153863417445	0,0118906666667	-1,11352197531
25,9	0,0142887417445	-0,0506115555556	-1,04399037037
25,95	0,00989834174455	-0,102595111111	-0,73359654321
26	0,00303834174455	-0,130949777778	-0,254074074074
26,05	-0,00437045825545	-0,13034	0,281852839506
26,1	-0,0112304582555	-0,100156	0,752906172839
26,15	-0,0153464582555	-0,0471053333333	1,03992518519
26,2	-0,0161696582555	0,0131102222222	1,10234271605
26,25	-0,0139744582555	0,071344	0,957012345679
26,3	-0,00848645825545	0,116467555556	0,620279506173
26,35	-0,00135205825545	0,137962222222	0,155662716049
26,4	0,00605674174455	0,137047555556	-0,413039753086
26,45	0,0140143417445	0,0980217777778	-0,975559753086
26,5	0,0173071417445	0,0280497777778	-1,27418148148
26,55	0,0170327417445	-0,0474102222222	-1,18025876543
26,6	0,0115447417445	-0,102442666667	-0,791694814815
26,65	0,00550794174455	-0,128205777778	-0,320980246914
26,7	-0,00190085825545	-0,134303555556	0,160405432099
26,75	-0,00903525825545	-0,112808888889	0,63239037037
26,8	-0,0142488582555	-0,0667706666667	0,988009382716
26,85	-0,0164440582555	-0,00426844444444	1,11987382716
26,9	-0,0145232582555	0,056252	0,994615308642
26,95	-0,0101328582555	0,101680444444	0,690912098765
27	-0,00382165825545	0,130797333333	0,24865382716
27,05	0,00413594174455	0,131254666667	-0,286426172839
27,1	0,0107215417445	0,0993937777778	-0,757564197531
27,15	0,0148375417445	0,0477151111111	-1,04915654321
27,2	0,0159351417445	-0,0147871111111	-1,11242098765
27,25	0,0131911417445	-0,0733257777778	-0,933976296296
27,3	0,00797754174455	-0,116315111111	-0,55523654321
27,35	0,000568741744545	-0,134608444444	-0,0429385185185
27,4	-0,00684005825545	-0,121040888889	0,478421481481
27,45	-0,0126024582555	-0,0814053333333	0,877910617284
27,5	-0,0156208582555	-0,0253057777778	1,08396469136
27,55	-0,0153464582555	0,0359768888889	1,0643162963
27,6	-0,0117792582555	0,090552	0,815408395062
27,65	-0,00546805825545	0,125309333333	0,381873333333
27,7	0,00194074174455	0,131864444444	-0,132457283951
27,75	0,00880074174455	0,110827111111	-0,617654074074
27,8	0,0140143417445	0,0657035555556	-0,983859506173
27,85	0,0162095417445	0,00243911111111	-1,11648617284
27,9	0,0140143417445	-0,0571666666667	-0,986908395062
27,95	0,00989834174455	-0,103052444444	-0,67397382716
28	0,00303834174455	-0,13034	-0,217826172839
28,05	-0,00437045825545	-0,128053333333	0,304550123457
28,1	-0,0109560582555	-0,097412	0,765017037037
28,15	-0,0150720582555	-0,043904	1,04729333333
28,2	-0,0156208582555	0,0172262222222	1,09404296296
28,25	-0,0131512582555	0,0739355555556	0,928894814815
28,3	-0,00766325825545	0,117077333333	0,581999012346
28,35	-0,000528858255455	0,1372	0,0980725925926
28,4	0,00687994174455	0,132626666667	-0,492056790123
28,45	0,0145631417445	0,0881128888889	-1,04094148148
28,5	0,0173071417445	0,0112808888889	-1,22802469136
28,55	0,0148375417445	-0,0525933333333	-1,03111728395
28,6	0,0109959417445	-0,0951253333333	-0,701075061728
28,65	0,00495914174455	-0,123632444444	-0,311325432099
28,7	-0,00217525825545	-0,130492444444	0,157864691358
28,75	-0,00930965825545	-0,109150222222	0,636963703704
28,8	-0,0142488582555	-0,0611302222222	0,984537037037
28,85	-0,0158952582555	-0,000762222222222	1,1018345679
28,9	-0,0142488582555	0,0585386666667	0,983436049383
28,95	-0,00958405825545	0,105948888889	0,657035555556
29	-0,00272405825545	0,130492444444	0,183695555556
29,05	0,00468474174455	0,125766666667	-0,321911851852
29,1	0,0109959417445	0,0943631111111	-0,743505432099
29,15	0,0148375417445	0,0440564444444	-1,00079777778
29,2	0,0153863417445	-0,0100613333333	-1,11419950617
29,25	0,0145631417445	-0,0753075555556	-1,01240049383
29,3	0,00742874174455	-0,127900888889	-0,566585185185
29,35	-0,000254458255455	-0,138724444444	0,0337071604938
29,4	-0,00766325825545	-0,119059111111	0,548291851852
29,45	-0,0128768582555	-0,0780515555556	0,921272592593
29,5	-0,0161696582555	-0,0207324444444	1,11843407407
29,55	-0,0153464582555	0,0440564444444	1,06973654321
29,6	-0,0112304582555	0,0971071111111	0,769336296296
29,65	-0,00464485825545	0,126986222222	0,315051851852
29,7	0,00248954174455	0,130797333333	-0,197161481481
29,75	0,00962394174455	0,105796444444	-0,669146419753
29,8	0,0140143417445	0,0579288888889	-0,995716296296
29,85	0,0159351417445	-0,00259155555556	-1,10801703704
29,9	0,0137399417445	-0,0628071111111	-0,978269876543
29,95	0,00907514174455	-0,108997777778	-0,637387160494
30	0,00194074174455	-0,132626666667	-0,151597530864
30,05	-0,00546805825545	-0,125766666667	0,369931851852
30,1	-0,0117792582555	-0,0914666666667	0,796945679012
30,15	-0,0153464582555	-0,0385684444444	1,04627703704
30,2	-0,0158952582555	0,0213422222222	1,08963901235
30,25	-0,0131512582555	0,0788137777778	0,923305185185
30,3	-0,00738885825545	0,121650666667	0,559301728395
30,35	1,99417445452E-005	0,139791555556	0,0578441975309
30,4	0,00742874174455	0,132626666667	-0,539145185185
30,45	0,0151119417445	0,0855213333333	-1,08320246914
30,5	0,0175815417445	0,00655511111111	-1,25402493827
30,55	0,0148375417445	-0,0579288888889	-1,03577530864
30,6	0,0107215417445	-0,100308444444	-0,683289876543
30,65	0,00441034174455	-0,127596	-0,267285925926
30,7	-0,00299845825545	-0,130644888889	0,213337530864
30,75	-0,00985845825545	-0,105796444444	0,671602469136
30,8	-0,0145232582555	-0,0579288888889	0,997664197531
30,85	-0,0161696582555	0,002744	1,11064246914
30,9	-0,0142488582555	0,063112	0,980895308642
30,95	-0,00930965825545	0,110064888889	0,630103703704
31	-0,00217525825545	0,131559555556	0,146261975309
31,05	0,00495914174455	0,125461777778	-0,356974074074
31,1	0,0115447417445	0,0920764444444	-0,776535061728
31,15	0,0148375417445	0,0405502222222	-1,029
31,2	0,0156607417445	-0,0155493333333	-1,12749604938
31,25	0,0140143417445	-0,0821675555556	-0,978100493827
31,3	0,00660554174455	-0,129120444444	-0,501034074074
31,35	-0,000803258255455	-0,135980444444	0,0766456790123
31,4	-0,00793765825545	-0,116772444444	0,574207407407
31,45	-0,0134256582555	-0,0733257777778	0,936855802469
31,5	-0,0158952582555	-0,0152444444444	1,10031012346
31,55	-0,0150720582555	0,0458857777778	1,03704567901
31,6	-0,0109560582555	0,0978693333333	0,746554320988
31,65	-0,00437045825545	0,127748444444	0,286510864198
31,7	0,00303834174455	0,128663111111	-0,228158518519
31,75	0,00962394174455	0,101985333333	-0,67956345679
31,8	0,0140143417445	0,0550324444444	-0,989025679012
31,85	0,0156607417445	-0,00442088888889	-1,1034437037
31,9	0,0137399417445	-0,0661608888889	-0,962601975309
31,95	0,00825194174455	-0,110369777778	-0,594872098765
32	0,00166634174455	-0,129730222222	-0,11619654321
32,05	-0,00574245825545	-0,122870222222	0,385345679012
32,1	-0,0117792582555	-0,0882653333333	0,809988148148
32,15	-0,0153464582555	-0,0347573333333	1,06143679012
32,2	-0,0156208582555	0,02744	1,08260962963
32,25	-0,0123280582555	0,0830822222222	0,874099506173
32,3	-0,00656565825545	0,121650666667	0,491463950617
32,35	0,000843141744545	0,135523111111	0,00592839506173
32,4	0,00770314174455	0,126376444444	-0,553288641975
32,45	0,0151119417445	0,0811004444444	-1,0796454321
32,5	0,0175815417445	0,00152444444444	-1,24911283951
32,55	0,0142887417445	-0,0626546666667	-1,01799012346
32,6	0,0101727417445	-0,103509777778	-0,651530617284
32,65	0,00358714174455	-0,129425333333	-0,215708888889
32,7	-0,00382165825545	-0,129120444444	0,285833333333
32,75	-0,0106816582555	-0,098784	0,731818024691
32,8	-0,0145232582555	-0,0478675555556	1,00028962963
32,85	-0,0156208582555	0,00914666666667	1,06905901235
32,9	-0,0137000582555	0,0667706666667	0,934738518519
32,95	-0,00848645825545	0,112046666667	0,581660246914
33	-0,00135205825545	0,130949777778	0,0886718518519
33,05	0,00578234174455	0,121193333333	-0,417359012346
33,1	0,0118191417445	0,0853688888889	-0,829890617284
33,15	0,0151119417445	0,0306413333333	-1,05855728395
33,2	0,0151119417445	-0,0300315555556	-1,05610123457
33,25	0,0118191417445	-0,0838444444444	-0,833278271605
33,3	0,00605674174455	-0,120736	-0,430062716049
33,35	-0,00135205825545	-0,131102222222	0,0747824691358
33,4	-0,00821205825545	-0,112961333333	0,570396296296
33,45	-0,0137000582555	-0,0693622222222	0,94668
33,5	-0,0158952582555	-0,00884177777778	1,10056419753
33,55	-0,0145232582555	0,0515262222222	0,999442716049
33,6	-0,0101328582555	0,0983266666667	0,70658
33,65	-0,00409605825545	0,128053333333	0,267031851852
33,7	0,00386154174455	0,129272888889	-0,259663703704
33,75	0,0101727417445	0,0993937777778	-0,724873333333
33,8	0,0145631417445	0,0496968888889	-1,02247876543
33,85	0,0156607417445	-0,0120431111111	-1,09463580247
33,9	0,0131911417445	-0,069972	-0,921272592593
33,95	0,00797754174455	-0,111741777778	-0,558454814815
34	0,00111754174455	-0,130644888889	-0,0773232098766
34,05	-0,00629125825545	-0,120583555556	0,426082222222
34,1	-0,0120536582555	-0,0838444444444	0,831160987654
34,15	-0,0153464582555	-0,0300315555556	1,05669407407
34,2	-0,0153464582555	0,0306413333333	1,06507851852
34,25	-0,0120536582555	0,0855213333333	0,855043950617
34,3	-0,00601685825545	0,122717777778	0,475711358025
34,35	0,00111754174455	0,136895111111	-0,0127883950617
34,4	0,00852634174455	0,125766666667	-0,573783950617
34,45	0,0153863417445	0,0785088888889	-1,07346296296
34,5	0,0178559417445	0,00121955555556	-1,21879333333
34,55	0,0142887417445	-0,0573191111111	-1,04161901235
34,6	0,0118191417445	-0,105948888889	-0,729531358025
34,65	0,00331274174455	-0,139334222222	-0,223415802469
34,7	-0,00409605825545	-0,131102222222	0,33486962963
34,75	-0,0106816582555	-0,0995462222222	0,76916691358
34,8	-0,0147976582555	-0,0478675555556	1,04255061728
34,85	-0,0158952582555	0,0131102222222	1,10098765432
34,9	-0,0134256582555	0,0721062222222	0,923305185185
34,95	-0,00793765825545	0,113723555556	0,544819506173
35	-0,00107765825545	0,131102222222	0,0536943209877
35,05	0,00633114174455	0,119973777778	-0,453860987654
35,1	0,0120935417445	0,0812528888889	-0,854451111111
35,15	0,0151119417445	0,026068	-1,05618592593
35,2	0,0148375417445	-0,0332328888889	-1,03806197531
35,25	0,0115447417445	-0,0861311111111	-0,809564691358
35,3	0,00550794174455	-0,121345777778	-0,406264444444
35,35	-0,00162645825545	-0,130949777778	0,0962093827161
35,4	-0,00876085825545	-0,111894222222	0,59554962963
35,45	-0,0139744582555	-0,065856	0,962432592593
35,5	-0,0158952582555	-0,00594533333333	1,10174987654
35,55	-0,0145232582555	0,0538128888889	1,00435481481
35,6	-0,0101328582555	0,103204888889	0,690742716049
35,65	-0,00327285825545	0,129882666667	0,214099753086
35,7	0,00413594174455	0,126376444444	-0,307090864198
35,75	0,0104471417445	0,0958875555556	-0,753160246914
35,8	0,0145631417445	0,0446662222222	-1,03916296296
35,85	0,0153863417445	-0,0173786666667	-1,09683777778
35,9	0,0126423417445	-0,0753075555556	-0,906451604938
35,95	0,00715434174455	-0,116162666667	-0,516701975309
36	1,99417445452E-005	-0,132016888889	-0,00931604938272
36,05	-0,00738885825545	-0,11662	0,489092592593
36,1	-0,0126024582555	-0,0772893333333	0,858516296296
36,15	-0,0156208582555	-0,0240862222222	1,05898074074
36,2	-0,0153464582555	0,0362817777778	1,06194493827
36,25	-0,0117792582555	0,0914666666667	0,834379259259
36,3	-0,00546805825545	0,127748444444	0,412616296296
36,35	0,00194074174455	0,139791555556	-0,155408641975
36,4	0,0104471417445	0,10976	-0,672957530864
36,45	0,0134655417445	0,0632644444444	-0,992074567901
36,5	0,0173071417445	0,00304888888889	-1,11902691358
36,55	0,0137399417445	-0,0570142222222	-1,02552765432
36,6	0,0112703417445	-0,107168444444	-0,733003703704
36,65	0,00248954174455	-0,141163555556	-0,210542716049
36,7	-0,00491925825545	-0,130949777778	0,372472592593
36,75	-0,0115048582555	-0,0968022222222	0,814392098766
36,8	-0,0153464582555	-0,042532	1,07786691358
36,85	-0,0161696582555	0,0202751111111	1,10632320988
36,9	-0,0131512582555	0,0786613333333	0,887311358025
36,95	-0,00738885825545	0,116467555556	0,484773333333
37	-0,000528858255455	0,129882666667	0,00330296296296
37,05	0,00660554174455	0,117382222222	-0,486128395062
37,1	0,0123679417445	0,0777466666667	-0,881721728395
37,15	0,0151119417445	0,0207324444444	-1,07727407407
37,2	0,0145631417445	-0,0399404444444	-1,03408148148
37,25	0,0107215417445	-0,0913142222222	-0,775095308642
37,3	0,00468474174455	-0,123937333333	-0,354009876543
37,35	-0,00272405825545	-0,130492444444	0,154900493827
37,4	-0,00958405825545	-0,107778222222	0,64356962963
37,45	-0,0145232582555	-0,060368	0,992752098766
37,5	-0,0161696582555	0,000609777777778	1,11894222222
37,55	-0,0145232582555	0,0623497777778	0,984537037037
37,6	-0,00930965825545	0,108997777778	0,618500987654
37,65	-0,00244965825545	0,128815555556	0,135336790123
37,7	0,00468474174455	0,121345777778	-0,338850123457
37,75	0,0104471417445	0,0925337777778	-0,749603209877
37,8	0,0148375417445	0,042532	-1,04322814815
37,85	0,0153863417445	-0,0216471111111	-1,10310493827
37,9	0,0123679417445	-0,079576	-0,892308148148
37,95	0,00660554174455	-0,118601777778	-0,48833037037
38	-0,000528858255455	-0,131864444444	0,00931604938272
38,05	-0,00766325825545	-0,117839555556	0,507385925926
38,1	-0,0134256582555	-0,0772893333333	0,90552
38,15	-0,0161696582555	-0,0185982222222	1,09870098765
38,2	-0,0153464582555	0,042532	1,05516962963
38,25	-0,0115048582555	0,0949728888889	0,799825185185
38,3	-0,00519365825545	0,128968	0,376961234568
38,35	0,00221514174455	0,140553777778	-0,200803209877
38,4	0,0109959417445	0,107016	-0,736476049383
38,45	0,0134655417445	0,056252	-1,04255061728
38,5	0,0170327417445	-0,00518311111111	-1,1371508642
38,55	0,0131911417445	-0,0695146666667	-0,951507407408
38,6	0,00880074174455	-0,107625777778	-0,583692839506
38,65	0,00194074174455	-0,130492444444	-0,132796049383
38,7	-0,00546805825545	-0,12348	0,366290123457
38,75	-0,0115048582555	-0,0907044444444	0,786359259259
38,8	-0,0153464582555	-0,0379586666667	1,04178839506
38,85	-0,0156208582555	0,0227142222222	1,07151506173
38,9	-0,0128768582555	0,0785088888889	0,872320987654
38,95	-0,00711445825545	0,117992	0,478167407407
39	1,99417445452E-005	0,130949777778	-0,0265083950617
39,05	0,00715434174455	0,115248	-0,527457777778
39,1	0,0126423417445	0,0731733333333	-0,906197530864
39,15	0,0151119417445	0,0157017777778	-1,07303950617
39,2	0,0142887417445	-0,0440564444444	-1,00325382716
39,25	0,0101727417445	-0,0922288888889	-0,737661728395
39,3	0,00441034174455	-0,123022666667	-0,332498271605
39,35	-0,00299845825545	-0,130644888889	0,180731358025
39,4	-0,0101328582555	-0,104881777778	0,680156296296
39,45	-0,0145232582555	-0,0545751111111	1,00105185185
39,5	-0,0158952582555	0,00503066666667	1,08786049383
39,55	-0,0139744582555	0,0632644444444	0,945324938272
39,6	-0,00903525825545	0,107930666667	0,599530123457
39,65	-0,00217525825545	0,128510666667	0,126528888889
39,7	0,00495914174455	0,121345777778	-0,368576790124
39,75	0,0109959417445	0,0884177777778	-0,785681728395
39,8	0,0145631417445	0,0365866666667	-1,04509135802
39,85	0,0151119417445	-0,0253057777778	-1,07905259259
39,9	0,0118191417445	-0,0820151111111	-0,861057037037
39,95	0,00605674174455	-0,119059111111	-0,454284444444
40	-0,00107765825545	-0,131102222222	0,0463261728395
40,05	-0,00821205825545	-0,114638222222	0,544988888889
40,1	-0,0137000582555	-0,071344	0,918901234568
40,15	-0,0158952582555	-0,01372	1,08133925926
40,2	-0,0150720582555	0,0451235555556	1,02874592593
40,25	-0,0112304582555	0,0980217777778	0,757310123457
40,3	-0,00437045825545	0,129120444444	0,30141654321
40,35	0,00303834174455	0,130035111111	-0,211304938272
40,4	0,00962394174455	0,104576888889	-0,661947654321
40,45	0,0140143417445	0,0623497777778	-1,03535185185
40,5	0,0173071417445	-0,00731733333333	-1,19372469136
40,55	0,0131911417445	-0,0750026666667	-0,975051604938
40,6	0,00825194174455	-0,112351555556	-0,559809876543
40,65	0,00139194174455	-0,131712	-0,0889259259259
40,7	-0,00601685825545	-0,123022666667	0,409482716049
40,75	-0,0120536582555	-0,087808	0,825401975309
40,8	-0,0156208582555	-0,032928	1,0616908642
40,85	-0,0156208582555	0,0286595555556	1,05610123457
40,9	-0,0123280582555	0,0814053333333	0,833447654321
40,95	-0,00684005825545	0,117839555556	0,454707901235
41	0,000294341744545	0,132016888889	-0,0403130864198
41,05	0,00770314174455	0,114943111111	-0,551086666667
41,1	0,0129167417445	0,0711915555556	-0,931012098766
41,15	0,0153863417445	0,0128053333333	-1,09666839506
41,2	0,0142887417445	-0,04802	-1,0257817284
41,25	0,0101727417445	-0,0986315555556	-0,735375061728
41,3	0,00358714174455	-0,128358222222	-0,281005925926
41,35	-0,00382165825545	-0,129882666667	0,243741728395
41,4	-0,0106816582555	-0,101375555556	0,708866666667
41,45	-0,0147976582555	-0,0516786666667	1,0041854321
41,5	-0,0161696582555	0,00701244444444	1,0949745679
41,55	-0,0142488582555	0,0673804444444	0,950575802469
41,6	-0,00876085825545	0,111894222222	0,579966419753
41,65	-0,00190085825545	0,129730222222	0,0968869135803
41,7	0,00523354174455	0,121498222222	-0,393391358025
41,75	0,0112703417445	0,0876555555556	-0,809395308642
41,8	0,0148375417445	0,0341475555556	-1,06219901235
41,85	0,0151119417445	-0,028812	-1,07388641975
41,9	0,0115447417445	-0,0832346666667	-0,845558518519
41,95	0,00605674174455	-0,119821333333	-0,448694814815
42	-0,00135205825545	-0,132626666667	0,0555575308642
42,05	-0,00848645825545	-0,114943111111	0,566415802469
42,1	-0,0139744582555	-0,0705817777778	0,948881975309
42,15	-0,0161696582555	-0,0106711111111	1,10894864198
42,2	-0,0150720582555	0,0504591111111	1,02137777778
42,25	-0,0106816582555	0,100460888889	0,714456296296
42,3	-0,00409605825545	0,127900888889	0,264914567901
42,35	0,00331274174455	0,127900888889	-0,222822962963
42,4	0,00962394174455	0,102747555556	-0,65771308642
42,45	0,0140143417445	0,0623497777778	-1,04441382716
42,5	0,0175815417445	-0,00990888888889	-1,21879333333
42,55	0,0129167417445	-0,0800333333333	-0,972934320988
42,6	0,00770314174455	-0,114333333333	-0,533470864198
42,65	0,00111754174455	-0,133236444444	-0,0539483950617
42,7	-0,00684005825545	-0,121955555556	0,454115061728
42,75	-0,0123280582555	-0,0829297777778	0,845473827161
42,8	-0,0156208582555	-0,0297266666667	1,05550839506
42,85	-0,0156208582555	0,0307937777778	1,05635530864
42,9	-0,0123280582555	0,0853688888889	0,829128395062
42,95	-0,00629125825545	0,121193333333	0,421339506173
43	0,000843141744545	0,131254666667	-0,0807955555556
43,05	0,00797754174455	0,112961333333	-0,57666345679
43,1	0,0131911417445	0,0692097777778	-0,959299012346
43,15	0,0156607417445	0,00792711111111	-1,12309209877
43,2	0,0140143417445	-0,0544226666667	-1,02002271605
43,25	0,00962394174455	-0,103204888889	-0,69286
43,3	0,00276394174455	-0,129120444444	-0,22680345679
43,35	-0,00437045825545	-0,127900888889	0,285748641975
43,4	-0,0112304582555	-0,0981742222222	0,738508641975
43,45	-0,0150720582555	-0,0468004444444	1,02171654321
43,5	-0,0161696582555	0,0121955555556	1,09912444444
43,55	-0,0139744582555	0,0722586666667	0,953794074074
43,6	-0,00821205825545	0,116162666667	0,601901481482
43,65	-0,00135205825545	0,135980444444	0,140079506173
43,7	0,00605674174455	0,134608444444	-0,414902962963
43,75	0,0137399417445	0,0958875555556	-0,963194814815
43,8	0,0170327417445	0,02744	-1,25910641975
43,85	0,0167583417445	-0,0475626666667	-1,17229777778
43,9	0,0112703417445	-0,102442666667	-0,788815308642
43,95	0,00523354174455	-0,128205777778	-0,320980246914
44	-0,00217525825545	-0,134303555556	0,157695308642
44,05	-0,00930965825545	-0,112961333333	0,62553037037
44,1	-0,0145232582555	-0,0673804444444	0,978100493827
44,15	-0,0167184582555	-0,00609777777778	1,11961975309
44,2	-0,0150720582555	0,05488	1,01570345679
44,25	-0,0106816582555	0,103052444444	0,715557283951
44,3	-0,00409605825545	0,132626666667	0,267878765432
44,35	0,00386154174455	0,132931555556	-0,248907901235
44,4	0,0104471417445	0,103814666667	-0,697941481482
44,45	0,0145631417445	0,060368	-1,05762567901
44,5	0,0175815417445	-0,00579288888889	-1,26926938272
44,55	0,0148375417445	-0,0849115555556	-1,08523506173
44,6	0,00742874174455	-0,131102222222	-0,545666419753
44,65	1,99417445452E-005	-0,139486666667	0,0397202469136
44,7	-0,00738885825545	-0,122260444444	0,536180987654
44,75	-0,0131512582555	-0,0812528888889	0,90509654321
44,8	-0,0161696582555	-0,0248484444444	1,0949745679
44,85	-0,0158952582555	0,0373488888889	1,06397753086
44,9	-0,0120536582555	0,0908568888889	0,807023950617
44,95	-0,00601685825545	0,124699555556	0,383905925926
45	0,00139194174455	0,133693777778	-0,13804691358
45,05	0,00880074174455	0,109607555556	-0,629680246914
45,1	0,0131911417445	0,0638742222222	-0,965650864198
45,15	0,0156607417445	0,00564044444444	-1,11038839506
45,2	0,0140143417445	-0,0570142222222	-1,01392493827
45,25	0,00934954174455	-0,105644	-0,68472962963
45,3	0,00248954174455	-0,131254666667	-0,211220246914
45,35	-0,00491925825545	-0,128510666667	0,306498024691
45,4	-0,0115048582555	-0,0980217777778	0,759596790124
45,45	-0,0156208582555	-0,0457333333333	1,04805555556
45,5	-0,0164440582555	0,0158542222222	1,11487703704
45,55	-0,0139744582555	0,0753075555556	0,950491111111
45,6	-0,00821205825545	0,118906666667	0,586911111111
45,65	-0,00107765825545	0,138114666667	0,100189876543
45,7	0,00633114174455	0,133846222222	-0,480877530864
45,75	0,0140143417445	0,0914666666667	-1,0417037037
45,8	0,0173071417445	0,0132626666667	-1,25461777778
45,85	0,0145631417445	-0,053508	-1,05652469136
45,9	0,0107215417445	-0,09604	-0,715980740741
45,95	0,00468474174455	-0,125766666667	-0,317338518519
46	-0,00272405825545	-0,132474222222	0,167350123457
46,05	-0,00985845825545	-0,10976	0,650768395062
46,1	-0,0147976582555	-0,0612826666667	0,994954074074
46,15	-0,0164440582555	-0,000609777777778	1,11225160494
46,2	-0,0147976582555	0,0591484444444	0,998002962963
46,25	-0,0101328582555	0,107930666667	0,671348395062
46,3	-0,00299845825545	0,132626666667	0,19978691358
46,35	0,00441034174455	0,128053333333	-0,288797530864
46,4	0,0107215417445	0,0998511111111	-0,707088148148
46,45	0,0148375417445	0,0557946666667	-1,05652469136
46,5	0,0173071417445	-0,00929911111111	-1,26613580247
46,55	0,0148375417445	-0,0887226666667	-1,08625135802
46,6	0,00687994174455	-0,136437777778	-0,521190617284
46,65	-0,000803258255455	-0,141468444444	0,0988348148148
46,7	-0,00821205825545	-0,119364	0,590637530864
46,75	-0,0134256582555	-0,0774417777778	0,943377037037
46,8	-0,0167184582555	-0,0189031111111	1,12393901235
46,85	-0,0156208582555	0,0455808888889	1,0574562963
46,9	-0,0115048582555	0,0963448888889	0,763916049383
46,95	-0,00519365825545	0,127291111111	0,32758617284
47	0,00221514174455	0,132626666667	-0,189539259259
47,05	0,00934954174455	0,107625777778	-0,67956345679
47,1	0,0140143417445	0,0580813333333	-1,01307802469
47,15	0,0156607417445	-0,00381111111111	-1,10920271605
47,2	0,0134655417445	-0,0626546666667	-0,967005925926
47,25	0,00880074174455	-0,107473333333	-0,642892098766
47,3	0,00194074174455	-0,132016888889	-0,189285185185
47,35	-0,00546805825545	-0,129730222222	0,333514567901
47,4	-0,0123280582555	-0,0971071111111	0,810496296296
47,45	-0,0161696582555	-0,0408551111111	1,10429061728
47,5	-0,0167184582555	0,0236288888889	1,14951580247
47,55	-0,0137000582555	0,0846066666667	0,942445432099
47,6	-0,00738885825545	0,126071555556	0,534063703704
47,65	1,99417445452E-005	0,140706222222	0,0355703703704
47,7	0,00742874174455	0,132626666667	-0,523223209877
47,75	0,0148375417445	0,0885702222222	-1,04712395062
47,8	0,0175815417445	0,0167688888889	-1,3060254321
47,85	0,0167583417445	-0,0600631111111	-1,16967234568
47,9	0,0104471417445	-0,113723555556	-0,723348888889
47,95	0,00386154174455	-0,133388888889	-0,211050864198
48	-0,00354725825545	-0,132474222222	0,268725679012
48,05	-0,0104072582555	-0,105796444444	0,709290123457
48,1	-0,0150720582555	-0,0571666666667	1,03018567901
48,15	-0,0167184582555	0,00564044444444	1,14562
48,2	-0,0145232582555	0,0681426666667	1,00596395062
48,25	-0,00930965825545	0,116162666667	0,638149382716
48,3	-0,00162645825545	0,135980444444	0,158372839506
48,35	0,00523354174455	0,130797333333	-0,321319012346
48,4	0,0120935417445	0,105491555556	-0,812020740741
48,45	0,0173071417445	0,0469528888889	-1,20244790123
48,5	0,0175815417445	-0,0282022222222	-1,28265061728
48,55	0,0142887417445	-0,0983266666667	-0,985976790124
48,6	0,00633114174455	-0,137809777778	-0,43133308642
48,65	-0,00107765825545	-0,140553777778	0,138893827161
48,7	-0,00848645825545	-0,120278666667	0,630188395062
48,75	-0,0142488582555	-0,0731733333333	0,995377530864
48,8	-0,0164440582555	-0,0114333333333	1,13791308642
48,85	-0,0153464582555	0,0504591111111	1,04212716049
48,9	-0,0109560582555	0,101223111111	0,734274074074
48,95	-0,00437045825545	0,130492444444	0,26881037037
49	0,00331274174455	0,130644888889	-0,254836296296
49,05	0,00989834174455	0,101985333333	-0,712254320988
49,1	0,0142887417445	0,0530506666667	-1,01578814815
49,15	0,0156607417445	-0,00716488888889	-1,12173703704
49,2	0,0137399417445	-0,0695146666667	-0,977592345679
49,25	0,00797754174455	-0,115095555556	-0,596142469136
49,3	0,00111754174455	-0,134151111111	-0,0867239506173
49,35	-0,00656565825545	-0,124699555556	0,444544938272
49,4	-0,0126024582555	-0,0856737777778	0,874607654321
49,45	-0,0158952582555	-0,0283546666667	1,09556740741
49,5	-0,0156208582555	0,0341475555556	1,07126098765
49,55	-0,0120536582555	0,0871982222222	0,832516049383
49,6	-0,00629125825545	0,123784888889	0,434974814815
49,65	0,00139194174455	0,135218222222	-0,068515308642
49,7	0,00852634174455	0,115400444444	-0,548122469136
49,75	0,0134655417445	0,0786613333333	-0,963110123457
49,8	0,0178559417445	0,0118906666667	-1,19414814815
49,85	0,0145631417445	-0,0547275555556	-1,10818641975
49,9	0,0118191417445	-0,108388	-0,78076962963
49,95	0,00303834174455	-0,142383111111	-0,236119506173
50	-0,00437045825545	-0,133693777778	0,349097777778
50,05	-0,0112304582555	-0,101070666667	0,802281234568
50,1	-0,0153464582555	-0,0463431111111	1,07744345679
50,15	-0,0161696582555	0,0157017777778	1,12647975309
50,2	-0,0137000582555	0,0753075555556	0,957520493827
50,25	-0,00793765825545	0,119059111111	0,599191358025
50,3	-0,000803258255455	0,138724444444	0,132457283951
50,35	0,00660554174455	0,137047555556	-0,431417777778
50,4	0,0145631417445	0,097412	-0,9947
50,45	0,0178559417445	0,0259155555556	-1,28993407407
50,5	0,0173071417445	-0,0500017777778	-1,18483209877
50,55	0,0118191417445	-0,105034222222	-0,783903209877
50,6	0,00550794174455	-0,130187555556	-0,299383950617
50,65	-0,00190085825545	-0,134303555556	0,184457777778
50,7	-0,00903525825545	-0,111284444444	0,640012592593
50,75	-0,0139744582555	-0,0657035555556	0,977168888889
50,8	-0,0161696582555	-0,00609777777778	1,12698790123
50,85	-0,0147976582555	0,0573191111111	1,02866123457
50,9	-0,00985845825545	0,107168444444	0,687355061728
50,95	-0,00299845825545	0,131712	0,203005185185
51	0,00441034174455	0,128663111111	-0,316660987654
51,05	0,0109959417445	0,0977168888889	-0,773994320988
51,1	0,0151119417445	0,0446662222222	-1,06609481481
51,15	0,0159351417445	-0,019208	-1,11326790123
51,2	0,0129167417445	-0,0772893333333	-0,906705679012
51,25	0,00742874174455	-0,117077333333	-0,515939753086
51,3	0,000294341744545	-0,133236444444	-0,0164301234568
51,35	-0,00711445825545	-0,119821333333	0,501372839506
51,4	-0,0128768582555	-0,0786613333333	0,915767654321
51,45	-0,0156208582555	-0,0199702222222	1,12698790123
51,5	-0,0150720582555	0,0426844444444	1,11013432099
51,55	-0,0115048582555	0,104881777778	0,788984691358
51,6	-0,00272405825545	0,129120444444	0,289729135803
51,65	0,00221514174455	0,131407111111	-0,191910617284
51,7	0,0112703417445	0,109455111111	-0,648481728395
51,75	0,0142887417445	0,0625022222222	-0,989364444445
51,8	0,0181303417445	0,001372	-1,12097481481
51,85	0,0142887417445	-0,058996	-1,01832888889
51,9	0,0118191417445	-0,107778222222	-0,717420493827
51,95	0,00303834174455	-0,141163555556	-0,194790123457
52	-0,00437045825545	-0,130187555556	0,386446666667
52,05	-0,0109560582555	-0,094668	0,81075037037
52,1	-0,0145232582555	-0,0405502222222	1,03442024691
52,15	-0,0150720582555	0,016464	1,05466148148
52,2	-0,0128768582555	0,0719537777778	0,889005185185
52,25	-0,00738885825545	0,114180888889	0,521275308642
52,3	-0,000254458255455	0,129120444444	0,0350622222222
52,35	0,00660554174455	0,117077333333	-0,447339753086
52,4	0,0123679417445	0,0814053333333	-0,848861481482
52,45	0,0156607417445	0,0251533333333	-1,07397111111
52,5	0,0151119417445	-0,0367391111111	-1,04729333333
52,55	0,0115447417445	-0,0888751111111	-0,792711111111
52,6	0,00550794174455	-0,122870222222	-0,367899259259
52,65	-0,00190085825545	-0,128968	0,137030617284
52,7	-0,00848645825545	-0,107930666667	0,611302222222
52,75	-0,0137000582555	-0,0626546666667	0,956758271605
52,8	-0,0153464582555	-0,00320133333333	1,08498098765
52,85	-0,0139744582555	0,0556422222222	0,975475061729
52,9	-0,00930965825545	0,1029	0,655087654321
52,95	-0,00272405825545	0,126833777778	0,193265679012
53	0,00441034174455	0,124547111111	-0,319794567901
53,05	0,0109959417445	0,0925337777778	-0,770606666667
53,1	0,0145631417445	0,0391782222222	-1,02874592593
53,15	0,0151119417445	-0,0201226666667	-1,05262888889
53,2	0,0123679417445	-0,0750026666667	-0,854705185185
53,25	0,00687994174455	-0,112351555556	-0,485027407407
53,3	0,000294341744545	-0,127900888889	-0,00982419753087
53,35	-0,00711445825545	-0,114638222222	0,487398765432
53,4	-0,0123280582555	-0,0742404444444	0,871050617284
53,45	-0,0150720582555	-0,0195128888889	1,06236839506
53,5	-0,0145232582555	0,0408551111111	1,03128666667
53,55	-0,0106816582555	0,0931435555556	0,770606666667
53,6	-0,00437045825545	0,125156888889	0,339951111111
53,65	0,00303834174455	0,129577777778	-0,160913580247
53,7	0,00962394174455	0,106863555556	-0,622904938272
53,75	0,0142887417445	0,0664657777778	-1,02205530864
53,8	0,0178559417445	-0,004116	-1,20033061728
53,85	0,0137399417445	-0,0722586666667	-0,988009382716
53,9	0,00907514174455	-0,110217333333	-0,580813333333
53,95	0,00221514174455	-0,131254666667	-0,113232345679
54	-0,00519365825545	-0,12348	0,385684444444
54,05	-0,0112304582555	-0,0899422222222	0,807193333333
54,1	-0,0150720582555	-0,0355195555556	1,05550839506
54,15	-0,0150720582555	0,026068	1,05881135802
54,2	-0,0120536582555	0,0791186666667	0,844118765432
54,25	-0,00656565825545	0,116772444444	0,46563308642
54,3	0,000568741744545	0,130492444444	-0,0242217283951
54,35	0,00770314174455	0,115095555556	-0,524662962963
54,4	0,0131911417445	0,0731733333333	-0,909585185185
54,45	0,0156607417445	0,0153968888889	-1,08625135802
54,5	0,0148375417445	-0,045276	-1,02298691358
54,55	0,0107215417445	-0,0958875555556	-0,738254567901
54,6	0,00441034174455	-0,125766666667	-0,292015802469
54,65	-0,00299845825545	-0,127900888889	0,219604691358
54,7	-0,00958405825545	-0,101375555556	0,676260493827
54,75	-0,0139744582555	-0,0538128888889	0,981572839506
54,8	-0,0153464582555	0,00426844444444	1,09353481481
54,85	-0,0137000582555	0,064484	0,977761728395
54,9	-0,00848645825545	0,113113777778	0,610794074074
54,95	-0,00107765825545	0,132321777778	0,0899422222222
55	0,00605674174455	0,120583555556	-0,413886666667
55,05	0,0118191417445	0,0861311111111	-0,807955555556
55,1	0,0153863417445	0,0339951111111	-1,04627703704
55,15	0,0156607417445	-0,02744	-1,06507851852
55,2	0,0123679417445	-0,0826248888889	-0,844880987654
55,25	0,00660554174455	-0,119211555556	-0,442851111111
55,3	-0,000528858255455	-0,130949777778	0,0588604938272
55,35	-0,00766325825545	-0,113876	0,561842469136
55,4	-0,0131512582555	-0,0689048888889	0,926692839506
55,45	-0,0150720582555	-0,0106711111111	1,0554237037
55,5	-0,0139744582555	0,0446662222222	0,977253580247
55,55	-0,0104072582555	0,0931435555556	0,730124197531
55,6	-0,00409605825545	0,125614222222	0,308869382716
55,65	0,00358714174455	0,127291111111	-0,19208
55,7	0,00962394174455	0,1029	-0,634507654321
55,75	0,0142887417445	0,0632644444444	-1,01858296296
55,8	0,0175815417445	-0,00701244444444	-1,19253901235
55,85	0,0134655417445	-0,0748502222222	-0,973781234568
55,9	0,00852634174455	-0,112199111111	-0,551848888889
55,95	0,00166634174455	-0,130949777778	-0,071987654321
56	-0,00574245825545	-0,120583555556	0,422525185185
56,05	-0,0115048582555	-0,0844542222222	0,812952345679
56,1	-0,0147976582555	-0,0323182222222	1,03458962963
56,15	-0,0150720582555	0,0275924444444	1,04238123457
56,2	-0,0117792582555	0,0811004444444	0,826248888889
56,25	-0,00629125825545	0,117839555556	0,427521975309
56,3	0,00111754174455	0,128053333333	-0,0713101234568
56,35	0,00770314174455	0,109455111111	-0,545242962963
56,4	0,0129167417445	0,0690573333333	-0,906959753087
56,45	0,0153863417445	0,0108235555556	-1,07320888889
56,5	0,0140143417445	-0,0483248888889	-0,997156049383
56,55	0,0101727417445	-0,0978693333333	-0,702091358025
56,6	0,00331274174455	-0,125309333333	-0,244503950617
56,65	-0,00354725825545	-0,124089777778	0,258562716049
56,7	-0,0101328582555	-0,0971071111111	0,703446419753
56,75	-0,0142488582555	-0,0469528888889	0,986739012346
56,8	-0,0150720582555	0,0105186666667	1,05330641975
56,85	-0,0131512582555	0,0666182222222	0,909161728395
56,9	-0,00793765825545	0,110064888889	0,558285432099
56,95	-0,00107765825545	0,128205777778	0,0736814814815
57	0,00605674174455	0,117992	-0,426082222222
57,05	0,0118191417445	0,0812528888889	-0,824724444445
57,1	0,0148375417445	0,0278973333333	-1,03916296296
57,15	0,0148375417445	-0,0312511111111	-1,03755382716
57,2	0,0115447417445	-0,0852164444444	-0,809225925926
57,25	0,00550794174455	-0,120126222222	-0,393306666667
57,3	-0,00162645825545	-0,127443555556	0,0998511111111
57,35	-0,00821205825545	-0,109455111111	0,573699259259
57,4	-0,0137000582555	-0,0653986666667	0,929064197531
57,45	-0,0153464582555	-0,00701244444444	1,06397753086
57,5	-0,0142488582555	0,0496968888889	0,981149382716
57,55	-0,0101328582555	0,098784	0,702599506173
57,6	-0,00354725825545	0,127138666667	0,262712592593
57,65	0,00386154174455	0,126833777778	-0,22553308642
57,7	0,0101727417445	0,100765777778	-0,649752098766
57,75	0,0142887417445	0,0602155555556	-1,00528641975
57,8	0,0173071417445	-0,00320133333333	-1,22404419753
57,85	0,0148375417445	-0,0801857777778	-1,05576246914
57,9	0,00770314174455	-0,125614222222	-0,533216790124
57,95	0,000568741744545	-0,133693777778	0,0353162962963
58	-0,00656565825545	-0,116162666667	0,496545432099
58,05	-0,0117792582555	-0,0791186666667	0,82878962963
58,1	-0,0150720582555	-0,0278973333333	1,01621160494
58,15	-0,0147976582555	0,0292693333333	1,0273908642
58,2	-0,0120536582555	0,0829297777778	0,834548641975
58,25	-0,00601685825545	0,122717777778	0,418714074074
58,3	0,00166634174455	0,130187555556	-0,116958765432
58,35	0,00825194174455	0,107778222222	-0,594194567901
58,4	0,0131911417445	0,0649413333333	-0,932367160494
58,45	0,0153863417445	0,00716488888889	-1,08040765432
58,5	0,0140143417445	-0,0527457777778	-0,994615308642
58,55	0,00962394174455	-0,101223111111	-0,691335555556
58,6	0,00303834174455	-0,128358222222	-0,230445185185
58,65	-0,00437045825545	-0,127138666667	0,293032098765
58,7	-0,0109560582555	-0,09604	0,745622716049
58,75	-0,0147976582555	-0,0445137777778	1,0136708642
58,8	-0,0156208582555	0,01372	1,07202320988
58,85	-0,0134256582555	0,0710391111111	0,917038024691
58,9	-0,00793765825545	0,113876	0,557099753086
58,95	-0,00107765825545	0,132779111111	0,0573360493827
59	0,00660554174455	0,121345777778	-0,475118518519
59,05	0,0123679417445	0,0797284444444	-0,882399259259
59,1	0,0151119417445	0,0236288888889	-1,07083753086
59,15	0,0148375417445	-0,0359768888889	-1,03984049383
59,2	0,0112703417445	-0,0887226666667	-0,797453827161
59,25	0,00523354174455	-0,123175111111	-0,37814691358
59,3	-0,00217525825545	-0,130492444444	0,132457283951
59,35	-0,00903525825545	-0,108540444444	0,611217530864
59,4	-0,0139744582555	-0,0634168888889	0,949390123457
59,45	-0,0158952582555	-0,00518311111111	1,08167802469
59,5	-0,0145232582555	0,0538128888889	0,98826345679
59,55	-0,0101328582555	0,102595111111	0,681003209877
59,6	-0,00327285825545	0,128053333333	0,230021728395
59,65	0,00386154174455	0,125919111111	-0,244927407407
59,7	0,0101727417445	0,100918222222	-0,670332098765
59,75	0,0145631417445	0,057624	-1,03016874074
59,8	0,0170327417445	-0,00792711111111	-1,21908128395
59,85	0,0142887417445	-0,0814053333333	-1,05112138271
59,9	0,00742874174455	-0,124669066666	-0,661659703688
59,95	0,000294341744545	-0,140401333332	-0,36805170368
60	-0,00711445825545	-0,146346666664	-0,203869037011
