0,05	-0,000528858255455	0,060368	-0,211084740741
0,1	0,00276394174455	0,0516786666667	-0,268480074074
0,15	0,00523354174455	0,0375928	-0,351486074074
0,2	0,00687994174455	0,0169213333333	-0,433484246914
0,25	0,00715434174455	-0,00929911111111	-0,44410454321
0,3	0,00578234174455	-0,0320133333333	-0,355585135802
0,35	0,00358714174455	-0,0468004444444	-0,21096617284
0,4	0,000843141744545	-0,0541177777778	-0,0327755555556
0,45	-0,00217525825545	-0,0518311111111	0,177851851852
0,5	-0,00491925825545	-0,0362817777778	0,375013333333
0,55	-0,00629125825545	-0,0102137777778	0,477489876543
0,6	-0,00601685825545	0,017836	0,441157283951
0,65	-0,00409605825545	0,0378062222222	0,308784691358
0,7	-0,00190085825545	0,049392	0,144822222222
0,75	0,00111754174455	0,0530506666667	-0,0386192592593
0,8	0,00386154174455	0,0457333333333	-0,220536296296
0,85	0,00605674174455	0,0295742222222	-0,364680987654
0,9	0,00715434174455	0,00594533333333	-0,43218
0,95	0,00660554174455	-0,0175311111111	-0,407704197531
1	0,00523354174455	-0,0371964444444	-0,315305925926
1,05	0,00276394174455	-0,052136	-0,151174074074
1,1	-0,000528858255455	-0,0547275555556	0,0625022222222
1,15	-0,00327285825545	-0,0445137777778	0,253311851852
1,2	-0,00519365825545	-0,02744	0,399912592593
1,25	-0,00629125825545	-0,00289644444444	0,487144691358
1,3	-0,00574245825545	0,0254582222222	0,463431111111
1,35	-0,00382165825545	0,0525933333333	0,260425925926
1,4	0,000843141744545	0,0547275555556	-0,010332345679
1,45	0,00221514174455	0,0437515555556	-0,153630123457
1,5	0,00468474174455	0,0379586666667	-0,258308641975
1,55	0,00660554174455	0,02058	-0,383567160494
1,6	0,00715434174455	-0,004116	-0,429469876543
1,65	0,00605674174455	-0,0272875555556	-0,370694074074
1,7	0,00413594174455	-0,043904	-0,238575555556
1,75	0,00139194174455	-0,0528982222222	-0,0610624691358
1,8	-0,00162645825545	-0,050764	0,133050123457
1,85	-0,00409605825545	-0,038416	0,299976790123
1,9	-0,00574245825545	-0,0189031111111	0,416342716049
1,95	-0,00629125825545	0,00686	0,445391851852
2	-0,00491925825545	0,0300315555556	0,372896049383
2,05	-0,00299845825545	0,046648	0,232223703704
2,1	1,99417445452E-005	0,0553373333333	0,0401437037037
2,15	0,00303834174455	0,0519835555556	-0,175226419753
2,2	0,00578234174455	0,0359768888889	-0,349182469136
2,25	0,00687994174455	0,0132626666667	-0,436753333333
2,3	0,00715434174455	-0,010976	-0,43946345679
2,35	0,00578234174455	-0,0344524444444	-0,350029382716
2,4	0,00331274174455	-0,0489346666667	-0,188522962963
2,45	0,000568741744545	-0,05488	0,0112639506173
2,5	-0,00272405825545	-0,04802	0,21393037037
2,55	-0,00464485825545	-0,0310986666667	0,362394320988
2,6	-0,00601685825545	-0,00899422222222	0,438870617284
2,65	-0,00574245825545	0,0167688888889	0,41888345679
2,7	-0,00409605825545	0,0371964444444	0,30099308642
2,75	-0,00162645825545	0,0486297777778	0,135336790123
2,8	0,00111754174455	0,0510688888889	-0,0448864197531
2,85	0,00386154174455	0,0437515555556	-0,215624197531
2,9	0,00578234174455	0,028812	-0,360954567901
2,95	0,00715434174455	0,00503066666667	-0,439209382716
3	0,00633114174455	-0,0198177777778	-0,410244938272
3,05	0,00495914174455	-0,0399404444444	-0,287950617284
3,1	0,00194074174455	-0,050764	-0,10933654321
3,15	-0,000528858255455	-0,0512213333333	0,082150617284
3,2	-0,00354725825545	-0,0422271111111	0,262289135802
3,25	-0,00519365825545	-0,0230191111111	0,391782222222
3,3	-0,00601685825545	0,000457333333333	0,436499259259
3,35	-0,00519365825545	0,024696	0,383990617284
3,4	-0,00327285825545	0,042532	0,245350864198
3,45	-0,000528858255455	0,050764	0,0667367901235
3,5	0,00221514174455	0,0489346666667	-0,111538518519
3,55	0,00468474174455	0,0385684444444	-0,265676790123
3,6	0,00633114174455	0,0213422222222	-0,385260987654
3,65	0,00715434174455	-0,002744	-0,434043209877
3,7	0,00605674174455	-0,0268302222222	-0,375436790123
3,75	0,00413594174455	-0,0435991111111	-0,235526666667
3,8	0,00139194174455	-0,0522884444444	-0,0476812345679
3,85	-0,00162645825545	-0,0486297777778	0,147617037037
3,9	-0,00382165825545	-0,0358244444444	0,304380740741
3,95	-0,00546805825545	-0,0163115555556	0,408127654321
4	-0,00574245825545	0,00884177777778	0,421085432099
4,05	-0,00437045825545	0,0300315555556	0,336394074074
4,1	-0,00244965825545	0,0443613333333	0,196992098765
4,15	0,000294341744545	0,0516786666667	0,0139740740741
4,2	0,00331274174455	0,0460382222222	-0,173363209877
4,25	0,00523354174455	0,0318608888889	-0,310901975309
4,3	0,00660554174455	0,0134151111111	-0,402622716049
4,35	0,00687994174455	-0,0108235555556	-0,426420987654
4,4	0,00550794174455	-0,0341475555556	-0,341221481481
4,45	0,00303834174455	-0,0483248888889	-0,176242716049
4,5	0,000294341744545	-0,0528982222222	0,0215116049383
4,55	-0,00272405825545	-0,0458857777778	0,213676296296
4,6	-0,00464485825545	-0,0298791111111	0,362817777778
4,65	-0,00601685825545	-0,00686	0,440903209877
4,7	-0,00546805825545	0,0189031111111	0,41032962963
4,75	-0,00382165825545	0,0381111111111	0,286680246914
4,8	-0,00135205825545	0,0496968888889	0,10933654321
4,85	0,00166634174455	0,0492395555556	-0,0774079012346
4,9	0,00386154174455	0,0407026666667	-0,235696049383
4,95	0,00605674174455	0,0243911111111	-0,355703703704
5	0,00660554174455	0,00167688888889	-0,396524938272
5,05	0,00605674174455	-0,0184457777778	-0,360869876543
5,1	0,00468474174455	-0,0362817777778	-0,270080740741
5,15	0,00221514174455	-0,04802	-0,118991358025
5,2	-0,000528858255455	-0,0500017777778	0,0702938271605
5,25	-0,00327285825545	-0,0405502222222	0,249839506173
5,3	-0,00491925825545	-0,0227142222222	0,375944938272
5,35	-0,00574245825545	0,000152444444444	0,424811851852
5,4	-0,00491925825545	0,023324	0,383567160494
5,45	-0,00327285825545	0,0423795555556	0,251702716049
5,5	-0,000254458255455	0,0515262222222	0,0536943209877
5,55	0,00248954174455	0,0471053333333	-0,1372
5,6	0,00468474174455	0,035672	-0,283377283951
5,65	0,00633114174455	0,0172262222222	-0,383651851852
5,7	0,00660554174455	-0,005488	-0,411007160494
5,75	0,00578234174455	-0,0277448888889	-0,347488641975
5,8	0,00358714174455	-0,0440564444444	-0,19894
5,85	0,000843141744545	-0,0487822222222	-0,0182086419753
5,9	-0,00162645825545	-0,0446662222222	0,145415061728
5,95	-0,00382165825545	-0,0339951111111	0,293963703704
6	-0,00546805825545	-0,0140248888889	0,400928888889
6,05	-0,00546805825545	0,0108235555556	0,405248148148
6,1	-0,00409605825545	0,0304888888889	0,316660987654
6,15	-0,00217525825545	0,0440564444444	0,178190617284
6,2	0,000568741744545	0,0500017777778	0,000762222222221
6,25	0,00331274174455	0,0448186666667	-0,186405679012
6,3	0,00550794174455	0,0291168888889	-0,325892345679
6,35	0,00633114174455	0,00945155555556	-0,39788
6,4	0,00660554174455	-0,0132626666667	-0,400081975309
6,45	0,00495914174455	-0,0344524444444	-0,311494814815
6,5	0,00276394174455	-0,0469528888889	-0,157864691358
6,55	1,99417445452E-005	-0,0519835555556	0,0367560493827
6,6	-0,00299845825545	-0,0440564444444	0,2401
6,65	-0,00491925825545	-0,0245435555556	0,37044
6,7	-0,00546805825545	-0,00289644444444	0,407704197531
6,75	-0,00519365825545	0,0185982222222	0,376707160494
6,8	-0,00354725825545	0,0376537777778	0,27355308642
6,85	-0,00107765825545	0,0484773333333	0,111538518519
6,9	0,00166634174455	0,0500017777778	-0,0770691358025
6,95	0,00441034174455	0,0402453333333	-0,251702716049
7	0,00605674174455	0,0217995555556	-0,360446419753
7,05	0,00660554174455	0,00152444444444	-0,400844197531
7,1	0,00633114174455	-0,0207324444444	-0,374081728395
7,15	0,00441034174455	-0,0396355555556	-0,261611604938
7,2	0,00194074174455	-0,0490871111111	-0,0940074074074
7,25	-0,000803258255455	-0,0500017777778	0,0979032098765
7,3	-0,00354725825545	-0,0393306666667	0,282869135802
7,35	-0,00519365825545	-0,0185982222222	0,39703308642
7,4	-0,00546805825545	0,00457333333333	0,414902962963
7,45	-0,00464485825545	0,0259155555556	0,352908888889
7,5	-0,00272405825545	0,0426844444444	0,221298518519
7,55	1,99417445452E-005	0,0501542222222	0,0422609876543
7,6	0,00276394174455	0,046648	-0,13592962963
7,65	0,00495914174455	0,0353671111111	-0,286510864198
7,7	0,00660554174455	0,0166164444444	-0,394746419753
7,75	0,00687994174455	-0,00746977777778	-0,421085432099
7,8	0,00578234174455	-0,0298791111111	-0,347065185185
7,85	0,00358714174455	-0,045276	-0,198431851852
7,9	0,000843141744545	-0,0509164444444	-0,0160913580247
7,95	-0,00190085825545	-0,0464955555556	0,161252345679
8	-0,00409605825545	-0,0341475555556	0,316068148148
8,05	-0,00574245825545	-0,0126528888889	0,413209135802
8,1	-0,00546805825545	0,0115857777778	0,41075308642
8,15	-0,00437045825545	0,031556	0,328517777778
8,2	-0,00217525825545	0,0471053333333	0,179969135802
8,25	0,000843141744545	0,0512213333333	-0,00838444444444
8,3	0,00331274174455	0,0458857777778	-0,191063703704
8,35	0,00578234174455	0,0314035555556	-0,348504938272
8,4	0,00687994174455	0,00792711111111	-0,429723950617
8,45	0,00660554174455	-0,016464	-0,402876790123
8,5	0,00495914174455	-0,0355195555556	-0,296843209877
8,55	0,00276394174455	-0,0472577777778	-0,15134345679
8,6	1,99417445452E-005	-0,0522884444444	0,030997037037
8,65	-0,00299845825545	-0,0451235555556	0,228836049383
8,7	-0,00491925825545	-0,0275924444444	0,382804938272
8,75	-0,00601685825545	-0,00365866666667	0,455978271605
8,8	-0,00546805825545	0,023324	0,408297037037
8,85	-0,00327285825545	0,0417697777778	0,258308641975
8,9	-0,000803258255455	0,0495444444444	0,0846913580247
8,95	0,00194074174455	0,0495444444444	-0,0838444444444
9	0,00441034174455	0,0417697777778	-0,254328148148
9,05	0,00660554174455	0,0234764444444	-0,395847407407
9,1	0,00715434174455	-0,002744	-0,432349382716
9,15	0,00605674174455	-0,0245435555556	-0,362817777778
9,2	0,00441034174455	-0,0400928888889	-0,249416049383
9,25	0,00194074174455	-0,0509164444444	-0,0955318518519
9,3	-0,00107765825545	-0,0519835555556	0,102222469136
9,35	-0,00382165825545	-0,0403977777778	0,290321975309
9,4	-0,00546805825545	-0,0201226666667	0,414564197531
9,45	-0,00601685825545	0,00487822222222	0,446238765432
9,5	-0,00491925825545	0,0283546666667	0,381873333333
9,55	-0,00299845825545	0,0468004444444	0,230614567901
9,6	0,000294341744545	0,0533555555556	0,0320980246914
9,65	0,00276394174455	0,0492395555556	-0,156340246914
9,7	0,00550794174455	0,0368915555556	-0,319794567901
9,75	0,00687994174455	0,015092	-0,424388395062
9,8	0,00715434174455	-0,00975644444444	-0,432010617284
9,85	0,00578234174455	-0,0321657777778	-0,344185679012
9,9	0,00358714174455	-0,0464955555556	-0,194281975309
9,95	0,000843141744545	-0,0528982222222	-0,0106711111111
10	-0,00217525825545	-0,04802	0,180816049383
10,05	-0,00437045825545	-0,0332328888889	0,335208395062
10,1	-0,00574245825545	-0,0120431111111	0,427860740741
10,15	-0,00574245825545	0,0129577777778	0,433619753086
10,2	-0,00437045825545	0,0355195555556	0,339781728395
10,25	-0,00190085825545	0,0509164444444	0,15905037037
10,3	0,00139194174455	0,0519835555556	-0,0418375308642
10,35	0,00358714174455	0,0446662222222	-0,206731604938
10,4	0,00605674174455	0,0309462222222	-0,350537530864
10,45	0,00715434174455	0,00762222222222	-0,438447160494
10,5	0,00687994174455	-0,0173786666667	-0,425404691358
10,55	0,00523354174455	-0,0385684444444	-0,32157308642
10,6	0,00276394174455	-0,0525933333333	-0,143382469136
10,65	-0,000528858255455	-0,0547275555556	0,0738508641975
10,7	-0,00327285825545	-0,043904	0,264745185185
10,75	-0,00519365825545	-0,0254582222222	0,391528148148
10,8	-0,00601685825545	-0,00198177777778	0,444714320988
10,85	-0,00546805825545	0,0227142222222	0,40643382716
10,9	-0,00354725825545	0,042532	0,278719259259
10,95	-0,000803258255455	0,0528982222222	0,0949390123457
11	0,00221514174455	0,0519835555556	-0,095955308642
11,05	0,00468474174455	0,0426844444444	-0,271266419753
11,1	0,00687994174455	0,0239337777778	-0,41329382716
11,15	0,00742874174455	-0,00228666666667	-0,467411604938
11,2	0,00660554174455	-0,0277448888889	-0,406941975309
11,25	0,00441034174455	-0,0471053333333	-0,249670123457
11,3	0,00139194174455	-0,05488	-0,0409059259259
11,35	-0,00162645825545	-0,0500017777778	0,150327160494
11,4	-0,00382165825545	-0,0381111111111	0,302009382716
11,45	-0,00574245825545	-0,0187506666667	0,414564197531
11,5	-0,00601685825545	0,00686	0,443105185185
11,55	-0,00491925825545	0,0300315555556	0,369677777778
11,6	-0,00272405825545	0,0464955555556	0,225279012346
11,65	1,99417445452E-005	0,0547275555556	0,0303195061728
11,7	0,00331274174455	0,0501542222222	-0,175057037037
11,75	0,00550794174455	0,0346048888889	-0,326823950617
11,8	0,00687994174455	0,0147871111111	-0,413547901235
11,85	0,00715434174455	-0,00884177777778	-0,437176790123
11,9	0,00605674174455	-0,0327755555556	-0,368153333333
11,95	0,00358714174455	-0,0498493333333	-0,205461234568
12	0,000568741744545	-0,0553373333333	0,00609777777778
12,05	-0,00244965825545	-0,0486297777778	0,208933580247
12,1	-0,00464485825545	-0,0326231111111	0,367137037037
12,15	-0,00601685825545	-0,00929911111111	0,455046666667
12,2	-0,00574245825545	0,0172262222222	0,439548148148
12,25	-0,00409605825545	0,0393306666667	0,317423209877
12,3	-0,00135205825545	0,0512213333333	0,135675555556
12,35	0,00139194174455	0,0533555555556	-0,0623328395062
12,4	0,00441034174455	0,0448186666667	-0,250855802469
12,45	0,00633114174455	0,0259155555556	-0,382635555556
12,5	0,00715434174455	0,00289644444444	-0,430147407407
12,55	0,00660554174455	-0,0202751111111	-0,39745654321
12,6	0,00495914174455	-0,0393306666667	-0,296504444444
12,65	0,00248954174455	-0,0527457777778	-0,128730864198
12,7	-0,000803258255455	-0,0545751111111	0,0873167901235
12,75	-0,00354725825545	-0,0431417777778	0,283461975309
12,8	-0,00546805825545	-0,0230191111111	0,408127654321
12,85	-0,00601685825545	0,00152444444444	0,442088888889
12,9	-0,00519365825545	0,0240862222222	0,397117777778
12,95	-0,00354725825545	0,043904	0,279904938272
13	-0,000528858255455	0,0560995555556	0,0777466666667
13,05	0,00276394174455	0,0528982222222	-0,148209876543
13,1	0,00523354174455	0,0385684444444	-0,319963950617
13,15	0,00687994174455	0,0170737777778	-0,406772592593
13,2	0,00687994174455	-0,00442088888889	-0,425658765432
13,25	0,00660554174455	-0,0280497777778	-0,375098024691
13,3	0,00386154174455	-0,0463431111111	-0,230021728395
13,35	0,00139194174455	-0,0524408888889	-0,0451404938272
13,4	-0,00162645825545	-0,050764	0,145415061728
13,45	-0,00409605825545	-0,038416	0,333091111111
13,5	-0,00601685825545	-0,0147871111111	0,45318345679
13,55	-0,00574245825545	0,0128053333333	0,446916296296
13,6	-0,00437045825545	0,0336902222222	0,346557037037
13,65	-0,00217525825545	0,0489346666667	0,196314567901
13,7	0,000843141744545	0,0553373333333	0,000254074074073
13,75	0,00386154174455	0,0498493333333	-0,209441728395
13,8	0,00633114174455	0,0326231111111	-0,375775555556
13,85	0,00742874174455	0,008232	-0,449965185185
13,9	0,00715434174455	-0,0167688888889	-0,421254814815
13,95	0,00550794174455	-0,0365866666667	-0,319032345679
14	0,00331274174455	-0,050764	-0,161675802469
14,05	1,99417445452E-005	-0,05488	0,0408212345679
14,1	-0,00272405825545	-0,0463431111111	0,236797037037
14,15	-0,00491925825545	-0,0294217777778	0,388733333333
14,2	-0,00601685825545	-0,00457333333333	0,465124938272
14,25	-0,00546805825545	0,021952	0,428877037037
14,3	-0,00354725825545	0,042532	0,293624938272
14,35	-0,000803258255455	0,0533555555556	0,103831604938
14,4	0,00221514174455	0,0533555555556	-0,0996817283951
14,45	0,00495914174455	0,0426844444444	-0,283207901235
14,5	0,00687994174455	0,0227142222222	-0,408720493827
14,55	0,00742874174455	-0,00198177777778	-0,445307160494
14,6	0,00660554174455	-0,0254582222222	-0,392120987654
14,65	0,00468474174455	-0,043904	-0,267031851852
14,7	0,00194074174455	-0,05488	-0,0785088888889
14,75	-0,00135205825545	-0,0530506666667	0,137708148148
14,8	-0,00382165825545	-0,0399404444444	0,325468888889
14,85	-0,00574245825545	-0,0175311111111	0,441411358025
14,9	-0,00574245825545	0,00884177777778	0,450219259259
14,95	-0,00464485825545	0,0310986666667	0,368407407407
15	-0,00244965825545	0,0481724444444	0,220197530864
15,05	0,000568741744545	0,0553373333333	0,0214269135802
15,1	0,00358714174455	0,0506115555556	-0,183356790123
15,15	0,00605674174455	0,0353671111111	-0,349521234568
15,2	0,00742874174455	0,0126528888889	-0,442258271605
15,25	0,00742874174455	-0,0126528888889	-0,442258271605
15,3	0,00605674174455	-0,0353671111111	-0,34943654321
15,35	0,00358714174455	-0,0506115555556	-0,182848641975
15,4	0,000568741744545	-0,0553373333333	0,0237135802469
15,45	-0,00244965825545	-0,04802	0,224770864198
15,5	-0,00464485825545	-0,0306413333333	0,374335802469
15,55	-0,00574245825545	-0,00746977777778	0,449372345679
15,6	-0,00546805825545	0,0175311111111	0,446662222222
15,65	-0,00382165825545	0,0396355555556	0,374928641975
15,7	-0,00135205825545	0,0570142222222	0,237135802469
15,75	0,00194074174455	0,0690573333333	-0,0160066666667
15,8	0,00660554174455	0,0593008888889	-0,33698691358
15,85	0,00880074174455	0,0292693333333	-0,538298271605
15,9	0,00934954174455	-0,000762222222222	-0,589451851852
15,95	0,00907514174455	-0,0355195555556	-0,493411851852
16	0,00523354174455	-0,057624	-0,244080493827
16,05	0,00221514174455	-0,0580813333333	-0,0139740740741
16,1	-0,000528858255455	-0,0550324444444	0,147617037037
16,15	-0,00354725825545	-0,0442088888889	0,305735802469
16,2	-0,00546805825545	-0,0231715555556	0,422779259259
16,25	-0,00601685825545	0,00198177777778	0,45318345679
16,3	-0,00519365825545	0,0257631111111	0,394322962963
16,35	-0,00327285825545	0,0448186666667	0,253142469136
16,4	-0,000254458255455	0,0532031111111	0,0619940740741
16,45	0,00248954174455	0,0509164444444	-0,130594074074
16,5	0,00523354174455	0,0387208888889	-0,292100493827
16,55	0,00660554174455	0,0198177777778	-0,403639012346
16,6	0,00742874174455	-0,00396355555556	-0,450134567901
16,65	0,00633114174455	-0,0295742222222	-0,394322962963
16,7	0,00413594174455	-0,0477151111111	-0,240692839506
16,75	0,00111754174455	-0,0554897777778	-0,0392967901235
16,8	-0,00190085825545	-0,0513737777778	0,161506419753
16,85	-0,00437045825545	-0,0379586666667	0,32885654321
16,9	-0,00601685825545	-0,0166164444444	0,442851111111
16,95	-0,00629125825545	0,0100613333333	0,46563308642
17	-0,00491925825545	0,0347573333333	0,377130617284
17,05	-0,00244965825545	0,0510688888889	0,206054074074
17,1	0,000568741744545	0,0573191111111	-0,0119414814815
17,15	0,00386154174455	0,0500017777778	-0,228836049383
17,2	0,00605674174455	0,0314035555556	-0,378485679012
17,25	0,00715434174455	0,008232	-0,437684938272
17,3	0,00687994174455	-0,0153968888889	-0,417782469136
17,35	0,00550794174455	-0,0361293333333	-0,329110617284
17,4	0,00303834174455	-0,0509164444444	-0,175903950617
17,45	1,99417445452E-005	-0,0557946666667	0,0254074074074
17,5	-0,00299845825545	-0,0492395555556	0,240862222222
17,55	-0,00546805825545	-0,0298791111111	0,409482716049
17,6	-0,00629125825545	-0,00350622222222	0,470714567901
17,65	-0,00574245825545	0,021952	0,420577283951
17,7	-0,00382165825545	0,0413124444444	0,294725925926
17,75	-0,00135205825545	0,0533555555556	0,117551604938
17,8	0,00194074174455	0,0547275555556	-0,0928217283951
17,85	0,00468474174455	0,0432942222222	-0,283885432099
17,9	0,00660554174455	0,023324	-0,406857283951
17,95	0,00715434174455	-0,000609777777778	-0,447509135802
18	0,00660554174455	-0,0251533333333	-0,396186172839
18,05	0,00441034174455	-0,0442088888889	-0,255259753086
18,1	0,00166634174455	-0,0519835555556	-0,0763916049383
18,15	-0,00107765825545	-0,0515262222222	0,103662222222
18,2	-0,00382165825545	-0,0419222222222	0,281429382716
18,25	-0,00574245825545	-0,021952	0,416935555556
18,3	-0,00629125825545	0,004116	0,454707901235
18,35	-0,00519365825545	0,0278973333333	0,388648641975
18,4	-0,00327285825545	0,0458857777778	0,246621234568
18,45	-0,000254458255455	0,05488	0,0499679012346
18,5	0,00276394174455	0,0512213333333	-0,156255555556
18,55	0,00523354174455	0,0378062222222	-0,328179012346
18,6	0,00687994174455	0,0163115555556	-0,441834814815
18,65	0,00715434174455	-0,010976	-0,449457037037
18,7	0,00550794174455	-0,0330804444444	-0,352654814815
18,75	0,00358714174455	-0,0484773333333	-0,194705432099
18,8	0,000294341744545	-0,0544226666667	0,00482740740741
18,85	-0,00244965825545	-0,0472577777778	0,19165654321
18,9	-0,00464485825545	-0,0332328888889	0,333853333333
18,95	-0,00601685825545	-0,0128053333333	0,434297283951
19	-0,00629125825545	0,0141773333333	0,439802222222
19,05	-0,00437045825545	0,0365866666667	0,327840246914
19,1	-0,00217525825545	0,0490871111111	0,157187160494
19,15	0,000843141744545	0,0528982222222	-0,0331143209877
19,2	0,00358714174455	0,0455808888889	-0,215878271605
19,25	0,00578234174455	0,0291168888889	-0,349944691358
19,3	0,00660554174455	0,00853688888889	-0,426420987654
19,35	0,00687994174455	-0,0163115555556	-0,427267901235
19,4	0,00495914174455	-0,039788	-0,309885679012
19,45	0,00221514174455	-0,0496968888889	-0,131525679012
19,5	-0,000254458255455	-0,052136	0,0459874074074
19,55	-0,00327285825545	-0,0461906666667	0,23840617284
19,6	-0,00546805825545	-0,02744	0,399827901235
19,65	-0,00629125825545	-0,00213422222222	0,466988148148
19,7	-0,00574245825545	0,0243911111111	0,415749876543
19,75	-0,00354725825545	0,043904	0,263220740741
19,8	-0,000803258255455	0,0516786666667	0,0774079012346
19,85	0,00194074174455	0,0504591111111	-0,0947696296296
19,9	0,00441034174455	0,0429893333333	-0,271097037037
19,95	0,00687994174455	0,0224093333333	-0,413378518519
20	0,00687994174455	-0,00350622222222	-0,444544938272
20,05	0,00633114174455	-0,026068	-0,37857037037
20,1	0,00413594174455	-0,0443613333333	-0,237220493827
20,15	0,00139194174455	-0,0513737777778	-0,0554728395062
20,2	-0,00135205825545	-0,049392	0,12263308642
20,25	-0,00382165825545	-0,0391782222222	0,293540246914
20,3	-0,00574245825545	-0,0187506666667	0,421678271605
20,35	-0,00601685825545	0,00807955555556	0,439124691358
20,4	-0,00464485825545	0,0298791111111	0,34901308642
20,45	-0,00272405825545	0,0445137777778	0,207832592593
20,5	1,99417445452E-005	0,0522884444444	0,027355308642
20,55	0,00303834174455	0,04802	-0,166079753086
20,6	0,00523354174455	0,0338426666667	-0,320810864198
20,65	0,00660554174455	0,0138724444444	-0,419476296296
20,7	0,00687994174455	-0,0111284444444	-0,436922716049
20,75	0,00550794174455	-0,0353671111111	-0,334530864198
20,8	0,00276394174455	-0,0478675555556	-0,156679012346
20,85	0,000294341744545	-0,0501542222222	0,0185474074074
20,9	-0,00244965825545	-0,0455808888889	0,185389382716
20,95	-0,00464485825545	-0,0317084444444	0,339951111111
21	-0,00601685825545	-0,00929911111111	0,434466666667
21,05	-0,00574245825545	0,0166164444444	0,419899753086
21,1	-0,00409605825545	0,0371964444444	0,301501234568
21,15	-0,00162645825545	0,0486297777778	0,130509382716
21,2	0,00111754174455	0,050764	-0,0572513580247
21,25	0,00386154174455	0,0426844444444	-0,235611358025
21,3	0,00578234174455	0,0253057777778	-0,366290123457
21,35	0,00660554174455	0,002744	-0,418629382716
21,4	0,00605674174455	-0,0201226666667	-0,38416
21,45	0,00441034174455	-0,0385684444444	-0,27567037037
21,5	0,00194074174455	-0,0501542222222	-0,10806617284
21,55	-0,00107765825545	-0,0506115555556	0,0878249382716
21,6	-0,00354725825545	-0,0405502222222	0,265083950617
21,65	-0,00546805825545	-0,0221044444444	0,391274074074
21,7	-0,00601685825545	0,00213422222222	0,43133308642
21,75	-0,00519365825545	0,0251533333333	0,373742962963
21,8	-0,00327285825545	0,0426844444444	0,238660246914
21,85	-0,000528858255455	0,050764	0,0590298765432
21,9	0,00221514174455	0,0486297777778	-0,124496296296
21,95	0,00468474174455	0,0375013333333	-0,285663950617
22	0,00633114174455	0,017836	-0,390088395062
22,05	0,00660554174455	-0,00503066666667	-0,411091851852
22,1	0,00578234174455	-0,0269826666667	-0,34427037037
22,15	0,00358714174455	-0,0417697777778	-0,215624197531
22,2	0,00139194174455	-0,0501542222222	-0,0469190123457
22,25	-0,00190085825545	-0,0475626666667	0,143297777778
22,3	-0,00382165825545	-0,0341475555556	0,297520740741
22,35	-0,00546805825545	-0,0158542222222	0,399912592593
22,4	-0,00574245825545	0,00914666666667	0,420492592593
22,45	-0,00437045825545	0,0304888888889	0,341475555556
22,5	-0,00244965825545	0,0458857777778	0,195382962963
22,55	0,000568741744545	0,052136	0,000931604938271
22,6	0,00331274174455	0,0458857777778	-0,190979012346
22,65	0,00550794174455	0,0307937777778	-0,333599259259
22,7	0,00660554174455	0,00990888888889	-0,409736790123
22,75	0,00660554174455	-0,0132626666667	-0,405840987654
22,8	0,00523354174455	-0,0346048888889	-0,310732592593
22,85	0,00276394174455	-0,0474102222222	-0,145415061728
22,9	1,99417445452E-005	-0,049392	0,0349775308642
22,95	-0,00244965825545	-0,0432942222222	0,203852098765
23	-0,00464485825545	-0,0286595555556	0,351723209877
23,05	-0,00574245825545	-0,00518311111111	0,426420987654
23,1	-0,00519365825545	0,0190555555556	0,389580246914
23,15	-0,00354725825545	0,0373488888889	0,26796345679
23,2	-0,00107765825545	0,0468004444444	0,112300740741
23,25	0,00139194174455	0,0487822222222	-0,0536096296296
23,3	0,00413594174455	0,0420746666667	-0,226295308642
23,35	0,00605674174455	0,0250008888889	-0,365866666667
23,4	0,00687994174455	0,00213422222222	-0,426251604938
23,45	0,00633114174455	-0,021952	-0,386700740741
23,5	0,00441034174455	-0,0400928888889	-0,26237382716
23,55	0,00194074174455	-0,049392	-0,0992582716049
23,6	-0,000803258255455	-0,050764	0,0849454320988
23,65	-0,00354725825545	-0,0416173333333	0,274484691358
23,7	-0,00546805825545	-0,0214946666667	0,413463209877
23,75	-0,00601685825545	0,00518311111111	0,435821728395
23,8	-0,00464485825545	0,0268302222222	0,34986
23,85	-0,00299845825545	0,0408551111111	0,227057530864
23,9	-0,000528858255455	0,0513737777778	0,0614012345679
23,95	0,00276394174455	0,0484773333333	-0,131102222222
24	0,00468474174455	0,0364342222222	-0,287442469136
24,05	0,00660554174455	0,0182933333333	-0,401352345679
24,1	0,00687994174455	-0,00701244444444	-0,431925925926
24,15	0,00578234174455	-0,0297266666667	-0,354687407407
24,2	0,00358714174455	-0,0454284444444	-0,20410617284
24,25	0,000843141744545	-0,0512213333333	-0,0214269135802
24,3	-0,00190085825545	-0,0477151111111	0,164724691358
24,35	-0,00437045825545	-0,0335377777778	0,320387407407
24,4	-0,00546805825545	-0,0135675555556	0,418798765432
24,45	-0,00601685825545	0,0120431111111	0,427860740741
24,5	-0,00409605825545	0,0341475555556	0,326315802469
24,55	-0,00217525825545	0,0468004444444	0,167350123457
24,6	0,000843141744545	0,0519835555556	-0,0203259259259
24,65	0,00358714174455	0,0443613333333	-0,198770617284
24,7	0,00550794174455	0,030184	-0,332752345679
24,75	0,00687994174455	0,00929911111111	-0,415919259259
24,8	0,00660554174455	-0,0149395555556	-0,413209135802
24,85	0,00523354174455	-0,0358244444444	-0,319879259259
24,9	0,00276394174455	-0,0500017777778	-0,153291358025
24,95	-0,000254458255455	-0,0527457777778	0,0501372839506
25	-0,00299845825545	-0,043904	0,232731851852
25,05	-0,00491925825545	-0,02744	0,365527901235
25,1	-0,00601685825545	-0,00472577777778	0,429723950617
25,15	-0,00546805825545	0,0195128888889	0,400420740741
25,2	-0,00382165825545	0,0385684444444	0,290745432099
25,25	-0,00135205825545	0,050764	0,12432691358
25,3	0,00166634174455	0,0525933333333	-0,0766456790123
25,35	0,00441034174455	0,0426844444444	-0,265253333333
25,4	0,00633114174455	0,023324	-0,391358765432
25,45	0,00687994174455	0	-0,431671851852
25,5	0,00633114174455	-0,0231715555556	-0,387208888889
25,55	0,00441034174455	-0,0422271111111	-0,259494320988
25,6	0,00166634174455	-0,0512213333333	-0,0794404938272
25,65	-0,00107765825545	-0,0506115555556	0,113486419753
25,7	-0,00382165825545	-0,0394831111111	0,291084197531
25,75	-0,00546805825545	-0,0185982222222	0,401182962963
25,8	-0,00574245825545	0,00457333333333	0,421254814815
25,85	-0,00491925825545	0,0262204444444	0,367899259259
25,9	-0,00299845825545	0,043904	0,246790617284
25,95	-0,000254458255455	0,0541177777778	0,0569972839506
26	0,00303834174455	0,0506115555556	-0,154731111111
26,05	0,00523354174455	0,0364342222222	-0,321911851852
26,1	0,00687994174455	0,0161591111111	-0,427606666667
26,15	0,00715434174455	-0,00990888888889	-0,442681728395
26,2	0,00578234174455	-0,0333853333333	-0,342407160494
26,25	0,00331274174455	-0,0464955555556	-0,180816049383
26,3	0,000843141744545	-0,0515262222222	-0,00609777777778
26,35	-0,00217525825545	-0,0475626666667	0,174718271605
26,4	-0,00437045825545	-0,0330804444444	0,327332098765
26,45	-0,00574245825545	-0,0121955555556	0,416342716049
26,5	-0,00574245825545	0,0121955555556	0,418121234568
26,55	-0,00437045825545	0,0332328888889	0,331820740741
26,6	-0,00217525825545	0,04802	0,18005382716
26,65	0,000843141744545	0,0528982222222	-0,0113486419753
26,7	0,00358714174455	0,0464955555556	-0,19724617284
26,75	0,00578234174455	0,0320133333333	-0,352146666667
26,8	0,00715434174455	0,00914666666667	-0,447085679012
26,85	0,00687994174455	-0,0172262222222	-0,436583950617
26,9	0,00523354174455	-0,0393306666667	-0,31683037037
26,95	0,00248954174455	-0,0512213333333	-0,135590864198
27	-0,000254458255455	-0,0533555555556	0,0624175308642
27,05	-0,00327285825545	-0,0448186666667	0,251363950617
27,1	-0,00519365825545	-0,0259155555556	0,384837530864
27,15	-0,00601685825545	-0,002744	0,434127901235
27,2	-0,00546805825545	0,0207324444444	0,399912592593
27,25	-0,00382165825545	0,0405502222222	0,284139506173
27,3	-0,00107765825545	0,052136	0,101544938272
27,35	0,00194074174455	0,0512213333333	-0,0954471604938
27,4	0,00441034174455	0,0410075555556	-0,260595308642
27,45	0,00633114174455	0,0231715555556	-0,376622469136
27,5	0,00687994174455	0,00121955555556	-0,432264691358
27,55	0,00660554174455	-0,023324	-0,404994074074
27,6	0,00441034174455	-0,0440564444444	-0,272113333333
27,65	0,00166634174455	-0,0532031111111	-0,0757987654321
27,7	-0,00135205825545	-0,0513737777778	0,123649382716
27,75	-0,00382165825545	-0,0399404444444	0,298706419753
27,8	-0,00574245825545	-0,0195128888889	0,419137530864
27,85	-0,00601685825545	0,00625022222222	0,441750123457
27,9	-0,00491925825545	0,0285071111111	0,370185925926
27,95	-0,00299845825545	0,0458857777778	0,229005432099
28	1,99417445452E-005	0,0541177777778	0,0301501234568
28,05	0,00303834174455	0,0487822222222	-0,167519506173
28,1	0,00523354174455	0,0346048888889	-0,310478518519
28,15	0,00660554174455	0,0161591111111	-0,406518518519
28,2	0,00715434174455	-0,008232	-0,439717530864
28,25	0,00578234174455	-0,0323182222222	-0,36959308642
28,3	0,00358714174455	-0,0487822222222	-0,21308345679
28,35	0,000568741744545	-0,056252	0,00287950617284
28,4	-0,00272405825545	-0,0484773333333	0,218588395062
28,45	-0,00464485825545	-0,0312511111111	0,366882962963
28,5	-0,00601685825545	-0,00899422222222	0,441241975309
28,55	-0,00574245825545	0,0167688888889	0,419815061728
28,6	-0,00409605825545	0,0371964444444	0,302940987654
28,65	-0,00162645825545	0,0487822222222	0,138131604938
28,7	0,00111754174455	0,0513737777778	-0,0416681481482
28,75	0,00386154174455	0,0448186666667	-0,220451604938
28,8	0,00605674174455	0,0278973333333	-0,361293333333
28,85	0,00687994174455	0,00533555555556	-0,424388395062
28,9	0,00660554174455	-0,0179884444444	-0,402876790123
28,95	0,00495914174455	-0,0381111111111	-0,302178765432
29	0,00248954174455	-0,050764	-0,138724444444
29,05	-0,000528858255455	-0,0533555555556	0,0592839506173
29,1	-0,00327285825545	-0,0449711111111	0,256868888889
29,15	-0,00546805825545	-0,0262204444444	0,412277530864
29,2	-0,00629125825545	0,000914666666667	0,462330123457
29,25	-0,00519365825545	0,0250008888889	0,397625925926
29,3	-0,00354725825545	0,0432942222222	0,26195037037
29,35	-0,000528858255455	0,0530506666667	0,0775772839506
29,4	0,00221514174455	0,0515262222222	-0,119160740741
29,45	0,00495914174455	0,0410075555556	-0,304550123457
29,5	0,00687994174455	0,0184457777778	-0,425404691358
29,55	0,00687994174455	-0,00655511111111	-0,434466666667
29,6	0,00605674174455	-0,0283546666667	-0,358329135802
29,65	0,00386154174455	-0,0449711111111	-0,216301728395
29,7	0,00111754174455	-0,0513737777778	-0,0387886419753
29,75	-0,00162645825545	-0,0487822222222	0,141942716049
29,8	-0,00409605825545	-0,037044	0,312172345679
29,85	-0,00574245825545	-0,0160066666667	0,434212592593
29,9	-0,00601685825545	0,0112808888889	0,446154074074
29,95	-0,00437045825545	0,0339951111111	0,338003209877
30	-0,00217525825545	0,0469528888889	0,173532592593
30,05	0,000568741744545	0,0522884444444	-0,0164301234568
30,1	0,00358714174455	0,0454284444444	-0,203343950617
30,15	0,00550794174455	0,0292693333333	-0,332074814815
30,2	0,00660554174455	0,009604	-0,396524938272
30,25	0,00660554174455	-0,0128053333333	-0,396524938272
30,3	0,00523354174455	-0,0330804444444	-0,322504691358
30,35	0,00303834174455	-0,0472577777778	-0,188692345679
30,4	0,000294341744545	-0,0545751111111	0,00389580246914
30,45	-0,00299845825545	-0,0486297777778	0,226210617284
30,5	-0,00519365825545	-0,0291168888889	0,388987407407
30,55	-0,00601685825545	-0,00533555555556	0,452929382716
30,6	-0,00574245825545	0,019208	0,431163703704
30,65	-0,00409605825545	0,0419222222222	0,310817283951
30,7	-0,00107765825545	0,0541177777778	0,108320246914
30,75	0,00194074174455	0,0524408888889	-0,0975644444444
30,8	0,00441034174455	0,0428368888889	-0,271181728395
30,85	0,00660554174455	0,0240862222222	-0,402453333333
30,9	0,00715434174455	-0,001372	-0,441411358025
30,95	0,00633114174455	-0,0245435555556	-0,379501975309
31	0,00441034174455	-0,0414648888889	-0,256868888889
31,05	0,00194074174455	-0,0515262222222	-0,0947696296296
31,1	-0,00107765825545	-0,0525933333333	0,101375555556
31,15	-0,00382165825545	-0,0417697777778	0,297266666667
31,2	-0,00574245825545	-0,0201226666667	0,428707654321
31,25	-0,00601685825545	0,00609777777778	0,449202962963
31,3	-0,00491925825545	0,0285071111111	0,376283703704
31,35	-0,00299845825545	0,0460382222222	0,23882962963
31,4	1,99417445452E-005	0,05488	0,0452251851852
31,45	0,00303834174455	0,0510688888889	-0,159558518519
31,5	0,00550794174455	0,0375013333333	-0,330889135802
31,55	0,00715434174455	0,0152444444444	-0,434297283951
31,6	0,00715434174455	-0,00990888888889	-0,442681728395
31,65	0,00605674174455	-0,0327755555556	-0,359345432099
31,7	0,00358714174455	-0,0486297777778	-0,204190864198
31,75	0,000843141744545	-0,0551848888889	-0,00262543209877
31,8	-0,00244965825545	-0,0495444444444	0,209102962963
31,85	-0,00464485825545	-0,0317084444444	0,364596296296
31,9	-0,00574245825545	-0,009604	0,436838024691
31,95	-0,00574245825545	0,0152444444444	0,424557777778
32	-0,00409605825545	0,0368915555556	0,318524197531
32,05	-0,00162645825545	0,0492395555556	0,15608617284
32,1	0,00111754174455	0,0533555555556	-0,0315898765432
32,15	0,00413594174455	0,0468004444444	-0,227735061728
32,2	0,00633114174455	0,0285071111111	-0,374589876543
32,25	0,00715434174455	0,005488	-0,434720740741
32,3	0,00687994174455	-0,0181408888889	-0,413209135803
32,35	0,00523354174455	-0,0387208888889	-0,315644691358
32,4	0,00276394174455	-0,0527457777778	-0,147024197531
32,45	-0,000528858255455	-0,0553373333333	0,0647041975309
32,5	-0,00327285825545	-0,0457333333333	0,265168641975
32,55	-0,00546805825545	-0,0268302222222	0,414902962963
32,6	-0,00629125825545	-0,000457333333333	0,472577777778
32,65	-0,00546805825545	0,0251533333333	0,418375308642
32,7	-0,00354725825545	0,0451235555556	0,273637777778
32,75	-0,000528858255455	0,05488	0,0728345679012
32,8	0,00248954174455	0,0519835555556	-0,124835061728
32,85	0,00495914174455	0,0408551111111	-0,289305679012
32,9	0,00687994174455	0,0217995555556	-0,413209135803
32,95	0,00742874174455	-0,00335377777778	-0,461059753086
33	0,00660554174455	-0,0292693333333	-0,396779012346
33,05	0,00413594174455	-0,0472577777778	-0,235950123457
33,1	0,00139194174455	-0,0539653333333	-0,0405671604938
33,15	-0,00162645825545	-0,0509164444444	0,150327160494
33,2	-0,00409605825545	-0,0379586666667	0,313781481482
33,25	-0,00574245825545	-0,0173786666667	0,421508888889
33,3	-0,00601685825545	0,00762222222222	0,444714320988
33,35	-0,00491925825545	0,0309462222222	0,373912345679
33,4	-0,00272405825545	0,0489346666667	0,214269135802
33,45	0,000568741744545	0,0539653333333	0,0133812345679
33,5	0,00303834174455	0,0492395555556	-0,172516296296
33,55	0,00578234174455	0,0362817777778	-0,339019506173
33,6	0,00715434174455	0,0129577777778	-0,442935802469
33,65	0,00715434174455	-0,0125004444444	-0,444036790124
33,7	0,00578234174455	-0,0353671111111	-0,348928395062
33,75	0,00331274174455	-0,0504591111111	-0,178698765432
33,8	0,000294341744545	-0,05488	0,0290491358025
33,85	-0,00272405825545	-0,046648	0,220197530864
33,9	-0,00464485825545	-0,0306413333333	0,360531111111
33,95	-0,00601685825545	-0,00868933333333	0,44420617284
34	-0,00574245825545	0,0175311111111	0,434974814815
34,05	-0,00409605825545	0,0396355555556	0,318100740741
34,1	-0,00135205825545	0,0522884444444	0,131525679012
34,15	0,00166634174455	0,0525933333333	-0,0629256790124
34,2	0,00413594174455	0,045276	-0,240777530864
34,25	0,00660554174455	0,0282022222222	-0,395000493827
34,3	0,00742874174455	0,00167688888889	-0,455978271605
34,35	0,00660554174455	-0,0224093333333	-0,404824691358
34,4	0,00495914174455	-0,0413124444444	-0,283292592593
34,45	0,00221514174455	-0,0528982222222	-0,106795802469
34,5	-0,000803258255455	-0,0532031111111	0,0956165432099
34,55	-0,00354725825545	-0,0426844444444	0,280921234568
34,6	-0,00546805825545	-0,0227142222222	0,407619506173
34,65	-0,00601685825545	0,00198177777778	0,442342962963
34,7	-0,00519365825545	0,0253057777778	0,384752839506
34,75	-0,00327285825545	0,0432942222222	0,254836296296
34,8	-0,000528858255455	0,0528982222222	0,0735967901235
34,85	0,00248954174455	0,0512213333333	-0,12305654321
34,9	0,00495914174455	0,0399404444444	-0,302094074074
34,95	0,00687994174455	0,019208	-0,430147407407
35	0,00715434174455	-0,00731733333333	-0,457079259259
35,05	0,00605674174455	-0,0317084444444	-0,366290123457
35,1	0,00358714174455	-0,0472577777778	-0,197161481482
35,15	0,000843141744545	-0,0516786666667	-0,0113486419753
35,2	-0,00190085825545	-0,0472577777778	0,156255555556
35,25	-0,00409605825545	-0,0361293333333	0,313188641975
35,3	-0,00601685825545	-0,0144822222222	0,42489654321
35,35	-0,00574245825545	0,0112808888889	0,429639259259
35,4	-0,00464485825545	0,0326231111111	0,338087901235
35,45	-0,00217525825545	0,0468004444444	0,193096296296
35,5	0,000294341744545	0,0533555555556	0,0107558024691
35,55	0,00358714174455	0,0492395555556	-0,193773827161
35,6	0,00578234174455	0,0326231111111	-0,363071851852
35,65	0,00715434174455	0,00868933333333	-0,438870617284
35,7	0,00660554174455	-0,0152444444444	-0,418205925926
35,75	0,00550794174455	-0,0359768888889	-0,321064938272
35,8	0,00276394174455	-0,0501542222222	-0,156763703704
35,85	1,99417445452E-005	-0,0532031111111	0,0429385185185
35,9	-0,00299845825545	-0,0454284444444	0,233324691358
35,95	-0,00491925825545	-0,0278973333333	0,375352098765
36	-0,00601685825545	-0,00472577777778	0,438362469136
36,05	-0,00546805825545	0,0199702222222	0,403554320988
36,1	-0,00382165825545	0,0396355555556	0,276940740741
36,15	-0,00107765825545	0,0498493333333	0,0978185185185
36,2	0,00166634174455	0,0484773333333	-0,0737661728395
36,25	0,00386154174455	0,0420746666667	-0,233155308642
36,3	0,00633114174455	0,0254582222222	-0,379586666667
36,35	0,00687994174455	-0,000304888888889	-0,429893333333
36,4	0,00605674174455	-0,0224093333333	-0,372811358025
36,45	0,00441034174455	-0,0393306666667	-0,25940962963
36,5	0,00194074174455	-0,0503066666667	-0,095870617284
36,55	-0,00107765825545	-0,0504591111111	0,0985807407408
36,6	-0,00354725825545	-0,0399404444444	0,278634567901
36,65	-0,00546805825545	-0,0201226666667	0,399658518519
36,7	-0,00574245825545	0,004116	0,426420987654
36,75	-0,00491925825545	0,0259155555556	0,367645185185
36,8	-0,00299845825545	0,0434466666667	0,239930617284
36,85	-0,000254458255455	0,0525933333333	0,0506454320988
36,9	0,00276394174455	0,0496968888889	-0,160659506173
36,95	0,00523354174455	0,0349097777778	-0,332752345679
37	0,00660554174455	0,0120431111111	-0,409313333333
37,05	0,00633114174455	-0,00990888888889	-0,392629135803
37,1	0,00550794174455	-0,0291168888889	-0,317761975309
37,15	0,00331274174455	-0,0443613333333	-0,181239506173
37,2	0,000568741744545	-0,0487822222222	-0,0088925925926
37,25	-0,00190085825545	-0,0445137777778	0,155323950617
37,3	-0,00409605825545	-0,0333853333333	0,312680493827
37,35	-0,00574245825545	-0,0117382222222	0,423456790124
37,4	-0,00546805825545	0,0140248888889	0,422609876543
37,45	-0,00409605825545	0,0350622222222	0,316745679012
37,5	-0,00162645825545	0,04802	0,149056790123
37,55	0,00111754174455	0,050764	-0,04116
37,6	0,00386154174455	0,0432942222222	-0,216979259259
37,65	0,00578234174455	0,02744	-0,350537530864
37,7	0,00687994174455	0,00533555555556	-0,413463209877
37,75	0,00633114174455	-0,0175311111111	-0,38932617284
37,8	0,00495914174455	-0,0364342222222	-0,291422962963
37,85	0,00248954174455	-0,0495444444444	-0,126782962963
37,9	-0,000528858255455	-0,0506115555556	0,0712254320988
37,95	-0,00299845825545	-0,04116	0,244080493827
38	-0,00491925825545	-0,0243911111111	0,37044
38,05	-0,00574245825545	-0,000914666666667	0,418544691358
38,1	-0,00491925825545	0,0210373333333	0,379417283951
38,15	-0,00354725825545	0,0400928888889	0,264491111111
38,2	-0,000528858255455	0,0501542222222	0,0878249382716
38,25	0,00194074174455	0,0490871111111	-0,0985807407408
38,3	0,00468474174455	0,0396355555556	-0,268048148148
38,35	0,00633114174455	0,0204275555556	-0,388987407407
38,4	0,00687994174455	-0,002744	-0,425828148148
38,45	0,00605674174455	-0,0257631111111	-0,372896049383
38,5	0,00413594174455	-0,0440564444444	-0,228158518519
38,55	0,00111754174455	-0,0506115555556	-0,0351469135803
38,6	-0,00135205825545	-0,046648	0,14490691358
38,65	-0,00382165825545	-0,0349097777778	0,29370962963
38,7	-0,00519365825545	-0,0152444444444	0,388394567901
38,75	-0,00546805825545	0,00731733333333	0,403384938272
38,8	-0,00437045825545	0,0282022222222	0,340628641975
38,85	-0,00244965825545	0,043904	0,21138962963
38,9	0,000294341744545	0,0519835555556	0,024052345679
38,95	0,00331274174455	0,0472577777778	-0,179715061728
39	0,00550794174455	0,0314035555556	-0,328687160494
39,05	0,00660554174455	0,0108235555556	-0,39745654321
39,1	0,00660554174455	-0,0108235555556	-0,398049382716
39,15	0,00550794174455	-0,0314035555556	-0,332074814815
39,2	0,00331274174455	-0,0474102222222	-0,189369876543
39,25	0,000294341744545	-0,0527457777778	0,00728345679012
39,3	-0,00244965825545	-0,0463431111111	0,201311358025
39,35	-0,00464485825545	-0,0314035555556	0,361293333333
39,4	-0,00601685825545	-0,00731733333333	0,446154074074
39,45	-0,00546805825545	0,0185982222222	0,410922469136
39,5	-0,00382165825545	0,0376537777778	0,284393580247
39,55	-0,00135205825545	0,0483248888889	0,118229135802
39,6	0,00139194174455	0,049392	-0,0527627160494
39,65	0,00386154174455	0,0428368888889	-0,216132345679
39,7	0,00605674174455	0,0271351111111	-0,35544962963
39,75	0,00687994174455	0,00457333333333	-0,426759753086
39,8	0,00660554174455	-0,0198177777778	-0,399658518519
39,85	0,00468474174455	-0,0394831111111	-0,278211111111
39,9	0,00221514174455	-0,0492395555556	-0,110776296296
39,95	-0,000528858255455	-0,0509164444444	0,0713101234568
40	-0,00327285825545	-0,0423795555556	0,252380246914
40,05	-0,00519365825545	-0,0242386666667	0,393052592593
40,1	-0,00601685825545	0,00106711111111	0,440733827161
40,15	-0,00491925825545	0,0237813333333	0,391358765432
40,2	-0,00354725825545	0,0431417777778	0,265168641975
40,25	-0,000254458255455	0,0536604444444	0,0670755555556
40,3	0,00248954174455	0,0496968888889	-0,132457283951
40,35	0,00495914174455	0,0382635555556	-0,288204691358
40,4	0,00660554174455	0,0193604444444	-0,397795308642
40,45	0,00715434174455	-0,00472577777778	-0,428453580247
40,5	0,00605674174455	-0,02744	-0,368068641975
40,55	0,00413594174455	-0,0440564444444	-0,240608148148
40,6	0,00139194174455	-0,0533555555556	-0,065127654321
40,65	-0,00162645825545	-0,052136	0,141688641975
40,7	-0,00437045825545	-0,0382635555556	0,325722962963
40,75	-0,00574245825545	-0,0167688888889	0,441496049383
40,8	-0,00629125825545	0,00990888888889	0,459365925926
40,85	-0,00464485825545	0,0341475555556	0,362394320988
40,9	-0,00244965825545	0,0489346666667	0,193435061728
40,95	0,000568741744545	0,05488	-0,0112639506173
41	0,00358714174455	0,0478675555556	-0,21266
41,05	0,00578234174455	0,0309462222222	-0,353586419753
41,1	0,00687994174455	0,00884177777778	-0,412192839506
41,15	0,00660554174455	-0,0129577777778	-0,400759506173
41,2	0,00550794174455	-0,0327755555556	-0,336648148148
41,25	0,00331274174455	-0,0500017777778	-0,194366666667
41,3	1,99417445452E-005	-0,0560995555556	0,0257461728395
41,35	-0,00299845825545	-0,0468004444444	0,237135802469
41,4	-0,00491925825545	-0,0295742222222	0,38500691358
41,45	-0,00629125825545	-0,00503066666667	0,449795802469
41,5	-0,00546805825545	0,0204275555556	0,401775802469
41,55	-0,00382165825545	0,0375013333333	0,28896691358
41,6	-0,00162645825545	0,0506115555556	0,134998024691
41,65	0,00166634174455	0,0530506666667	-0,0610624691358
41,7	0,00413594174455	0,0446662222222	-0,255598518519
41,75	0,00660554174455	0,0253057777778	-0,398134074074
41,8	0,00687994174455	0,000609777777778	-0,442088888889
41,85	0,00660554174455	-0,0228666666667	-0,390257777778
41,9	0,00441034174455	-0,0417697777778	-0,258054567901
41,95	0,00194074174455	-0,0498493333333	-0,0898575308642
42	-0,000803258255455	-0,0509164444444	0,0878249382716
42,05	-0,00354725825545	-0,0417697777778	0,270504197531
42,1	-0,00546805825545	-0,0221044444444	0,405925679012
42,15	-0,00601685825545	0,00350622222222	0,438531851852
42,2	-0,00491925825545	0,0257631111111	0,373997037037
42,25	-0,00327285825545	0,0432942222222	0,244588641975
42,3	-0,000254458255455	0,0524408888889	0,0636032098766
42,35	0,00248954174455	0,0496968888889	-0,12305654321
42,4	0,00495914174455	0,0394831111111	-0,292269876543
42,45	0,00687994174455	0,019208	-0,421085432099
42,5	0,00715434174455	-0,00686	-0,452167160494
42,55	0,00605674174455	-0,0304888888889	-0,377808148148
42,6	0,00386154174455	-0,0478675555556	-0,222822962963
42,65	0,000843141744545	-0,05488	-0,0184627160494
42,7	-0,00217525825545	-0,0492395555556	0,179884444444
42,75	-0,00437045825545	-0,0352146666667	0,338003209877
42,8	-0,00601685825545	-0,0135675555556	0,439632839506
42,85	-0,00601685825545	0,0134151111111	0,435059506173
42,9	-0,00437045825545	0,0346048888889	0,325892345679
42,95	-0,00217525825545	0,0472577777778	0,172939753086
43	0,000568741744545	0,0528982222222	-0,0071987654321
43,05	0,00358714174455	0,0474102222222	-0,199194074074
43,1	0,00578234174455	0,0310986666667	-0,347827407407
43,15	0,00687994174455	0,009604	-0,424303703704
43,2	0,00687994174455	-0,0147871111111	-0,415749876543
43,25	0,00523354174455	-0,0355195555556	-0,320641481482
43,3	0,00303834174455	-0,0490871111111	-0,166333827161
43,35	1,99417445452E-005	-0,0542702222222	0,0343
43,4	-0,00299845825545	-0,0457333333333	0,233578765432
43,45	-0,00491925825545	-0,0282022222222	0,373658271605
43,5	-0,00601685825545	-0,00518311111111	0,435906419753
43,55	-0,00546805825545	0,0185982222222	0,413717283951
43,6	-0,00409605825545	0,0399404444444	0,302178765432
43,65	-0,00107765825545	0,052136	0,116281234568
43,7	0,00166634174455	0,0518311111111	-0,0829975308642
43,75	0,00441034174455	0,0428368888889	-0,26152691358
43,8	0,00633114174455	0,0243911111111	-0,399235061728
43,85	0,00715434174455	-0,000457333333333	-0,452929382716
43,9	0,00633114174455	-0,026068	-0,39144345679
43,95	0,00413594174455	-0,0431417777778	-0,244503950617
44	0,00166634174455	-0,0513737777778	-0,0669908641975
44,05	-0,00135205825545	-0,0503066666667	0,121362716049
44,1	-0,00382165825545	-0,038416	0,28727308642
44,15	-0,00546805825545	-0,0195128888889	0,401098271605
44,2	-0,00601685825545	0,00487822222222	0,436668641975
44,25	-0,00491925825545	0,0280497777778	0,37814691358
44,3	-0,00299845825545	0,0458857777778	0,239930617284
44,35	1,99417445452E-005	0,0547275555556	0,0399743209877
44,4	0,00303834174455	0,0504591111111	-0,171838765432
44,45	0,00550794174455	0,0355195555556	-0,338426666667
44,5	0,00687994174455	0,0132626666667	-0,425912839506
44,55	0,00687994174455	-0,0105186666667	-0,426675061728
44,6	0,00578234174455	-0,0327755555556	-0,343254074074
44,65	0,00331274174455	-0,0478675555556	-0,189115802469
44,7	0,000568741744545	-0,0530506666667	-0,000931604938272
44,75	-0,00244965825545	-0,0472577777778	0,178868148148
44,8	-0,00437045825545	-0,0344524444444	0,33656345679
44,85	-0,00629125825545	-0,0126528888889	0,454284444444
44,9	-0,00601685825545	0,0161591111111	0,454877283951
44,95	-0,00437045825545	0,0388733333333	0,325384197531
45	-0,00162645825545	0,050764	0,138385679012
45,05	0,00111754174455	0,052136	-0,0487822222222
45,1	0,00386154174455	0,0454284444444	-0,222907654321
45,15	0,00605674174455	0,0292693333333	-0,371625679012
45,2	0,00715434174455	0,00518311111111	-0,44547654321
45,25	0,00660554174455	-0,0198177777778	-0,415580493827
45,3	0,00495914174455	-0,0400928888889	-0,29582691358
45,35	0,00221514174455	-0,0513737777778	-0,121701481481
45,4	-0,000528858255455	-0,0532031111111	0,0768150617284
45,45	-0,00354725825545	-0,0440564444444	0,275077530864
45,5	-0,00546805825545	-0,0231715555556	0,412277530864
45,55	-0,00601685825545	0,00182933333333	0,444036790124
45,6	-0,00519365825545	0,0251533333333	0,379586666667
45,65	-0,00327285825545	0,0426844444444	0,242556049383
45,7	-0,000528858255455	0,0509164444444	0,0660592592593
45,75	0,00221514174455	0,0492395555556	-0,114672098765
45,8	0,00468474174455	0,0393306666667	-0,285918024691
45,85	0,00660554174455	0,019208	-0,413039753086
45,9	0,00687994174455	-0,00655511111111	-0,437261481482
45,95	0,00578234174455	-0,0292693333333	-0,354518024691
46	0,00358714174455	-0,0440564444444	-0,21266
46,05	0,00111754174455	-0,0513737777778	-0,0427691358025
46,1	-0,00190085825545	-0,0495444444444	0,148633333333
46,15	-0,00437045825545	-0,035672	0,316491604938
46,2	-0,00574245825545	-0,0149395555556	0,416258024691
46,25	-0,00601685825545	0,009604	0,428368888889
46,3	-0,00464485825545	0,0312511111111	0,354941481482
46,35	-0,00272405825545	0,04802	0,208679506173
46,4	0,000568741744545	0,0547275555556	0,00508148148148
46,45	0,00331274174455	0,0484773333333	-0,19851654321
46,5	0,00578234174455	0,0327755555556	-0,354094567901
46,55	0,00687994174455	0,0100613333333	-0,434805432099
46,6	0,00687994174455	-0,0146346666667	-0,422017037037
46,65	0,00523354174455	-0,0355195555556	-0,326061728395
46,7	0,00303834174455	-0,0492395555556	-0,174718271605
46,75	1,99417445452E-005	-0,05488	0,0197330864198
46,8	-0,00299845825545	-0,0478675555556	0,224178024691
46,85	-0,00519365825545	-0,0304888888889	0,383482469136
46,9	-0,00629125825545	-0,00655511111111	0,466649382716
46,95	-0,00601685825545	0,0204275555556	0,444799012346
47	-0,00409605825545	0,0432942222222	0,304804197531
47,05	-0,00107765825545	0,0533555555556	0,104000987654
47,1	0,00166634174455	0,0525933333333	-0,0863004938272
47,15	0,00441034174455	0,0443613333333	-0,262458518519
47,2	0,00660554174455	0,0251533333333	-0,400251358025
47,25	0,00715434174455	0,000457333333333	-0,448101975309
47,3	0,00660554174455	-0,0234764444444	-0,403130864198
47,35	0,00468474174455	-0,0437515555556	-0,268048148148
47,4	0,00166634174455	-0,0519835555556	-0,0870627160494
47,45	-0,000803258255455	-0,0519835555556	0,0940920987654
47,5	-0,00382165825545	-0,0434466666667	0,283800740741
47,55	-0,00574245825545	-0,0222568888889	0,431925925926
47,6	-0,00629125825545	0,00457333333333	0,471984938272
47,65	-0,00519365825545	0,0298791111111	0,395847407407
47,7	-0,00299845825545	0,0477151111111	0,232054320988
47,75	1,99417445452E-005	0,05488	0,0250686419753
47,8	0,00303834174455	0,049392	-0,168451111111
47,85	0,00523354174455	0,0359768888889	-0,315390617284
47,9	0,00687994174455	0,0163115555556	-0,414564197531
47,95	0,00715434174455	-0,00899422222222	-0,429893333333
48	0,00578234174455	-0,0306413333333	-0,352654814815
48,05	0,00386154174455	-0,0464955555556	-0,214438518519
48,1	0,000843141744545	-0,0544226666667	-0,0235441975309
48,15	-0,00217525825545	-0,0490871111111	0,173786666667
48,2	-0,00437045825545	-0,0353671111111	0,334530864198
48,25	-0,00601685825545	-0,0138724444444	0,443528641975
48,3	-0,00601685825545	0,0128053333333	0,457418024691
48,35	-0,00464485825545	0,037044	0,354263950617
48,4	-0,00190085825545	0,0519835555556	0,16464
48,45	0,00111754174455	0,0539653333333	-0,0437007407407
48,5	0,00386154174455	0,0461906666667	-0,224347407407
48,55	0,00605674174455	0,0300315555556	-0,363325925926
48,6	0,00715434174455	0,00731733333333	-0,435991111111
48,65	0,00687994174455	-0,0173786666667	-0,418714074074
48,7	0,00523354174455	-0,0381111111111	-0,315051851852
48,75	0,00276394174455	-0,0512213333333	-0,15092
48,8	-0,000254458255455	-0,05488	0,0511535802469
48,85	-0,00327285825545	-0,0458857777778	0,24738345679
48,9	-0,00519365825545	-0,0278973333333	0,391612839506
48,95	-0,00629125825545	-0,00396355555556	0,462499506173
49	-0,00574245825545	0,0225617777778	0,430824938272
49,05	-0,00382165825545	0,0440564444444	0,288035308642
49,1	-0,000803258255455	0,0536604444444	0,0868933333333
49,15	0,00194074174455	0,0527457777778	-0,117551604938
49,2	0,00495914174455	0,0405502222222	-0,28896691358
49,25	0,00633114174455	0,0202751111111	-0,38331308642
49,3	0,00687994174455	0,000304888888889	-0,421678271605
49,35	0,00660554174455	-0,0237813333333	-0,399997283951
49,4	0,00441034174455	-0,0445137777778	-0,273299012346
49,45	0,00166634174455	-0,0545751111111	-0,071987654321
49,5	-0,00162645825545	-0,0515262222222	0,134659259259
49,55	-0,00382165825545	-0,0390257777778	0,298452345679
49,6	-0,00574245825545	-0,0204275555556	0,418968148148
49,65	-0,00629125825545	0,00640266666667	0,453098765432
49,7	-0,00491925825545	0,0298791111111	0,375267407407
49,75	-0,00299845825545	0,0464955555556	0,227735061728
49,8	1,99417445452E-005	0,0547275555556	0,030742962963
49,85	0,00303834174455	0,0501542222222	-0,175480493827
49,9	0,00550794174455	0,0346048888889	-0,329110617284
49,95	0,00660554174455	0,0146346666667	-0,418121234568
50	0,00715434174455	-0,00929911111111	-0,442512345679
50,05	0,00578234174455	-0,0341475555556	-0,363071851852
50,1	0,00331274174455	-0,0498493333333	-0,190132098765
50,15	0,000294341744545	-0,0539653333333	0,0105017283951
50,2	-0,00244965825545	-0,0481724444444	0,20021037037
50,25	-0,00491925825545	-0,0326231111111	0,352739506173
50,3	-0,00601685825545	-0,0100613333333	0,434805432099
50,35	-0,00601685825545	0,0147871111111	0,423372098765
50,4	-0,00437045825545	0,0358244444444	0,324283209877
50,45	-0,00217525825545	0,0500017777778	0,15862691358
50,5	0,00111754174455	0,0530506666667	-0,0404824691358
50,55	0,00358714174455	0,0448186666667	-0,220112839506
50,6	0,00578234174455	0,0303364444444	-0,372303209877
50,65	0,00715434174455	0,00503066666667	-0,454623209877
50,7	0,00633114174455	-0,0210373333333	-0,409059259259
50,75	0,00468474174455	-0,039788	-0,272790864198
50,8	0,00194074174455	-0,0490871111111	-0,104678518519
50,85	-0,000528858255455	-0,0498493333333	0,0629256790124
50,9	-0,00327285825545	-0,0435991111111	0,237643950617
50,95	-0,00546805825545	-0,0251533333333	0,382550864198
51	-0,00601685825545	-0,00106711111111	0,433958518519
51,05	-0,00546805825545	0,0216471111111	0,398642222222
51,1	-0,00382165825545	0,0422271111111	0,277618271605
51,15	-0,000803258255455	0,0525933333333	0,0850301234568
51,2	0,00194074174455	0,0510688888889	-0,119160740741
51,25	0,00468474174455	0,0396355555556	-0,297266666667
51,3	0,00633114174455	0,0184457777778	-0,404655308642
51,35	0,00660554174455	-0,00487822222222	-0,417359012346
51,4	0,00578234174455	-0,0268302222222	-0,345540740741
51,45	0,00358714174455	-0,0414648888889	-0,218334320988
51,5	0,00139194174455	-0,049392	-0,0647888888889
51,55	-0,00162645825545	-0,0495444444444	0,120685185185
51,6	-0,00409605825545	-0,0375013333333	0,302432839506
51,65	-0,00574245825545	-0,0167688888889	0,422694567901
51,7	-0,00601685825545	0,00929911111111	0,438447160494
51,75	-0,00464485825545	0,0318608888889	0,344439753086
51,8	-0,00244965825545	0,0460382222222	0,188522962963
51,85	0,000294341744545	0,0513737777778	0,00880790123457
51,9	0,00303834174455	0,0474102222222	-0,17793654321
51,95	0,00550794174455	0,0326231111111	-0,336817530864
52	0,00660554174455	0,0105186666667	-0,420746666667
52,05	0,00660554174455	-0,0131102222222	-0,415157037037
52,1	0,00523354174455	-0,0347573333333	-0,318778271605
52,15	0,00276394174455	-0,0478675555556	-0,154731111111
52,2	1,99417445452E-005	-0,0509164444444	0,0302348148148
52,25	-0,00272405825545	-0,0440564444444	0,201988888889
52,3	-0,00464485825545	-0,0297266666667	0,344355061728
52,35	-0,00601685825545	-0,00807955555556	0,436668641975
52,4	-0,00574245825545	0,0187506666667	0,420153827161
52,45	-0,00382165825545	0,0391782222222	0,288712839506
52,5	-0,00135205825545	0,0490871111111	0,112470123457
52,55	0,00139194174455	0,0504591111111	-0,0707172839506
52,6	0,00413594174455	0,0413124444444	-0,236288888889
52,65	0,00578234174455	0,0251533333333	-0,358921975309
52,7	0,00687994174455	0,00350622222222	-0,426505679012
52,75	0,00633114174455	-0,0216471111111	-0,397710617284
52,8	0,00441034174455	-0,0403977777778	-0,274738765432
52,85	0,00194074174455	-0,0509164444444	-0,10162962963
52,9	-0,00107765825545	-0,0512213333333	0,0918054320988
52,95	-0,00354725825545	-0,0417697777778	0,278126419753
53	-0,00574245825545	-0,0216471111111	0,415495802469
53,05	-0,00601685825545	0,00503066666667	0,438785925926
53,1	-0,00491925825545	0,0262204444444	0,365273827161
53,15	-0,00327285825545	0,0434466666667	0,234340987654
53,2	-0,000254458255455	0,052136	0,0491209876543
53,25	0,00248954174455	0,0486297777778	-0,142281481481
53,3	0,00495914174455	0,0361293333333	-0,297690123457
53,35	0,00633114174455	0,0170737777778	-0,404231851852
53,4	0,00687994174455	-0,00670755555556	-0,441326666667
53,45	0,00578234174455	-0,0318608888889	-0,368407407407
53,5	0,00331274174455	-0,0484773333333	-0,19080962963
53,55	0,000294341744545	-0,0515262222222	0,00982419753087
53,6	-0,00217525825545	-0,045276	0,173871358025
53,65	-0,00437045825545	-0,0336902222222	0,316491604938
53,7	-0,00601685825545	-0,012348	0,41718962963
53,75	-0,00574245825545	0,0121955555556	0,423541481482
53,8	-0,00464485825545	0,0336902222222	0,339781728395
53,85	-0,00217525825545	0,0495444444444	0,175226419753
53,9	0,000843141744545	0,0530506666667	-0,030827654321
53,95	0,00358714174455	0,0455808888889	-0,219350617284
54	0,00578234174455	0,0286595555556	-0,351977283951
54,05	0,00660554174455	0,00746977777778	-0,412362222222
54,1	0,00660554174455	-0,0153968888889	-0,400251358025
54,15	0,00495914174455	-0,035672	-0,310393827161
54,2	0,00276394174455	-0,0489346666667	-0,158542222222
54,25	-0,000254458255455	-0,0538128888889	0,0419222222222
54,3	-0,00327285825545	-0,0443613333333	0,236627654321
54,35	-0,00491925825545	-0,0277448888889	0,377638765432
54,4	-0,00629125825545	-0,00487822222222	0,461144444444
54,45	-0,00574245825545	0,0234764444444	0,426420987654
54,5	-0,00354725825545	0,0435991111111	0,26796345679
54,55	-0,000803258255455	0,0513737777778	0,0729192592593
54,6	0,00194074174455	0,0495444444444	-0,103831604938
54,65	0,00441034174455	0,0402453333333	-0,258054567901
54,7	0,00633114174455	0,0225617777778	-0,376283703704
54,75	0,00687994174455	-0,000152444444444	-0,427267901235
54,8	0,00633114174455	-0,0234764444444	-0,395847407407
54,85	0,00441034174455	-0,0432942222222	-0,276940740741
54,9	0,00166634174455	-0,0545751111111	-0,0818965432099
54,95	-0,00162645825545	-0,0525933333333	0,1372
55	-0,00409605825545	-0,0387208888889	0,311833580247
55,05	-0,00574245825545	-0,0181408888889	0,41075308642
55,1	-0,00601685825545	0,00533555555556	0,432349382716
55,15	-0,00519365825545	0,0282022222222	0,373827654321
55,2	-0,00299845825545	0,0458857777778	0,238067407407
55,25	-0,000254458255455	0,0547275555556	0,0413293827161
55,3	0,00303834174455	0,0506115555556	-0,169213333333
55,35	0,00523354174455	0,0358244444444	-0,335885925926
55,4	0,00687994174455	0,0143297777778	-0,434127901235
55,45	0,00687994174455	-0,0115857777778	-0,436668641975
55,5	0,00550794174455	-0,0332328888889	-0,345117283951
55,55	0,00331274174455	-0,0484773333333	-0,19123308642
55,6	0,000294341744545	-0,0544226666667	0,00829975308642
55,65	-0,00272405825545	-0,0471053333333	0,199194074074
55,7	-0,00464485825545	-0,0326231111111	0,346726419753
55,75	-0,00629125825545	-0,0108235555556	0,442597037037
55,8	-0,00601685825545	0,0161591111111	0,434890123457
55,85	-0,00437045825545	0,0373488888889	0,321911851852
55,9	-0,00190085825545	0,0498493333333	0,159558518519
55,95	0,000843141744545	0,0547275555556	-0,0361632098765
56	0,00413594174455	0,0469528888889	-0,238914320988
56,05	0,00605674174455	0,0275924444444	-0,373827654321
56,1	0,00687994174455	0,00640266666667	-0,431502469136
56,15	0,00687994174455	-0,0181408888889	-0,416088641975
56,2	0,00495914174455	-0,0394831111111	-0,303364444444
56,25	0,00248954174455	-0,0510688888889	-0,128900246914
56,3	-0,000528858255455	-0,0530506666667	0,0668214814815
56,35	-0,00327285825545	-0,0437515555556	0,248484444444
56,4	-0,00519365825545	-0,0266777777778	0,387462962963
56,45	-0,00629125825545	-0,00213422222222	0,45318345679
56,5	-0,00546805825545	0,0236288888889	0,407280740741
56,55	-0,00354725825545	0,0417697777778	0,27998962963
56,6	-0,00107765825545	0,0533555555556	0,103154074074
56,65	0,00221514174455	0,0541177777778	-0,113232345679
56,7	0,00495914174455	0,0410075555556	-0,304126666667
56,75	0,00660554174455	0,0202751111111	-0,417359012346
56,8	0,00715434174455	-0,00457333333333	-0,437261481482
56,85	0,00605674174455	-0,0272875555556	-0,364935061728
56,9	0,00413594174455	-0,0434466666667	-0,231038024691
56,95	0,00139194174455	-0,0515262222222	-0,0632644444445
57	-0,00135205825545	-0,0506115555556	0,122887160494
57,05	-0,00409605825545	-0,0393306666667	0,303025679012
57,1	-0,00574245825545	-0,017836	0,423372098765
57,15	-0,00601685825545	0,00731733333333	0,444036790124
57,2	-0,00491925825545	0,0304888888889	0,368576790123
57,25	-0,00272405825545	0,0474102222222	0,215285432099
57,3	0,000294341744545	0,053508	0,0236288888889
57,35	0,00303834174455	0,0492395555556	-0,161845185185
57,4	0,00550794174455	0,0367391111111	-0,326569876543
57,45	0,00715434174455	0,0146346666667	-0,43734617284
57,5	0,00715434174455	-0,0115857777778	-0,443952098765
57,55	0,00578234174455	-0,0336902222222	-0,354009876543
57,6	0,00358714174455	-0,0500017777778	-0,188861728395
57,65	0,000294341744545	-0,0547275555556	0,0228666666667
57,7	-0,00244965825545	-0,046648	0,214777283951
57,75	-0,00464485825545	-0,0307937777778	0,352146666667
57,8	-0,00574245825545	-0,00929911111111	0,429385185185
57,85	-0,00574245825545	0,0153968888889	0,423880246914
57,9	-0,00409605825545	0,0373488888889	0,320048641975
57,95	-0,00162645825545	0,0504591111111	0,143890617284
58	0,00139194174455	0,0527457777778	-0,0576748148148
58,05	0,00413594174455	0,0435991111111	-0,236881728395
58,1	0,00605674174455	0,0265253333333	-0,360192345679
58,15	0,00687994174455	0,00579288888889	-0,428622962963
58,2	0,00687994174455	-0,0190555555556	-0,421593580247
58,25	0,00495914174455	-0,0422271111111	-0,292015802469
58,3	0,00194074174455	-0,0510688888889	-0,0973103703704
58,35	-0,000528858255455	-0,0503066666667	0,0798639506173
58,4	-0,00327285825545	-0,0426844444444	0,24526617284
58,45	-0,00519365825545	-0,0257631111111	0,390935308642
58,5	-0,00629125825545	-0,000152444444444	0,455131358025
58,55	-0,00519365825545	0,0256106666667	0,392798518519
58,6	-0,00327285825545	0,0420746666667	0,25212617284
58,65	-0,000803258255455	0,0522884444444	0,0701244444445
58,7	0,00248954174455	0,0501542222222	-0,131440987654
58,75	0,00468474174455	0,037044	-0,288797530864
58,8	0,00633114174455	0,0190555555556	-0,389495555556
58,85	0,00687994174455	-0,00472577777778	-0,41718962963
58,9	0,00578234174455	-0,0268302222222	-0,350876296296
58,95	0,00386154174455	-0,0419222222222	-0,22680345679
59	0,00139194174455	-0,0509164444444	-0,0623328395062
59,05	-0,00162645825545	-0,0498493333333	0,135167407407
59,1	-0,00409605825545	-0,037044	0,317507901235
59,15	-0,00574245825545	-0,0149395555556	0,425912839506
59,2	-0,00574245825545	0,0106711111111	0,421339506173
59,25	-0,00437045825545	0,0306413333333	0,331481975309
59,3	-0,00244965825545	0,0448186666667	0,201480740741
59,35	0,000294341744545	0,0527457777778	0,0258308641975
59,4	0,00331274174455	0,0492395555556	-0,181747654321
59,45	0,00578234174455	0,0330804444444	-0,354941481482
59,5	0,00687994174455	0,0100613333333	-0,443867407407
59,55	0,00687994174455	-0,0152444444444	-0,435821728395
59,6	0,00523354174455	-0,0375013333333	-0,330719753086
59,65	0,00276394174455	-0,0510688888889	-0,156763703704
59,7	-0,000254458255455	-0,0547275555556	0,0526780246914
59,75	-0,00327285825545	-0,0454284444444	0,250821925926
59,8	-0,00519365825545	-0,0265253333333	0,379273308642
59,85	-0,00601685825545	-0,004116	0,425057456788
59,9	-0,00574245825545	0,0192994666666	0,396838296291
59,95	-0,00382165825545	0,0377299999996	0,325265629619
60	-0,00107765825545	0,0484773333324	0,263169925912
