0,05	0,5935272	0,0539653333333	-0,440649135802
0,1	0,59682	0,0354433333333	-0,532454567901
0,15	0,5984664	0,005488	-0,63993637037
0,2	0,5976432	-0,0304888888889	-0,699254197531
0,25	0,595448	-0,0689048888889	-0,649201604938
0,3	0,5907832	-0,104272	-0,405840987654
0,35	0,5839232	-0,116010222222	-0,0253227160494
0,4	0,5781608	-0,104576888889	0,321911851852
0,45	0,5729472	-0,0788137777778	0,564806666667
0,5	0,5699288	-0,0435991111111	0,697941481481
0,55	0,5685568	-0,00625022222222	0,748332839506
0,6	0,5691056	0,0343	0,71216962963
0,65	0,572124	0,0705817777778	0,550578518519
0,7	0,5767888	0,0931435555556	0,299214567901
0,75	0,5820024	0,101375555556	0,0180392592593
0,8	0,5874904	0,0949728888889	-0,260425925926
0,85	0,5921552	0,0731733333333	-0,484349876543
0,9	0,5951736	0,042532	-0,618839753086
0,95	0,5965456	0,00746977777778	-0,665335308642
1	0,5957224	-0,0250008888889	-0,663472098765
1,05	0,5943504	-0,0612826666667	-0,587503950617
1,1	0,5894112	-0,0914666666667	-0,353586419753
1,15	0,5841976	-0,100308444444	-0,0417528395062
1,2	0,5787096	-0,0934484444444	0,23967654321
1,25	0,5743192	-0,0724111111111	0,448948888889
1,3	0,5715752	-0,0489346666667	0,639758518519
1,35	0,5685568	-0,00853688888889	0,795929382716
1,4	0,5702032	0,0407026666667	0,744437037037
1,45	0,573496	0,0739355555556	0,517548888889
1,5	0,5781608	0,0934484444444	0,239845925926
1,55	0,5833744	0,0981742222222	-0,0521698765432
1,6	0,588588	0,087808	-0,32885654321
1,65	0,592704	0,0637217777778	-0,561334320988
1,7	0,595448	0,0282022222222	-0,706749382716
1,75	0,5957224	-0,0121955555556	-0,72758345679
1,8	0,594076	-0,049392	-0,628155802469
1,85	0,5905088	-0,0791186666667	-0,428453580247
1,9	0,5855696	-0,0949728888889	-0,162522716049
1,95	0,580356	-0,0951253333333	0,110437530864
2	0,5756912	-0,0839968888889	0,383567160494
2,05	0,5713008	-0,0568617777778	0,63840345679
2,1	0,56938	-0,0161591111111	0,78932345679
2,15	0,56938	0,0304888888889	0,755531604938
2,2	0,5729472	0,0667706666667	0,557777283951
2,25	0,5767888	0,0871982222222	0,316660987654
2,3	0,5820024	0,097412	0,0801180246914
2,35	0,5869416	0,09604	-0,170568395062
2,4	0,5921552	0,0814053333333	-0,435228888889
2,45	0,5957224	0,0512213333333	-0,662540493827
2,5	0,5976432	0,0117382222222	-0,794828395062
2,55	0,5973688	-0,0358244444444	-0,756039753086
2,6	0,5935272	-0,0725635555556	-0,533640246914
2,65	0,5891368	-0,0893324444444	-0,281090617284
2,7	0,584472	-0,0990888888889	-0,0434466666667
2,75	0,5787096	-0,0952777777778	0,215624197531
2,8	0,5743192	-0,0771368888889	0,455470123457
2,85	0,5704776	-0,0468004444444	0,628663950617
2,9	0,56938	-0,009604	0,695400740741
2,95	0,5696544	0,0257631111111	0,677361481481
3	0,5718496	0,0615875555556	0,569634074074
3,05	0,57624	0,0871982222222	0,364342222222
3,1	0,5811792	0,0993937777778	0,117551604938
3,15	0,5866672	0,0986315555556	-0,139147901235
3,2	0,591332	0,0873506666667	-0,423118024691
3,25	0,5962712	0,0571666666667	-0,69802617284
3,3	0,5979176	0,009604	-0,805922962963
3,35	0,59682	-0,0318608888889	-0,733003703704
3,4	0,5943504	-0,065856	-0,581152098765
3,45	0,58996	-0,0911617777778	-0,375521481481
3,5	0,5850208	-0,107930666667	-0,078762962963
3,55	0,5781608	-0,102595111111	0,279227407407
3,6	0,5737704	-0,07546	0,547614320988
3,65	0,5704776	-0,0419222222222	0,686931604938
3,7	0,56938	-0,00320133333333	0,72673654321
3,75	0,5702032	0,0343	0,669315802469
3,8	0,5729472	0,0675328888889	0,51577037037
3,85	0,5773376	0,090552	0,260425925926
3,9	0,5828256	0,0952777777778	-0,0339612345679
3,95	0,5874904	0,0847591111111	-0,287019012346
4	0,5916064	0,064484	-0,488245679012
4,05	0,5943504	0,0344524444444	-0,63713308642
4,1	0,595448	-0,00365866666667	-0,682104197531
4,15	0,5938016	-0,0387208888889	-0,611048148148
4,2	0,591332	-0,0678377777778	-0,45445382716
4,25	0,5866672	-0,0875031111111	-0,212744691358
4,3	0,5820024	-0,091924	0,0867239506173
4,35	0,5767888	-0,0797284444444	0,384922222222
4,4	0,5729472	-0,0468004444444	0,550409135802
4,45	0,5723984	-0,0157017777778	0,540415555556
4,5	0,572124	0,00350622222222	0,559301728395
4,55	0,5715752	0,0407026666667	0,549054074074
4,6	0,5767888	0,0667706666667	0,38458345679
4,65	0,578984	0,0786613333333	0,204021481481
4,7	0,584472	0,0890275555556	-0,0268471604938
4,75	0,5888624	0,0783564444444	-0,296080987654
4,8	0,592704	0,0574715555556	-0,522460987654
4,85	0,5951736	0,0230191111111	-0,671348395062
4,9	0,5951736	-0,0152444444444	-0,687863209877
4,95	0,5935272	-0,0509164444444	-0,580898024691
5	0,5896856	-0,0771368888889	-0,37857037037
5,05	0,5852952	-0,090552	-0,129239012346
5,1	0,5800816	-0,0903995555556	0,130848148148
5,15	0,5756912	-0,0762222222222	0,36442691358
5,2	0,572124	-0,0525933333333	0,558878271605
5,25	0,5699288	-0,0179884444444	0,692944691358
5,3	0,5702032	0,0208848888889	0,723602962963
5,35	0,572124	0,0574715555556	0,654494814815
5,4	0,5756912	0,0945155555556	0,409990864198
5,45	0,5828256	0,105796444444	0,0253227160494
5,5	0,5874904	0,0914666666667	-0,26711654321
5,55	0,5918808	0,0733257777778	-0,444375555556
5,6	0,5951736	0,0463431111111	-0,579542962963
5,65	0,59682	0,0134151111111	-0,663133333333
5,7	0,5965456	-0,0221044444444	-0,688456049383
5,75	0,5946248	-0,0574715555556	-0,63798
5,8	0,5910576	-0,0937533333333	-0,417951851852
5,85	0,5841976	-0,107625777778	-0,0360785185185
5,9	0,578984	-0,0940582222222	0,294302469136
5,95	0,5745936	-0,0716488888889	0,496121975309
6	0,5715752	-0,0417697777778	0,617315308642
6,05	0,5702032	-0,00746977777778	0,664827160494
6,1	0,570752	0,0282022222222	0,626716049383
6,15	0,5732216	0,0591484444444	0,494682222222
6,2	0,5770632	0,0804906666667	0,291761728395
6,25	0,581728	0,0900946666667	0,0453098765432
6,3	0,5866672	0,0853688888889	-0,208679506173
6,35	0,5907832	0,0676853333333	-0,425912839506
6,4	0,5938016	0,0402453333333	-0,573191111111
6,45	0,5951736	0,00594533333333	-0,616299012346
6,5	0,5943504	-0,0275924444444	-0,534487160494
6,55	0,5916064	-0,0471053333333	-0,435144197531
6,6	0,58996	-0,0690573333333	-0,350198765432
6,65	0,5847464	-0,0890275555556	-0,137538765432
6,7	0,5798072	-0,0849115555556	0,127883950617
6,75	0,57624	-0,0751551111111	0,382296790123
6,8	0,5715752	-0,0483248888889	0,640690123457
6,85	0,5704776	-0,00396355555556	0,742235061728
6,9	0,5715752	0,0346048888889	0,657204938272
6,95	0,5743192	0,0649413333333	0,475287901235
7	0,5784352	0,0844542222222	0,229598271605
7,05	0,5833744	0,0893324444444	-0,0442935802469
7,1	0,5880392	0,0786613333333	-0,291253580247
7,15	0,5916064	0,057624	-0,4802
7,2	0,594076	0,0289644444444	-0,614181728395
7,25	0,5948992	-0,00746977777778	-0,654833580247
7,3	0,5932528	-0,0422271111111	-0,56895654321
7,35	0,5902344	-0,0676853333333	-0,398388148148
7,4	0,5861184	-0,0833871111111	-0,184288395062
7,45	0,5814536	-0,0875031111111	0,0634338271605
7,5	0,5767888	-0,0775942222222	0,323351604938
7,55	0,5732216	-0,0547275555556	0,561927160494
7,6	0,570752	-0,0190555555556	0,724280493827
7,65	0,570752	0,0263728888889	0,700058765432
7,7	0,5740448	0,0596057777778	0,495952592593
7,75	0,577612	0,0746977777778	0,285579259259
7,8	0,5814536	0,0862835555556	0,0957859259259
7,85	0,5866672	0,0870457777778	-0,14236617284
7,9	0,5907832	0,0728684444444	-0,390935308642
7,95	0,5943504	0,0478675555556	-0,616468395062
8	0,5965456	0,00457333333333	-0,697094567901
8,05	0,5943504	-0,0312511111111	-0,586657037037
8,1	0,592704	-0,0538128888889	-0,448779506173
8,15	0,5891368	-0,0756124444444	-0,298875802469
8,2	0,5847464	-0,0871982222222	-0,0851148148148
8,25	0,5798072	-0,0853688888889	0,153630123457
8,3	0,5756912	-0,0705817777778	0,36959308642
8,35	0,5723984	-0,0463431111111	0,534487160494
8,4	0,570752	-0,0146346666667	0,630611851852
8,45	0,570752	0,0207324444444	0,628579259259
8,5	0,5729472	0,0530506666667	0,517210123457
8,55	0,5765144	0,0751551111111	0,340205185185
8,6	0,5809048	0,0871982222222	0,143467160494
8,65	0,5855696	0,0893324444444	-0,0648735802469
8,7	0,58996	0,0846066666667	-0,337325679012
8,75	0,5951736	0,0567093333333	-0,613334814815
8,8	0,5962712	0,0149395555556	-0,723094814815
8,85	0,5962712	-0,0216471111111	-0,693791604938
8,9	0,594076	-0,0568617777778	-0,581067407407
8,95	0,5902344	-0,0826248888889	-0,387039506173
9	0,5855696	-0,100003555556	-0,099512345679
9,05	0,5792584	-0,0955826666667	0,242471358025
9,1	0,5751424	-0,0716488888889	0,500610617284
9,15	0,5718496	-0,039788	0,63196691358
9,2	0,5710264	-0,004116	0,652377530864
9,25	0,5715752	0,0286595555556	0,585894814815
9,3	0,5740448	0,0570142222222	0,451659012346
9,35	0,577612	0,0766795555556	0,252380246914
9,4	0,5822768	0,0833871111111	0,0234595061728
9,45	0,5863928	0,0785088888889	-0,199702222222
9,5	0,5905088	0,0632644444444	-0,41202345679
9,55	0,5932528	0,035672	-0,575901234568
9,6	0,5943504	0,00167688888889	-0,640859506173
9,65	0,5935272	-0,0343	-0,567601481481
9,7	0,5905088	-0,0605204444444	-0,370524691358
9,75	0,5869416	-0,0739355555556	-0,118906666667
9,8	0,5822768	-0,0698195555556	0,0870627160494
9,85	0,5798072	-0,0600631111111	0,200887901235
9,9	0,5765144	-0,0513737777778	0,333768641975
9,95	0,5740448	-0,0298791111111	0,50636962963
10	0,5729472	0,00289644444444	0,599106666667
10,05	0,5743192	0,037044	0,540415555556
10,1	0,5770632	0,0618924444444	0,361716790123
10,15	0,5809048	0,0762222222222	0,115857777778
10,2	0,5855696	0,0721062222222	-0,109082469136
10,25	0,5883136	0,0609777777778	-0,255259753086
10,3	0,5916064	0,0477151111111	-0,406095061728
10,35	0,5938016	0,0204275555556	-0,539483950617
10,4	0,5938016	-0,0106711111111	-0,577171604938
10,45	0,592704	-0,0414648888889	-0,516363209877
10,5	0,5894112	-0,0661608888889	-0,363071851852
10,55	0,5855696	-0,0792711111111	-0,16421654321
10,6	0,5811792	-0,0832346666667	0,0573360493827
10,65	0,5767888	-0,0751551111111	0,303364444444
10,7	0,5729472	-0,0515262222222	0,513568395062
10,75	0,5713008	-0,019208	0,624514074074
10,8	0,5710264	0,0143297777778	0,648820493827
10,85	0,5726728	0,0489346666667	0,584116296296
10,9	0,57624	0,0759173333333	0,429808641975
10,95	0,580356	0,0971071111111	0,163454320988
11	0,5869416	0,0966497777778	-0,18352617284
11,05	0,5910576	0,0739355555556	-0,439802222222
11,1	0,5943504	0,0469528888889	-0,57539308642
11,15	0,5959968	0,0140248888889	-0,641537037037
11,2	0,5957224	-0,019208	-0,644755308642
11,25	0,594076	-0,0518311111111	-0,590129382716
11,3	0,5907832	-0,0853688888889	-0,385176296296
11,35	0,584472	-0,0969546666667	-0,051577037037
11,4	0,5800816	-0,0868933333333	0,226972839506
11,45	0,5756912	-0,0701244444444	0,421762962963
11,5	0,5726728	-0,0434466666667	0,563536296296
11,55	0,5710264	-0,0105186666667	0,621634567901
11,6	0,5715752	0,0234764444444	0,57581654321
11,65	0,5737704	0,0498493333333	0,456825185185
11,7	0,5767888	0,0698195555556	0,30268691358
11,75	0,5809048	0,0832346666667	0,0849454320988
11,8	0,585844	0,0804906666667	-0,164555308642
11,85	0,5896856	0,0628071111111	-0,340543950617
11,9	0,5921552	0,0414648888889	-0,425489382716
11,95	0,5935272	0,0225617777778	-0,528728148148
12	0,5951736	-0,00990888888889	-0,628918024691
12,05	0,5929784	-0,0492395555556	-0,551340740741
12,1	0,5894112	-0,072716	-0,315305925926
12,15	0,5850208	-0,0804906666667	-0,065127654321
12,2	0,5809048	-0,0765271111111	0,140587654321
12,25	0,5770632	-0,0638742222222	0,297351358025
12,3	0,5745936	-0,0489346666667	0,476050123457
12,35	0,5713008	-0,0170737777778	0,644247160494
12,4	0,5723984	0,0239337777778	0,640097283951
12,45	0,5743192	0,0538128888889	0,484011111111
12,5	0,5781608	0,0742404444444	0,26237382716
12,55	0,5822768	0,0807955555556	0,0147362962963
12,6	0,5866672	0,0759173333333	-0,231122716049
12,65	0,5905088	0,0564044444444	-0,44031037037
12,7	0,592704	0,0275924444444	-0,555405925926
12,75	0,5932528	-0,002744	-0,581406172839
12,8	0,5924296	-0,0327755555556	-0,537620740741
12,85	0,58996	-0,0605204444444	-0,400844197531
12,9	0,585844	-0,0765271111111	-0,183187407407
12,95	0,581728	-0,0789662222222	0,0499679012346
13	0,577612	-0,0714964444444	0,286087407407
13,05	0,5740448	-0,0503066666667	0,505522716049
13,1	0,572124	-0,0187506666667	0,653732592593
13,15	0,5715752	0,0231715555556	0,63027308642
13,2	0,5751424	0,0522884444444	0,441411358025
13,25	0,577612	0,0650937777778	0,26626962963
13,3	0,5814536	0,0774417777778	0,106033580247
13,35	0,585844	0,0783564444444	-0,102222469136
13,4	0,5896856	0,0686	-0,332074814815
13,45	0,5932528	0,0457333333333	-0,552526419753
13,5	0,5951736	0,00594533333333	-0,620618271605
13,55	0,5932528	-0,0245435555556	-0,52220691358
13,6	0,5921552	-0,0445137777778	-0,423287407407
13,65	0,5891368	-0,0669231111111	-0,306498024691
13,7	0,5850208	-0,0792711111111	-0,114926172839
13,75	0,5806304	-0,0791186666667	0,0984113580247
13,8	0,5767888	-0,0692097777778	0,309885679012
13,85	0,5732216	-0,0475626666667	0,495867901235
13,9	0,5715752	-0,0160066666667	0,595719012346
13,95	0,5715752	0,0170737777778	0,581914320988
14	0,573496	0,0458857777778	0,477405185185
14,05	0,5765144	0,0661608888889	0,331143209877
14,1	0,580356	0,0800333333333	0,153714814815
14,15	0,5850208	0,0818626666667	-0,0437854320988
14,2	0,588588	0,0783564444444	-0,288035308642
14,25	0,5938016	0,0550324444444	-0,549562222222
14,3	0,5948992	0,0155493333333	-0,652462222222
14,35	0,5948992	-0,0173786666667	-0,601986172839
14,4	0,5929784	-0,0461906666667	-0,493665925926
14,45	0,58996	-0,067228	-0,353247654321
14,5	0,5861184	-0,0827773333333	-0,172600987654
14,55	0,5814536	-0,0899422222222	0,108828395062
14,6	0,5759656	-0,0733257777778	0,408974567901
14,65	0,573496	-0,0422271111111	0,574884938272
14,7	0,5718496	-0,0103662222222	0,613334814815
14,75	0,5723984	0,0222568888889	0,561334320988
14,8	0,5743192	0,0487822222222	0,434212592593
14,85	0,577612	0,0673804444444	0,261780987654
14,9	0,5814536	0,0759173333333	0,0604696296296
14,95	0,5855696	0,0743928888889	-0,160659506173
15	0,5894112	0,0602155555556	-0,378909135802
15,05	0,5921552	0,0336902222222	-0,530421975309
15,1	0,5929784	0,00198177777778	-0,568194320988
15,15	0,5921552	-0,0265253333333	-0,518057037037
15,2	0,5902344	-0,0519835555556	-0,402707407407
15,25	0,5866672	-0,0698195555556	-0,21181308642
15,3	0,5828256	-0,0760697777778	0,0390427160494
15,35	0,5784352	-0,0673804444444	0,302856296296
15,4	0,5751424	-0,0399404444444	0,441919506173
15,45	0,5745936	-0,0143297777778	0,410075555556
15,5	0,5743192	0,00152444444444	0,358244444444
15,55	0,574868	0,0153968888889	0,39703308642
15,6	0,5751424	0,0405502222222	0,434720740741
15,65	0,5787096	0,0684475555556	0,292100493827
15,7	0,5831	0,0751551111111	0,0319286419753
15,75	0,5866672	0,0698195555556	-0,211897777778
15,8	0,5905088	0,0525933333333	-0,419645679012
15,85	0,5924296	0,0243911111111	-0,541601234568
15,9	0,5929784	-0,00564044444444	-0,565907654321
15,95	0,5918808	-0,035672	-0,501711604938
16	0,5891368	-0,0591484444444	-0,35587308642
16,05	0,5855696	-0,0730208888889	-0,162438024691
16,1	0,5814536	-0,0766795555556	0,0608930864198
16,15	0,5773376	-0,0669231111111	0,279566172839
16,2	0,5743192	-0,0464955555556	0,446408148148
16,25	0,5723984	-0,0189031111111	0,536011604938
16,3	0,5723984	0,0100613333333	0,555151851852
16,35	0,573496	0,0381111111111	0,522460987654
16,4	0,57624	0,0640266666667	0,426675061728
16,45	0,5798072	0,0876555555556	0,191825925926
16,5	0,5861184	0,0885702222222	-0,142620246914
16,55	0,5896856	0,0676853333333	-0,377554074074
16,6	0,592704	0,0457333333333	-0,504167654321
16,65	0,5946248	0,0160066666667	-0,580135802469
16,7	0,5943504	-0,015092	-0,583862222222
16,75	0,5929784	-0,0437515555556	-0,534148395062
16,8	0,5902344	-0,0739355555556	-0,36485037037
16,85	0,5847464	-0,086436	-0,0762222222222
16,9	0,5806304	-0,0788137777778	0,172092839506
16,95	0,5767888	-0,0653986666667	0,346980493827
17	0,5737704	-0,0434466666667	0,48663654321
17,05	0,572124	-0,0147871111111	0,568448395062
17,1	0,572124	0,0173786666667	0,558031358025
17,15	0,5740448	0,0454284444444	0,446831604938
17,2	0,5770632	0,064484	0,27355308642
17,25	0,5809048	0,0733257777778	0,0785088888889
17,3	0,5847464	0,0725635555556	-0,121532098765
17,35	0,588588	0,0609777777778	-0,305312345679
17,4	0,591332	0,0393306666667	-0,426336296296
17,45	0,592704	0,0132626666667	-0,450049876543
17,5	0,5921552	-0,00579288888889	-0,45360691358
17,55	0,5924296	-0,0295742222222	-0,474695061728
17,6	0,5896856	-0,0597582222222	-0,366628888889
17,65	0,5855696	-0,072716	-0,135506172839
17,7	0,581728	-0,0714964444444	0,0806261728395
17,75	0,5781608	-0,0612826666667	0,244419259259
17,8	0,5756912	-0,0489346666667	0,423202716049
17,85	0,5723984	-0,0198177777778	0,591738518519
17,9	0,5732216	0,0184457777778	0,594872098765
17,95	0,574868	0,0460382222222	0,457163950617
18	0,5781608	0,0652462222222	0,268302222222
18,05	0,581728	0,0742404444444	0,0439548148148
18,1	0,5861184	0,0705817777778	-0,191995308642
18,15	0,5894112	0,0528982222222	-0,381534567901
18,2	0,5916064	0,0289644444444	-0,49349654321
18,25	0,5924296	0,001372	-0,54151654321
18,3	0,5918808	-0,0283546666667	-0,507470617284
18,35	0,5894112	-0,053508	-0,379078518519
18,4	0,5861184	-0,0690573333333	-0,184203703704
18,45	0,5820024	-0,0725635555556	0,0323520987654
18,5	0,5784352	-0,0652462222222	0,242471358025
18,55	0,5751424	-0,04802	0,436753333333
18,6	0,5732216	-0,0208848888889	0,588604938272
18,65	0,5723984	0,0175311111111	0,593686419753
18,7	0,5754168	0,0475626666667	0,419391604938
18,75	0,5781608	0,0585386666667	0,239422469136
18,8	0,5811792	0,0676853333333	0,112216049383
18,85	0,5850208	0,0721062222222	-0,0575054320988
18,9	0,5888624	0,0652462222222	-0,282445679012
18,95	0,5921552	0,0443613333333	-0,501711604938
19	0,594076	0,00853688888889	-0,584624444444
19,05	0,592704	-0,0227142222222	-0,494597530864
19,1	0,5910576	-0,0405502222222	-0,382381481481
19,15	0,5888624	-0,0591484444444	-0,281937530864
19,2	0,5850208	-0,072716	-0,11018345679
19,25	0,5809048	-0,0722586666667	0,0997664197531
19,3	0,5773376	-0,0608253333333	0,278888641975
19,35	0,5745936	-0,0422271111111	0,41075308642
19,4	0,5729472	-0,0187506666667	0,504167654321
19,45	0,5723984	0,0106711111111	0,53380962963
19,5	0,5740448	0,0391782222222	0,469190123457
19,55	0,5767888	0,0591484444444	0,355788395062
19,6	0,5800816	0,0745453333333	0,217402716049
19,65	0,5841976	0,0861311111111	-0,023882962963
19,7	0,5896856	0,0769844444444	-0,343592839506
19,75	0,5929784	0,0457333333333	-0,546682716049
19,8	0,594076	0,0144822222222	-0,585471358025
19,85	0,5943504	-0,0155493333333	-0,540584938272
19,9	0,5924296	-0,0419222222222	-0,437515555556
19,95	0,5896856	-0,0594533333333	-0,318524197531
20	0,5863928	-0,0728684444444	-0,19292691358
20,05	0,5825512	-0,0846066666667	0,0430232098765
20,1	0,5767888	-0,0731733333333	0,353417037037
20,15	0,5743192	-0,0426844444444	0,537705432099
20,2	0,5726728	-0,0120431111111	0,567432098765
20,25	0,5732216	0,0169213333333	0,513060246914
20,3	0,5745936	0,0402453333333	0,417867160494
20,35	0,5773376	0,0600631111111	0,283123209877
20,4	0,5809048	0,0714964444444	0,0867239506173
20,45	0,5850208	0,0705817777778	-0,14533037037
20,5	0,588588	0,0553373333333	-0,34469382716
20,55	0,5907832	0,0330804444444	-0,47249308642
20,6	0,5921552	0,00503066666667	-0,520004938272
20,65	0,591332	-0,0234764444444	-0,464362716049
20,7	0,5894112	-0,0440564444444	-0,342661234568
20,75	0,5866672	-0,0582337777778	-0,191402469136
20,8	0,5833744	-0,0647888888889	-0,00313358024691
20,85	0,5798072	-0,0614351111111	0,225194320988
20,9	0,57624	-0,0390257777778	0,384414074074
20,95	0,5759656	-0,0153968888889	0,394407654321
21	0,5751424	0,000914666666667	0,372303209877
21,05	0,5756912	0,0222568888889	0,333175802469
21,1	0,5778864	0,0346048888889	0,281937530864
21,15	0,578984	0,0489346666667	0,239930617284
21,2	0,5825512	0,064484	0,0833362962963
21,25	0,5863928	0,0612826666667	-0,150242469136
21,3	0,5891368	0,0468004444444	-0,339866419753
21,35	0,591332	0,0245435555556	-0,463346419753
21,4	0,5918808	-0,00350622222222	-0,491972098765
21,45	0,5907832	-0,0282022222222	-0,436499259259
21,5	0,5888624	-0,0483248888889	-0,338341975309
21,55	0,585844	-0,0641791111111	-0,186151604938
21,6	0,5820024	-0,0693622222222	0,0162607407407
21,65	0,5784352	-0,063112	0,227819753086
21,7	0,5751424	-0,0445137777778	0,395932098765
21,75	0,5737704	-0,0199702222222	0,490955802469
21,8	0,5732216	0,005488	0,546428641975
21,85	0,5740448	0,035672	0,548207160494
21,9	0,5765144	0,0679902222222	0,389410864198
21,95	0,581728	0,0821675555556	0,0846913580247
22	0,585844	0,0733257777778	-0,172431604938
22,05	0,5891368	0,058996	-0,316068148148
22,1	0,5918808	0,0399404444444	-0,407196049383
22,15	0,5932528	0,0179884444444	-0,480369382716
22,2	0,5938016	-0,00792711111111	-0,540415555556
22,25	0,592704	-0,0379586666667	-0,537366666667
22,3	0,5902344	-0,0696671111111	-0,369931851852
22,35	0,5847464	-0,0814053333333	-0,0736814814815
22,4	0,5811792	-0,0734782222222	0,169043950617
22,45	0,5773376	-0,0602155555556	0,326569876543
22,5	0,574868	-0,0394831111111	0,436583950617
22,55	0,5732216	-0,0149395555556	0,497477037037
22,6	0,5732216	0,0128053333333	0,494851604938
22,65	0,5745936	0,0381111111111	0,410414320988
22,7	0,5773376	0,0564044444444	0,265507407407
22,75	0,5806304	0,0653986666667	0,0957859259259
22,8	0,5841976	0,065856	-0,0773232098765
22,85	0,5874904	0,0582337777778	-0,254158765432
22,9	0,5905088	0,039788	-0,402792098765
22,95	0,5918808	0,0132626666667	-0,453945679012
23	0,5916064	-0,0100613333333	-0,413886666667
23,05	0,5905088	-0,0271351111111	-0,370778765432
23,1	0,5891368	-0,0464955555556	-0,323012839506
23,15	0,585844	-0,0643315555556	-0,176581481481
23,2	0,5820024	-0,0669231111111	0,0322674074074
23,25	0,578984	-0,0628071111111	0,26754
23,3	0,5745936	-0,037044	0,437939012346
23,35	0,5754168	-0,0111284444444	0,456571111111
23,4	0,5740448	0,00655511111111	0,478760246914
23,45	0,5751424	0,038416	0,444206172839
23,5	0,5784352	0,0588435555556	0,261865679012
23,55	0,581728	0,0653986666667	0,0507301234568
23,6	0,5852952	0,0623497777778	-0,141180493827
23,65	0,5883136	0,0500017777778	-0,300908395062
23,7	0,5905088	0,031556	-0,430824938272
23,75	0,5918808	0,00472577777778	-0,50162691358
23,8	0,5910576	-0,0236288888889	-0,464108641975
23,85	0,5891368	-0,0446662222222	-0,351299753086
23,9	0,5863928	-0,0599106666667	-0,197076790123
23,95	0,5828256	-0,0664657777778	0,00618246913581
24	0,5792584	-0,0606728888889	0,232223703704
24,05	0,57624	-0,0426844444444	0,430824938272
24,1	0,5743192	-0,0115857777778	0,502389135802
24,15	0,5754168	0,0143297777778	0,434890123457
24,2	0,57624	0,0314035555556	0,353332345679
24,25	0,5784352	0,0484773333333	0,276601975309
24,3	0,5811792	0,06174	0,148125185185
24,35	0,5850208	0,0660084444444	-0,0347234567901
24,4	0,5883136	0,0582337777778	-0,227057530864
24,45	0,5910576	0,0426844444444	-0,401775802469
24,5	0,5929784	0,017836	-0,54363382716
24,55	0,5935272	-0,0185982222222	-0,538721728395
24,6	0,5905088	-0,0440564444444	-0,375521481481
24,65	0,5883136	-0,0541177777778	-0,22510962963
24,7	0,5852952	-0,0640266666667	-0,107812098765
24,75	0,581728	-0,0679902222222	0,058352345679
24,8	0,5778864	-0,0594533333333	0,244503950617
24,85	0,5754168	-0,0416173333333	0,392629135802
24,9	0,573496	-0,0176835555556	0,479607160494
24,95	0,573496	0,009604	0,486805925926
25	0,5745936	0,0339951111111	0,42015382716
25,05	0,5770632	0,0539653333333	0,294895308642
25,1	0,580356	0,0649413333333	0,135760246914
25,15	0,5839232	0,0675328888889	-0,0276940740741
25,2	0,5874904	0,0608253333333	-0,174125432099
25,25	0,58996	0,0513737777778	-0,336478765432
25,3	0,5932528	0,0289644444444	-0,511874567901
25,35	0,5935272	-0,00609777777778	-0,559386419753
25,4	0,5921552	-0,0330804444444	-0,479607160494
25,45	0,58996	-0,05488	-0,356635308642
25,5	0,5863928	-0,0689048888889	-0,204360246914
25,55	0,5831	-0,0792711111111	0,0254074074074
25,6	0,577612	-0,0710391111111	0,328094320988
25,65	0,574868	-0,0405502222222	0,513568395062
25,7	0,5737704	-0,0111284444444	0,526780246914
25,75	0,5740448	0,0138724444444	0,474271604938
25,8	0,5751424	0,0368915555556	0,387632345679
25,85	0,5778864	0,0553373333333	0,245350864198
25,9	0,5811792	0,0628071111111	0,071902962963
25,95	0,584472	0,0621973333333	-0,100105185185
26	0,5877648	0,0522884444444	-0,260425925926
26,05	0,58996	0,0353671111111	-0,395339259259
26,1	0,5916064	0,0112808888889	-0,483079506173
26,15	0,591332	-0,0173786666667	-0,464616790123
26,2	0,5896856	-0,0410075555556	-0,323182222222
26,25	0,5866672	-0,0527457777778	-0,120007654321
26,3	0,5836488	-0,0490871111111	0,0193943209877
26,35	0,5820024	-0,0469528888889	0,0899422222222
26,4	0,578984	-0,0432942222222	0,207155061728
26,45	0,5770632	-0,0277448888889	0,342745925926
26,5	0,5759656	-0,00625022222222	0,41718962963
26,55	0,57624	0,0187506666667	0,389580246914
26,6	0,5781608	0,0373488888889	0,266947160494
26,65	0,5806304	0,0435991111111	0,161337037037
26,7	0,5822768	0,0515262222222	0,0780854320988
26,75	0,585844	0,0557946666667	-0,0819812345679
26,8	0,588588	0,0454284444444	-0,278126419753
26,85	0,5907832	0,0253057777778	-0,421000740741
26,9	0,591332	-0,000457333333333	-0,474695061728
26,95	0,5907832	-0,0266777777778	-0,424642469136
27	0,5883136	-0,0458857777778	-0,302856296296
27,05	0,585844	-0,0568617777778	-0,16633382716
27,1	0,5825512	-0,0635693333333	-0,0048274074074
27,15	0,578984	-0,0588435555556	0,181578271605
27,2	0,57624	-0,0442088888889	0,343338765432
27,25	0,5743192	-0,0225617777778	0,457841481481
27,3	0,5737704	0,00381111111111	0,512382716049
27,35	0,5745936	0,0324706666667	0,476897037037
27,4	0,5773376	0,0544226666667	0,361632098765
27,45	0,5800816	0,0722586666667	0,164894074074
27,5	0,5852952	0,0742404444444	-0,0938380246913
27,55	0,5883136	0,058996	-0,283377283951
27,6	0,5910576	0,0426844444444	-0,402538024691
27,65	0,5929784	0,0181408888889	-0,490955802469
27,7	0,5929784	-0,00929911111111	-0,510011358025
27,75	0,5918808	-0,0339951111111	-0,480962222222
27,8	0,58996	-0,0626546666667	-0,337664444444
27,85	0,5847464	-0,0737831111111	-0,078847654321
27,9	0,581728	-0,0670755555556	0,128561481481
27,95	0,5781608	-0,0582337777778	0,28126
28	0,5754168	-0,0387208888889	0,406941975309
28,05	0,5740448	-0,0143297777778	0,460297530864
28,1	0,5740448	0,0100613333333	0,449033580247
28,15	0,5751424	0,0321657777778	0,388818024691
28,2	0,5773376	0,0512213333333	0,273383703704
28,25	0,5806304	0,06174	0,109082469136
28,3	0,5839232	0,0625022222222	-0,0667367901235
28,35	0,587216	0,0542702222222	-0,222145432099
28,4	0,5896856	0,0385684444444	-0,334784938272
28,45	0,591332	0,0172262222222	-0,378062222222
28,5	0,5910576	0,000304888888889	-0,399827901235
28,55	0,5916064	-0,0208848888889	-0,431248395062
28,6	0,5894112	-0,0481724444444	-0,352654814815
28,65	0,5861184	-0,0621973333333	-0,15778
28,7	0,5825512	-0,063112	0,0375182716049
28,75	0,5795328	-0,0554897777778	0,188777037037
28,8	0,5770632	-0,0454284444444	0,347658024691
28,85	0,5743192	-0,021952	0,505183950617
28,9	0,5743192	0,0117382222222	0,525086419753
28,95	0,5759656	0,0371964444444	0,40389308642
29	0,5784352	0,0536604444444	0,231630864198
29,05	0,581728	0,0600631111111	0,0538637037037
29,1	0,5847464	0,0582337777778	-0,109675308642
29,15	0,5877648	0,0496968888889	-0,27567037037
29,2	0,5902344	0,0300315555556	-0,415919259259
29,25	0,5910576	0,00396355555556	-0,466141234568
29,3	0,5905088	-0,0204275555556	-0,426929135802
29,35	0,5888624	-0,0410075555556	-0,326569876543
29,4	0,5861184	-0,0545751111111	-0,18522
29,45	0,5831	-0,0602155555556	-0,0230360493827
29,5	0,5798072	-0,0579288888889	0,159219753086
29,55	0,5767888	-0,0440564444444	0,334784938272
29,6	0,5751424	-0,0225617777778	0,462922962963
29,65	0,5743192	0,004116	0,52737308642
29,7	0,5751424	0,0367391111111	0,450642716049
29,75	0,5787096	0,0554897777778	0,24653654321
29,8	0,5814536	0,058996	0,0634338271605
29,85	0,584472	0,0600631111111	-0,0913819753086
29,9	0,5877648	0,0530506666667	-0,278803950617
29,95	0,5907832	0,0282022222222	-0,38416
30	0,5902344	0,00762222222222	-0,361123950617
30,05	0,5910576	-0,005488	-0,360785185185
30,1	0,5902344	-0,0269826666667	-0,36916962963
30,15	0,5883136	-0,046648	-0,29498
30,2	0,5852952	-0,060368	-0,140079506173
30,25	0,581728	-0,0618924444444	0,048189382716
30,3	0,5787096	-0,0536604444444	0,205630617284
30,35	0,57624	-0,0403977777778	0,337240987654
30,4	0,5743192	-0,0193604444444	0,441157283951
30,45	0,5740448	0,00701244444444	0,469020740741
30,5	0,5751424	0,0312511111111	0,411007160494
30,55	0,5773376	0,050764	0,291084197531
30,6	0,5806304	0,0615875555556	0,139147901235
30,65	0,5839232	0,0628071111111	0,00465802469136
30,7	0,5866672	0,0641791111111	-0,169298024691
30,75	0,5910576	0,0503066666667	-0,40431654321
30,8	0,592704	0,0176835555556	-0,518988641975
30,85	0,5924296	-0,00975644444444	-0,47291654321
30,9	0,591332	-0,0300315555556	-0,392883209877
30,95	0,5894112	-0,0481724444444	-0,308954074074
31	0,5863928	-0,0621973333333	-0,189539259259
31,05	0,5831	-0,0714964444444	0,013804691358
31,1	0,5784352	-0,0637217777778	0,266015555556
31,15	0,5759656	-0,0399404444444	0,423710864198
31,2	0,5745936	-0,0161591111111	0,469444197531
31,25	0,5743192	0,00853688888889	0,458519012346
31,3	0,5754168	0,0323182222222	0,382550864198
31,35	0,5778864	0,0490871111111	0,253481234568
31,4	0,5806304	0,0582337777778	0,101375555556
31,45	0,5839232	0,0605204444444	-0,0766456790123
31,5	0,587216	0,0509164444444	-0,254751604938
31,55	0,5894112	0,0323182222222	-0,375944938272
31,6	0,5905088	0,0105186666667	-0,429046419753
31,65	0,5905088	-0,0125004444444	-0,417951851852
31,7	0,5894112	-0,0358244444444	-0,308784691358
31,75	0,5863928	-0,0481724444444	-0,113909876543
31,8	0,5836488	-0,0428368888889	0,0109251851852
31,85	0,5825512	-0,0423795555556	0,0572513580247
31,9	0,5795328	-0,0417697777778	0,174379506173
31,95	0,577612	-0,0271351111111	0,321319012346
32	0,5765144	-0,005488	0,386107901235
32,05	0,5770632	0,016464	0,345032592593
32,1	0,5784352	0,0324706666667	0,231207407407
32,15	0,5809048	0,0375013333333	0,143128395062
32,2	0,5820024	0,0437515555556	0,0962093827161
32,25	0,5850208	0,0519835555556	-0,0370101234568
32,3	0,5880392	0,0440564444444	-0,23967654321
32,35	0,58996	0,0245435555556	-0,381449876543
32,4	0,5905088	0,00198177777778	-0,434720740741
32,45	0,5902344	-0,0216471111111	-0,41075308642
32,5	0,5883136	-0,0432942222222	-0,295234074074
32,55	0,5852952	-0,0527457777778	-0,139486666667
32,6	0,5828256	-0,0559471111111	0,00304888888889
32,65	0,5795328	-0,0532031111111	0,158034074074
32,7	0,5770632	-0,0405502222222	0,312595802469
32,75	0,5751424	-0,0202751111111	0,430655555556
32,8	0,574868	0,00518311111111	0,482910123457
32,85	0,5756912	0,030184	0,464108641975
32,9	0,577612	0,0574715555556	0,319794567901
32,95	0,5822768	0,0678377777778	0,0673296296296
33	0,5852952	0,0599106666667	-0,116704691358
33,05	0,5880392	0,0522884444444	-0,227057530864
33,1	0,5907832	0,0381111111111	-0,335377777778
33,15	0,5921552	0,0181408888889	-0,425404691358
33,2	0,592704	-0,00594533333333	-0,476473580247
33,25	0,5916064	-0,0309462222222	-0,471815555556
33,3	0,58996	-0,0596057777778	-0,331820740741
33,35	0,5847464	-0,0704293333333	-0,0706325925926
33,4	0,5820024	-0,0625022222222	0,127629876543
33,45	0,5787096	-0,0541177777778	0,256530123457
33,5	0,57624	-0,0375013333333	0,372557283951
33,55	0,5745936	-0,0143297777778	0,429385185185
33,6	0,574868	0,00884177777778	0,415157037037
33,65	0,5756912	0,0280497777778	0,366374814815
33,7	0,577612	0,0468004444444	0,277025432099
33,75	0,5806304	0,0588435555556	0,122040246914
33,8	0,5839232	0,0608253333333	-0,0695316049383
33,85	0,587216	0,0512213333333	-0,245096790123
33,9	0,5894112	0,0327755555556	-0,342237777778
33,95	0,5905088	0,0135675555556	-0,36188617284
34	0,5907832	-0,00609777777778	-0,325045432099
34,05	0,5894112	-0,0175311111111	-0,30056962963
34,1	0,5894112	-0,0344524444444	-0,292693333333
34,15	0,5861184	-0,0522884444444	-0,18479654321
34,2	0,5833744	-0,0554897777778	-0,0214269135802
34,25	0,580356	-0,0522884444444	0,12263308642
34,3	0,5781608	-0,0451235555556	0,29413308642
34,35	0,5751424	-0,0240862222222	0,464278024691
34,4	0,5751424	0,00838444444445	0,490786419753
34,45	0,5765144	0,0317084444444	0,37687654321
34,5	0,5787096	0,046648	0,228073827161
34,55	0,5814536	0,0536604444444	0,0814730864198
34,6	0,5841976	0,0556422222222	-0,0774079012346
34,65	0,5874904	0,0471053333333	-0,249161975309
34,7	0,5894112	0,0278973333333	-0,362902469136
34,75	0,5902344	0,00762222222222	-0,405248148148
34,8	0,5902344	-0,0140248888889	-0,401098271605
34,85	0,5888624	-0,0352146666667	-0,331736049383
34,9	0,5863928	-0,0495444444444	-0,206816296296
34,95	0,5836488	-0,0570142222222	-0,0494597530864
35	0,580356	-0,0556422222222	0,132033827161
35,05	0,577612	-0,0435991111111	0,308445925926
35,1	0,5756912	-0,0230191111111	0,440903209877
35,15	0,5751424	0,00213422222222	0,513483703704
35,2	0,5754168	0,0346048888889	0,449202962963
35,25	0,5792584	0,0542702222222	0,241793827161
35,3	0,581728	0,0564044444444	0,0586911111111
35,35	0,5847464	0,0574715555556	-0,0842679012346
35,4	0,5877648	0,0500017777778	-0,24738345679
35,45	0,5902344	0,0327755555556	-0,390681234568
35,5	0,5916064	0,00503066666667	-0,418290617284
35,55	0,5902344	-0,0146346666667	-0,334192098765
35,6	0,5896856	-0,0257631111111	-0,277364197531
35,65	0,5880392	-0,0414648888889	-0,227565679012
35,7	0,5852952	-0,0516786666667	-0,120685185185
35,75	0,5825512	-0,05488	0,0178698765432
35,8	0,5795328	-0,0506115555556	0,173278518519
35,85	0,5770632	-0,0365866666667	0,304719506173
35,9	0,5756912	-0,017836	0,383567160494
35,95	0,5751424	0,00426844444444	0,403977777778
36	0,57624	0,0243911111111	0,374928641975
36,05	0,577612	0,0428368888889	0,312257037037
36,1	0,5806304	0,0582337777778	0,189962716049
36,15	0,5839232	0,0629595555556	0,0304888888889
36,2	0,5869416	0,0635693333333	-0,174379506173
36,25	0,5910576	0,0475626666667	-0,401691111111
36,3	0,5924296	0,0170737777778	-0,500271851852
36,35	0,5924296	-0,00899422222222	-0,460382222222
36,4	0,591332	-0,0304888888889	-0,370778765432
36,45	0,5891368	-0,0463431111111	-0,263813580247
36,5	0,5863928	-0,0553373333333	-0,168874567901
36,55	0,5839232	-0,0664657777778	-0,010162962963
36,6	0,578984	-0,06174	0,237813333333
36,65	0,5767888	-0,0381111111111	0,401182962963
36,7	0,5754168	-0,0158542222222	0,44674691358
36,75	0,5751424	0,00807955555556	0,435228888889
36,8	0,57624	0,030184	0,359176049383
36,85	0,5784352	0,0461906666667	0,233578765432
36,9	0,5811792	0,0544226666667	0,0835903703704
36,95	0,5841976	0,0545751111111	-0,0697009876543
37	0,5869416	0,0469528888889	-0,21138962963
37,05	0,5891368	0,0327755555556	-0,331143209877
37,1	0,5905088	0,0121955555556	-0,405925679012
37,15	0,5905088	-0,0114333333333	-0,399997283951
37,2	0,5891368	-0,0307937777778	-0,322165925926
37,25	0,587216	-0,0449711111111	-0,199448148148
37,3	0,584472	-0,0528982222222	-0,0298960493827
37,35	0,5814536	-0,0500017777778	0,167434814815
37,4	0,5787096	-0,0321657777778	0,284986419753
37,45	0,5784352	-0,0158542222222	0,287950617284
37,5	0,5773376	-0,00335377777778	0,272875555556
37,55	0,5778864	0,0120431111111	0,243148888889
37,6	0,578984	0,0199702222222	0,228497283951
37,65	0,5795328	0,0336902222222	0,222314814815
37,7	0,5822768	0,0469528888889	0,121955555556
37,75	0,5847464	0,0496968888889	-0,0531014814815
37,8	0,5877648	0,0410075555556	-0,223331111111
37,85	0,5891368	0,0243911111111	-0,333175802469
37,9	0,5902344	0,00579288888889	-0,388818024691
37,95	0,58996	-0,0170737777778	-0,378655061728
38	0,5883136	-0,0355195555556	-0,291338271605
38,05	0,5861184	-0,0474102222222	-0,168112345679
38,1	0,5833744	-0,0533555555556	-0,0191402469136
38,15	0,580356	-0,0495444444444	0,133727654321
38,2	0,5781608	-0,0388733333333	0,262543209877
38,25	0,57624	-0,0222568888889	0,36230962963
38,3	0,5756912	-0,000609777777778	0,416003950617
38,35	0,57624	0,0213422222222	0,417359012346
38,4	0,5778864	0,0417697777778	0,376537777778
38,45	0,5800816	0,0649413333333	0,211135555556
38,5	0,5852952	0,0693622222222	-0,071902962963
38,55	0,5880392	0,0532031111111	-0,27567037037
38,6	0,5905088	0,0355195555556	-0,357482222222
38,65	0,5916064	0,0163115555556	-0,399235061728
38,7	0,5921552	-0,00396355555556	-0,430994320988
38,75	0,591332	-0,0265253333333	-0,442935802469
38,8	0,58996	-0,0547275555556	-0,323012839506
38,85	0,5850208	-0,0663133333333	-0,0636879012346
38,9	0,5822768	-0,0570142222222	0,132203209877
38,95	0,5795328	-0,0478675555556	0,231122716049
39	0,5773376	-0,0339951111111	0,311748888889
39,05	0,5759656	-0,0167688888889	0,378824444444
39,1	0,5754168	0,005488	0,406095061728
39,15	0,5765144	0,02744	0,354856790123
39,2	0,5784352	0,0435991111111	0,241709135802
39,25	0,5811792	0,0524408888889	0,0998511111111
39,3	0,5839232	0,0541177777778	-0,0542024691358
39,35	0,5869416	0,0474102222222	-0,20707037037
39,4	0,5891368	0,0306413333333	-0,298621728395
39,45	0,58996	0,0140248888889	-0,316999753086
39,5	0,5905088	-0,00259155555556	-0,300484938272
39,55	0,5894112	-0,0144822222222	-0,298960493827
39,6	0,5894112	-0,0317084444444	-0,297012592593
39,65	0,5863928	-0,0498493333333	-0,189708641975
39,7	0,5836488	-0,0538128888889	-0,017277037037
39,75	0,5806304	-0,0486297777778	0,121108641975
39,8	0,578984	-0,0426844444444	0,270504197531
39,85	0,5756912	-0,0236288888889	0,433196296296
39,9	0,5759656	0,00746977777778	0,459789382716
39,95	0,5770632	0,0282022222222	0,362902469136
40	0,578984	0,0440564444444	0,235272592593
40,05	0,581728	0,0522884444444	0,0859617283951
40,1	0,584472	0,053508	-0,0774925925926
40,15	0,5874904	0,0449711111111	-0,242132592593
40,2	0,5894112	0,0268302222222	-0,352231358025
40,25	0,5902344	0,00625022222222	-0,386277283951
40,3	0,58996	-0,0135675555556	-0,36874617284
40,35	0,5888624	-0,0320133333333	-0,308191851852
40,4	0,5866672	-0,0472577777778	-0,18564345679
40,45	0,5836488	-0,052136	-0,0252380246914
40,5	0,5811792	-0,0495444444444	0,138809135802
40,55	0,5784352	-0,0388733333333	0,304041975309
40,6	0,5767888	-0,017836	0,422186419753
40,65	0,57624	0,0102137777778	0,403130864198
40,7	0,5784352	0,0275924444444	0,280667160494
40,75	0,5795328	0,0346048888889	0,204021481482
40,8	0,5814536	0,0468004444444	0,139910123457
40,85	0,584472	0,0528982222222	-0,00169382716049
40,9	0,587216	0,0484773333333	-0,179291604938
40,95	0,5896856	0,0347573333333	-0,34342345679
41	0,591332	0,00899422222222	-0,401267654321
41,05	0,5902344	-0,0114333333333	-0,338172592593
41,1	0,5896856	-0,0230191111111	-0,285833333333
41,15	0,5883136	-0,0391782222222	-0,235272592593
41,2	0,5855696	-0,0503066666667	-0,11746691358
41,25	0,5828256	-0,052136	0,0264237037037
41,3	0,5800816	-0,0468004444444	0,15862691358
41,35	0,5778864	-0,0349097777778	0,262712592593
41,4	0,5765144	-0,0198177777778	0,342915308642
41,45	0,5756912	-0,000152444444444	0,39788
41,5	0,57624	0,0237813333333	0,371202222222
41,55	0,5784352	0,0405502222222	0,270842962963
41,6	0,5806304	0,0506115555556	0,160405432099
41,65	0,5836488	0,0556422222222	0,051577037037
41,7	0,5861184	0,0588435555556	-0,112808888889
41,75	0,5902344	0,0475626666667	-0,326400493827
41,8	0,5916064	0,0214946666667	-0,449287654321
41,85	0,5921552	-0,00243911111111	-0,466395308642
41,9	0,591332	-0,0265253333333	-0,428792345679
41,95	0,5894112	-0,0469528888889	-0,334192098765
42	0,5866672	-0,0649413333333	-0,140926419753
42,05	0,5820024	-0,0643315555556	0,111623209877
42,1	0,5795328	-0,0486297777778	0,271605185185
42,15	0,5773376	-0,0333853333333	0,349690617284
42,2	0,5759656	-0,0131102222222	0,393984197531
42,25	0,5759656	0,00792711111111	0,387717037037
42,3	0,5767888	0,0280497777778	0,326146419753
42,35	0,578984	0,0429893333333	0,209102962963
42,4	0,5814536	0,0496968888889	0,0702091358025
42,45	0,5841976	0,0496968888889	-0,0665674074074
42,5	0,5866672	0,0431417777778	-0,200379753086
42,55	0,5888624	0,0286595555556	-0,306498024691
42,6	0,5896856	0,0102137777778	-0,357312839506
42,65	0,58996	-0,00990888888889	-0,338087901235
42,7	0,588588	-0,0268302222222	-0,247468148148
42,75	0,5869416	-0,0364342222222	-0,121955555556
42,8	0,584472	-0,0367391111111	-0,0328602469136
42,85	0,5833744	-0,0371964444444	0,0173617283951
42,9	0,5809048	-0,0382635555556	0,123564691358
42,95	0,578984	-0,0278973333333	0,275755061728
43	0,577612	-0,00746977777778	0,358837283951
43,05	0,5781608	0,0144822222222	0,312426419753
43,1	0,5795328	0,02744	0,19038617284
43,15	0,5814536	0,030184	0,115434320988
43,2	0,5822768	0,035672	0,0906197530864
43,25	0,5847464	0,0440564444444	-0,0154138271605
43,3	0,5874904	0,0375013333333	-0,181408888889
43,35	0,5888624	0,0225617777778	-0,293032098765
43,4	0,5896856	0,00609777777778	-0,354009876543
43,45	0,5896856	-0,0141773333333	-0,367560493827
43,5	0,5883136	-0,0344524444444	-0,297690123457
43,55	0,585844	-0,046648	-0,165317530864
43,6	0,5833744	-0,0515262222222	-0,0141434567901
43,65	0,580356	-0,0481724444444	0,13804691358
43,7	0,5781608	-0,0358244444444	0,25212617284
43,75	0,5767888	-0,0217995555556	0,336055308642
43,8	0,5756912	-0,00182933333333	0,401352345679
43,85	0,5765144	0,0207324444444	0,407534814815
43,9	0,5778864	0,0407026666667	0,355364938272
43,95	0,580356	0,0618924444444	0,185728148148
44	0,5850208	0,0638742222222	-0,0690234567901
44,05	0,5874904	0,0503066666667	-0,242894814815
44,1	0,58996	0,0352146666667	-0,332413580247
44,15	0,5910576	0,0172262222222	-0,402707407407
44,2	0,5918808	-0,00457333333333	-0,455893580247
44,25	0,5910576	-0,0333853333333	-0,401860493827
44,3	0,5880392	-0,0518311111111	-0,21223654321
44,35	0,5850208	-0,0536604444444	-0,0279481481481
44,4	0,5825512	-0,0501542222222	0,0807955555556
44,45	0,5800816	-0,0455808888889	0,177259012346
44,5	0,577612	-0,0333853333333	0,279820246914
44,55	0,5765144	-0,0160066666667	0,348504938272
44,6	0,5759656	0,00335377777778	0,370355308642
44,65	0,5767888	0,023324	0,334276790123
44,7	0,5784352	0,039788	0,23239308642
44,75	0,5811792	0,0475626666667	0,101968395062
44,8	0,5833744	0,0496968888889	-0,0279481481481
44,85	0,5863928	0,0451235555556	-0,155408641975
44,9	0,5883136	0,0323182222222	-0,241963209877
44,95	0,5896856	0,0173786666667	-0,265676790123
45	0,5896856	0,00701244444444	-0,301162469136
45,05	0,5907832	-0,0102137777778	-0,362140246914
45,1	0,5891368	-0,0347573333333	-0,313612098765
45,15	0,5866672	-0,0474102222222	-0,149310864198
45,2	0,5839232	-0,0492395555556	0,0177004938272
45,25	0,5814536	-0,0435991111111	0,145838518519
45,3	0,5792584	-0,0312511111111	0,210796790123
45,35	0,5787096	-0,0231715555556	0,278041728395
45,4	0,5765144	-0,00686	0,386531358025
45,45	0,5773376	0,0210373333333	0,384922222222
45,5	0,5792584	0,0378062222222	0,25940962963
45,55	0,5814536	0,0471053333333	0,108574320988
45,6	0,5841976	0,0487822222222	-0,0517464197531
45,65	0,5866672	0,0422271111111	-0,207832592593
45,7	0,5888624	0,0262204444444	-0,321742469136
45,75	0,5894112	0,00655511111111	-0,359430123457
45,8	0,5894112	-0,0115857777778	-0,345117283951
45,85	0,5883136	-0,0298791111111	-0,281514074074
45,9	0,5861184	-0,0416173333333	-0,173447901235
45,95	0,5839232	-0,0475626666667	-0,0484434567901
46	0,5811792	-0,0478675555556	0,10848962963
46,05	0,5787096	-0,0376537777778	0,276601975309
46,1	0,5770632	-0,019208	0,406857283951
46,15	0,57624	0,00899422222222	0,412108148148
46,2	0,5784352	0,0286595555556	0,285918024691
46,25	0,5798072	0,0353671111111	0,180985432099
46,3	0,581728	0,0440564444444	0,108404938272
46,35	0,5841976	0,0498493333333	-0,0248992592593
46,4	0,587216	0,0454284444444	-0,214269135802
46,45	0,5896856	0,0234764444444	-0,313442716049
46,5	0,5891368	0,00716488888889	-0,284478271605
46,55	0,58996	-0,00228666666667	-0,283546666667
46,6	0,5894112	-0,0193604444444	-0,301077777778
46,65	0,5880392	-0,0359768888889	-0,25212617284
46,7	0,5855696	-0,0478675555556	-0,134574567901
46,75	0,5828256	-0,0501542222222	0,00829975308643
46,8	0,580356	-0,0464955555556	0,143805925926
46,85	0,5778864	-0,0355195555556	0,266777777778
46,9	0,5765144	-0,0181408888889	0,347488641975
46,95	0,5759656	0,00198177777778	0,365781975309
47	0,5767888	0,0207324444444	0,328179012346
47,05	0,5781608	0,0361293333333	0,258054567901
47,1	0,5806304	0,0471053333333	0,167180740741
47,15	0,5831	0,052136	0,0717335802469
47,2	0,5855696	0,0585386666667	-0,100443950617
47,25	0,58996	0,0454284444444	-0,321319012346
47,3	0,5907832	0,0190555555556	-0,406603209877
47,35	0,591332	-0,000152444444444	-0,388140493827
47,4	0,5907832	-0,0190555555556	-0,359345432099
47,45	0,5894112	-0,0367391111111	-0,305735802469
47,5	0,5869416	-0,0506115555556	-0,216132345679
47,55	0,584472	-0,063112	-0,030742962963
47,6	0,5798072	-0,0583862222222	0,231715555556
47,65	0,577612	-0,0338426666667	0,379925432099
47,7	0,5767888	-0,0131102222222	0,383567160494
47,75	0,5765144	0,00442088888889	0,359938271605
47,8	0,5770632	0,0231715555556	0,31428962963
47,85	0,578984	0,0382635555556	0,219604691358
47,9	0,5811792	0,046648	0,0902809876543
47,95	0,5839232	0,04802	-0,0555575308642
48	0,5863928	0,0400928888889	-0,182001728395
48,05	0,5880392	0,0283546666667	-0,274992839506
48,1	0,5894112	0,0118906666667	-0,339442962963
48,15	0,5894112	-0,00807955555556	-0,337918518519
48,2	0,588588	-0,0262204444444	-0,246790617284
48,25	0,5863928	-0,0361293333333	-0,0948543209877
48,3	0,5841976	-0,0317084444444	-0,00745283950617
48,35	0,5836488	-0,0326231111111	0,0100782716049
48,4	0,5811792	-0,0358244444444	0,109082469136
48,45	0,5792584	-0,0242386666667	0,242047901235
48,5	0,5784352	-0,00670755555556	0,286510864198
48,55	0,5787096	0,00975644444444	0,232308395062
48,6	0,5800816	0,0147871111111	0,193435061728
48,65	0,5798072	0,0253057777778	0,207493827161
48,7	0,5822768	0,0402453333333	0,134235802469
48,75	0,584472	0,0431417777778	-0,0242217283951
48,8	0,5869416	0,0375013333333	-0,185135308642
48,85	0,588588	0,0227142222222	-0,303025679012
48,9	0,5894112	0,00365866666667	-0,341814320988
48,95	0,5888624	-0,0143297777778	-0,314543703704
49	0,5877648	-0,0282022222222	-0,261272839506
49,05	0,5861184	-0,0416173333333	-0,173956049383
49,1	0,5833744	-0,0489346666667	-0,0248992592593
49,15	0,5806304	-0,0442088888889	0,126105432099
49,2	0,5787096	-0,0332328888889	0,222738271605
49,25	0,5773376	-0,0207324444444	0,290660740741
49,3	0,5765144	-0,00518311111111	0,365189135803
49,35	0,5765144	0,0167688888889	0,406095061728
49,4	0,5781608	0,0388733333333	0,360954567901
49,45	0,580356	0,0593008888889	0,184965925926
49,5	0,5850208	0,0611302222222	-0,0641113580247
49,55	0,587216	0,0472577777778	-0,21824962963
49,6	0,5894112	0,0359768888889	-0,305142962963
49,65	0,5910576	0,0184457777778	-0,397625925926
49,7	0,5916064	-0,00503066666667	-0,446662222222
49,75	0,5907832	-0,0321657777778	-0,376368395062
49,8	0,5877648	-0,0472577777778	-0,208848888889
49,85	0,5855696	-0,0515262222222	-0,0544565432099
49,9	0,5825512	-0,0515262222222	0,0779160493827
49,95	0,5800816	-0,0437515555556	0,198008395062
50	0,5778864	-0,0298791111111	0,277533580247
50,05	0,5770632	-0,0140248888889	0,31386617284
50,1	0,5765144	0,00182933333333	0,33012691358
50,15	0,5770632	0,0204275555556	0,307937777778
50,2	0,5787096	0,0355195555556	0,224347407407
50,25	0,5809048	0,0442088888889	0,107473333333
50,3	0,5833744	0,0464955555556	-0,017022962963
50,35	0,585844	0,0417697777778	-0,122802469136
50,4	0,5877648	0,0324706666667	-0,194197283951
50,45	0,5891368	0,0208848888889	-0,23925308642
50,5	0,5896856	0,0106711111111	-0,311240740741
50,55	0,5907832	-0,00990888888889	-0,372811358025
50,6	0,5888624	-0,032928	-0,309038765432
50,65	0,5869416	-0,0451235555556	-0,157102469136
50,7	0,5839232	-0,0481724444444	-0,00262543209876
50,75	0,581728	-0,0419222222222	0,0978185185185
50,8	0,5800816	-0,0388733333333	0,199871604938
50,85	0,5773376	-0,0256106666667	0,350114074074
50,9	0,5767888	0,000914666666667	0,405248148148
50,95	0,5778864	0,02058	0,342068395062
51	0,578984	0,0364342222222	0,230021728395
51,05	0,581728	0,0458857777778	0,0695316049383
51,1	0,5841976	0,0426844444444	-0,0761375308642
51,15	0,5861184	0,0353671111111	-0,168789876543
51,2	0,5877648	0,0254582222222	-0,246197777778
51,25	0,5888624	0,0111284444444	-0,316491604938
51,3	0,5891368	-0,00807955555556	-0,340459259259
51,35	0,5880392	-0,0268302222222	-0,28126
51,4	0,5861184	-0,0385684444444	-0,165317530864
51,45	0,5839232	-0,0437515555556	-0,0319286419753
51,5	0,5814536	-0,0417697777778	0,107303950617
51,55	0,5795328	-0,0330804444444	0,241963209877
51,6	0,5778864	-0,0179884444444	0,36273308642
51,65	0,5770632	0,00853688888889	0,372726666667
51,7	0,5792584	0,026068	0,252719012346
51,75	0,580356	0,0310986666667	0,161845185185
51,8	0,5820024	0,0400928888889	0,0951083950617
51,85	0,584472	0,0445137777778	-0,0356550617284
51,9	0,5869416	0,0391782222222	-0,202920493827
51,95	0,5891368	0,0196653333333	-0,285325185185
52	0,588588	0,00442088888889	-0,250008888889
52,05	0,5891368	-0,00350622222222	-0,231800246914
52,1	0,588588	-0,0166164444444	-0,242471358025
52,15	0,5874904	-0,0295742222222	-0,218842469136
52,2	0,5855696	-0,0410075555556	-0,142959012346
52,25	0,5831	-0,0458857777778	-0,0210881481481
52,3	0,5806304	-0,0428368888889	0,103577530864
52,35	0,5787096	-0,0353671111111	0,223839259259
52,4	0,5767888	-0,0207324444444	0,334954320988
52,45	0,57624	0,001372	0,373912345679
52,5	0,5770632	0,0211897777778	0,32072617284
52,55	0,5787096	0,0343	0,239930617284
52,6	0,5806304	0,043904	0,168620493827
52,65	0,5831	0,0516786666667	0,07546
52,7	0,585844	0,0557946666667	-0,0980725925926
52,75	0,5894112	0,0446662222222	-0,312849876543
52,8	0,5910576	0,0189031111111	-0,418205925926
52,85	0,5910576	-0,004116	-0,384668148148
52,9	0,5902344	-0,0198177777778	-0,324621975309
52,95	0,5891368	-0,0352146666667	-0,273299012346
53	0,5866672	-0,0484773333333	-0,186829135802
53,05	0,5841976	-0,057624	-0,0265083950617
53,1	0,580356	-0,0545751111111	0,193096296296
53,15	0,5778864	-0,0344524444444	0,338172592593
53,2	0,5770632	-0,0149395555556	0,366290123457
53,25	0,5765144	0,00320133333333	0,352654814815
53,3	0,5773376	0,0210373333333	0,308022469136
53,35	0,5787096	0,0359768888889	0,219774074074
53,4	0,5811792	0,0451235555556	0,0878249382716
53,45	0,5836488	0,0448186666667	-0,0497138271605
53,5	0,585844	0,0390257777778	-0,165232839506
53,55	0,5877648	0,0277448888889	-0,261696296296
53,6	0,5888624	0,0111284444444	-0,315475308642
53,65	0,5888624	-0,00579288888889	-0,318947654321
53,7	0,5883136	-0,0230191111111	-0,262458518519
53,75	0,5863928	-0,0350622222222	-0,140587654321
53,8	0,584472	-0,0393306666667	0,0177851851852
53,85	0,581728	-0,0298791111111	0,114672098765
53,9	0,581728	-0,0228666666667	0,121870864198
53,95	0,5798072	-0,0208848888889	0,173109135802
54	0,578984	-0,00731733333333	0,242725432099
54,05	0,578984	0,00731733333333	0,240862222222
54,1	0,5798072	0,0207324444444	0,168027654321
54,15	0,581728	0,0224093333333	0,113655802469
54,2	0,581728	0,0283546666667	0,112216049383
54,25	0,5841976	0,0387208888889	0,0199024691358
54,3	0,5863928	0,0344524444444	-0,145499753086
54,35	0,5880392	0,0213422222222	-0,264660493827
54,4	0,588588	0,00487822222222	-0,315814074074
54,45	0,588588	-0,0126528888889	-0,303533827161
54,5	0,587216	-0,0277448888889	-0,235780740741
54,55	0,5855696	-0,0371964444444	-0,139571358025
54,6	0,5833744	-0,0426844444444	-0,0211728395062
54,65	0,5809048	-0,0394831111111	0,101544938272
54,7	0,5792584	-0,0314035555556	0,202412345679
54,75	0,577612	-0,019208	0,297774814815
54,8	0,5770632	-0,000457333333333	0,360192345679
54,85	0,577612	0,0179884444444	0,37814691358
54,9	0,5784352	0,0423795555556	0,288458765432
54,95	0,5825512	0,0527457777778	0,085707654321
55	0,584472	0,0478675555556	-0,0701244444445
55,05	0,587216	0,0422271111111	-0,163030864198
55,1	0,5888624	0,0317084444444	-0,245943703704
55,15	0,5905088	0,0184457777778	-0,335631851852
55,2	0,5910576	-0,002744	-0,398388148148
55,25	0,5902344	-0,0240862222222	-0,389072098765
55,3	0,5888624	-0,0472577777778	-0,262712592593
55,35	0,5847464	-0,0551848888889	-0,0434466666667
55,4	0,5825512	-0,0471053333333	0,102645925926
55,45	0,580356	-0,0414648888889	0,180900740741
55,5	0,5781608	-0,030184	0,261188148148
55,55	0,5770632	-0,0140248888889	0,309377530864
55,6	0,5767888	0,00259155555556	0,318270123457
55,65	0,5773376	0,0189031111111	0,293370864198
55,7	0,5787096	0,0336902222222	0,223923950617
55,75	0,5809048	0,0434466666667	0,107558024691
55,8	0,5833744	0,0455808888889	-0,0306582716049
55,85	0,585844	0,0391782222222	-0,141688641975
55,9	0,5874904	0,0283546666667	-0,192842222222
55,95	0,588588	0,0181408888889	-0,210796790123
56	0,5891368	0,009604	-0,262119753086
56,05	0,58996	-0,00640266666667	-0,330211604938
56,1	0,5888624	-0,0283546666667	-0,30141654321
56,15	0,5866672	-0,0416173333333	-0,173956049383
56,2	0,5841976	-0,0451235555556	-0,0419222222222
56,25	0,5820024	-0,0432942222222	0,0590298765432
56,3	0,5800816	-0,0419222222222	0,200633827161
56,35	0,5770632	-0,026068	0,374589876543
56,4	0,5767888	0,00243911111111	0,414733580247
56,45	0,5778864	0,0217995555556	0,322674074074
56,5	0,5792584	0,0346048888889	0,208001975309
56,55	0,5814536	0,0428368888889	0,0814730864198
56,6	0,5839232	0,0426844444444	-0,0426844444444
56,65	0,585844	0,0382635555556	-0,158796296296
56,7	0,5880392	0,0269826666667	-0,269487901235
56,75	0,5888624	0,00899422222222	-0,328263703704
56,8	0,5888624	-0,00838444444445	-0,327501481482
56,85	0,5880392	-0,0256106666667	-0,276093827161
56,9	0,5861184	-0,0382635555556	-0,169467407407
56,95	0,5839232	-0,0440564444444	-0,0231207407407
57	0,5814536	-0,0419222222222	0,146685432099
57,05	0,5792584	-0,0294217777778	0,298875802469
57,1	0,5778864	-0,00564044444444	0,32369037037
57,15	0,5792584	0,00884177777778	0,234256296296
57,2	0,5792584	0,0144822222222	0,190132098765
57,25	0,580356	0,0250008888889	0,189962716049
57,3	0,581728	0,0353671111111	0,153206666667
57,35	0,5839232	0,0443613333333	0,0333683950617
57,4	0,5866672	0,0417697777778	-0,146854814815
57,45	0,588588	0,0285071111111	-0,296927901235
57,5	0,58996	0,00640266666667	-0,332667654321
57,55	0,5888624	-0,00975644444445	-0,265168641975
57,6	0,588588	-0,0184457777778	-0,213337530864
57,65	0,587216	-0,0294217777778	-0,184034320988
57,7	0,5855696	-0,0381111111111	-0,128730864198
57,75	0,5833744	-0,0449711111111	-0,020749382716
57,8	0,5806304	-0,0422271111111	0,125343209877
57,85	0,5787096	-0,030184	0,229767654321
57,9	0,577612	-0,016464	0,277533580247
57,95	0,5770632	-0,00182933333333	0,299638024691
58	0,5773376	0,0141773333333	0,295488148148
58,05	0,5784352	0,030184	0,239337777778
58,1	0,5806304	0,0402453333333	0,142281481481
58,15	0,5828256	0,0434466666667	0,0531014814815
58,2	0,5850208	0,043904	-0,0222738271605
58,25	0,5869416	0,0457333333333	-0,174718271605
58,3	0,5905088	0,030184	-0,378655061728
58,35	0,5907832	-0,000304888888888	-0,434974814815
58,4	0,5896856	-0,0195128888889	-0,363410617284
58,45	0,588588	-0,0335377777778	-0,306582716049
58,5	0,5869416	-0,0539653333333	-0,170399012346
58,55	0,5822768	-0,0568617777778	0,0706325925926
58,6	0,580356	-0,0419222222222	0,226464691358
58,65	0,5784352	-0,0298791111111	0,293963703704
58,7	0,5770632	-0,0117382222222	0,323944444444
58,75	0,5773376	0,00457333333333	0,304634814815
58,8	0,577612	0,019208	0,267624691358
58,85	0,5792584	0,0327755555556	0,195128888889
58,9	0,5811792	0,0399404444444	0,0930758024691
58,95	0,5833744	0,0429893333333	-0,0293879012346
59	0,585844	0,0376537777778	-0,160236049383
59,05	0,5874904	0,0248484444444	-0,248738518519
59,1	0,5883136	0,0106711111111	-0,289729135803
59,15	0,588588	-0,00457333333333	-0,303787901235
59,2	0,5880392	-0,0222568888889	-0,255175061728
59,25	0,5861184	-0,0339951111111	-0,128815555556
59,3	0,5841976	-0,0362817777778	0,0175311111111
59,35	0,5820024	-0,028812	0,101883703704
59,4	0,5814536	-0,0222568888889	0,116111851852
59,45	0,5800816	-0,0196653333333	0,16336962963
59,5	0,578984	-0,00807955555556	0,236458271605
59,55	0,578984	0,00807955555556	0,234595061728
59,6	0,5800816	0,0195128888889	0,158372839506
59,65	0,5814536	0,0217995555556	0,10848962963
59,7	0,5820024	0,0272875555556	0,102391851852
59,75	0,5839232	0,0358244444444	0,028337728395
59,8	0,5861184	0,0339951111111	-0,113545703704
59,85	0,5877648	0,0227142222222	-0,222831432099
59,9	0,588588	0,00740879999997	-0,247341111109
59,95	0,5883136	-0,00495444444438	-0,214091283946
60	0,5874904	-0,0121955555553	-0,176547604932
