0,05	0,0219719417445	-0,126224	-0,53740054321
0,1	0,0167583417445	-0,153892666667	-0,450820567901
0,15	0,00797754174455	-0,1832992	-0,201150444444
0,2	-0,00272405825545	-0,189640888889	0,32183562963
0,25	-0,0128768582555	-0,155645777778	0,960713358025
0,3	-0,0197368582555	-0,0862835555556	1,44461437037
0,35	-0,0222064582555	0,001372	1,62776790123
0,4	-0,0197368582555	0,0911617777778	1,44889975309
0,45	-0,0123280582555	0,161438666667	0,912888148148
0,5	-0,00190085825545	0,19208	0,150581234568
0,55	0,00880074174455	0,176683111111	-0,626800740741
0,6	0,0173071417445	0,122717777778	-1,2458945679
0,65	0,0222463417445	0,0405502222222	-1,58169580247
0,7	0,0216975417445	-0,0501542222222	-1,55865975309
0,75	0,0167583417445	-0,129272888889	-1,19092987654
0,8	0,00770314174455	-0,181256444444	-0,538721728395
0,85	-0,00327285825545	-0,188573777778	0,241878518519
0,9	-0,0128768582555	-0,153664	0,948458518519
0,95	-0,0200112582555	-0,0849115555556	1,44026123457
1	-0,0222064582555	0,00381111111111	1,6062562963
1,05	-0,0194624582555	0,0897897777778	1,42222197531
1,1	-0,0126024582555	0,158847111111	0,919832839506
1,15	-0,00217525825545	0,192842222222	0,167096049383
1,2	0,00880074174455	0,177750222222	-0,63281382716
1,25	0,0173071417445	0,121498222222	-1,25343209877
1,3	0,0219719417445	0,0393306666667	-1,56577382716
1,35	0,0214231417445	-0,0486297777778	-1,53867259259
1,4	0,0167583417445	-0,127138666667	-1,19160740741
1,45	0,00770314174455	-0,179732	-0,561842469136
1,5	-0,00299845825545	-0,189945777778	0,218334320988
1,55	-0,0131512582555	-0,155645777778	0,948289135802
1,6	-0,0200112582555	-0,0856737777778	1,45381185185
1,65	-0,0224808582555	0,00320133333333	1,62836074074
1,7	-0,0197368582555	0,0925337777778	1,42798098765
1,75	-0,0123280582555	0,160066666667	0,889936790123
1,8	-0,00217525825545	0,190098222222	0,145245679012
1,85	0,00852634174455	0,175616	-0,626800740741
1,9	0,0170327417445	0,120888444444	-1,24318444444
1,95	0,0216975417445	0,0396355555556	-1,5745817284
2	0,0214231417445	-0,0515262222222	-1,54443160494
2,05	0,0159351417445	-0,128968	-1,16653876543
2,1	0,00742874174455	-0,178664888889	-0,528474074074
2,15	-0,00354725825545	-0,188268888889	0,25297308642
2,2	-0,0134256582555	-0,15092	0,97454345679
2,25	-0,0200112582555	-0,0797284444444	1,44331012346
2,3	-0,0219320582555	0,00640266666667	1,58940271605
2,35	-0,0194624582555	0,0931435555556	1,38758320988
2,4	-0,0117792582555	0,159152	0,855636790123
2,45	-0,00190085825545	0,186592	0,130509382716
2,5	0,00852634174455	0,173024444444	-0,620110123457
2,55	0,0170327417445	0,119516444444	-1,24047432099
2,6	0,0216975417445	0,0373488888889	-1,57703777778
2,65	0,0211487417445	-0,0539653333333	-1,53867259259
2,7	0,0156607417445	-0,130949777778	-1,14790666667
2,75	0,00687994174455	-0,178817333333	-0,504929876543
2,8	-0,00382165825545	-0,186896888889	0,263898271605
2,85	-0,0137000582555	-0,150310222222	0,977761728395
2,9	-0,0202856582555	-0,0789662222222	1,45389654321
2,95	-0,0222064582555	0,00853688888889	1,59922691358
3	-0,0194624582555	0,0955826666667	1,3841108642
3,05	-0,0117792582555	0,161133777778	0,83607308642
3,1	-0,00162645825545	0,186439555556	0,112808888889
3,15	0,00852634174455	0,1715	-0,602663703704
3,2	0,0170327417445	0,119364	-1,16848666667
3,25	0,0211487417445	0,0469528888889	-1,52978
3,3	0,0225207417445	-0,0429893333333	-1,62505777778
3,35	0,0170327417445	-0,132931555556	-1,3092437037
3,4	0,00797754174455	-0,192689777778	-0,582168395062
3,45	-0,00464485825545	-0,198482666667	0,317507901235
3,5	-0,0139744582555	-0,153664	1,07456395062
3,55	-0,0211088582555	-0,0789662222222	1,54197555556
3,6	-0,0227552582555	0,0153968888889	1,64140320988
3,65	-0,0191880582555	0,101375555556	1,35573925926
3,7	-0,0115048582555	0,161743555556	0,798046666667
3,75	-0,00162645825545	0,186744444444	0,0982419753086
3,8	0,00880074174455	0,172414666667	-0,617654074074
3,85	0,0173071417445	0,118144444444	-1,18508617284
3,9	0,0211487417445	0,0458857777778	-1,54282246914
3,95	0,0227951417445	-0,0454284444444	-1,63344222222
4	0,0167583417445	-0,136132888889	-1,28790148148
4,05	0,00770314174455	-0,192537333333	-0,531438271605
4,1	-0,00464485825545	-0,197568	0,408974567901
4,15	-0,0145232582555	-0,145736888889	1,20905382716
4,2	-0,0208344582555	-0,0568617777778	1,57500518519
4,25	-0,0200112582555	0,0317084444444	1,48972098765
4,3	-0,0167184582555	0,101070666667	1,15917061728
4,35	-0,00903525825545	0,149548	0,726397777778
4,4	-0,00107765825545	0,176683111111	0,192672839506
4,45	0,00934954174455	0,179579555556	-0,538975802469
4,5	0,0195023417445	0,126528888889	-1,30678765432
4,55	0,0238927417445	0,0318608888889	-1,71118888889
4,6	0,0225207417445	-0,0646364444444	-1,6500417284
4,65	0,0170327417445	-0,149243111111	-1,18423925926
4,7	0,00605674174455	-0,196500888889	-0,408212345679
4,75	-0,00491925825545	-0,191470222222	0,41803654321
4,8	-0,0145232582555	-0,148328444444	1,1060691358
4,85	-0,0211088582555	-0,0718013333333	1,55603432099
4,9	-0,0224808582555	0,021952	1,64665407407
4,95	-0,0186392582555	0,109302666667	1,34769358025
5	-0,0104072582555	0,169518222222	0,740795308642
5,05	1,99417445452E-005	0,189031111111	-0,0118567901235
5,1	0,0101727417445	0,166926666667	-0,739270864198
5,15	0,0181303417445	0,109150222222	-1,31263135802
5,2	0,0222463417445	0,0243911111111	-1,60286864198
5,25	0,0208743417445	-0,0670755555556	-1,51326518519
5,3	0,0148375417445	-0,142078222222	-1,06355407407
5,35	0,00523354174455	-0,183085777778	-0,37560617284
5,4	-0,00519365825545	-0,182018666667	0,379332592593
5,45	-0,0145232582555	-0,141925777778	1,05169728395
5,5	-0,0208344582555	-0,0676853333333	1,49598814815
5,55	-0,0219320582555	0,0221044444444	1,5947382716
5,6	-0,0183648582555	0,106406222222	1,3344817284
5,65	-0,0104072582555	0,168146222222	0,765948641975
5,7	1,99417445452E-005	0,191470222222	0,00228666666666
5,75	0,0107215417445	0,168298666667	-0,760951851852
5,8	0,0184047417445	0,106863555556	-1,32965432099
5,85	0,0222463417445	0,0234764444444	-1,60269925926
5,9	0,0211487417445	-0,0678377777778	-1,5186854321
5,95	0,0148375417445	-0,143907555556	-1,0685508642
6	0,00523354174455	-0,184457777778	-0,377045925926
6,05	-0,00519365825545	-0,184915111111	0,397625925926
6,1	-0,0150720582555	-0,141773333333	1,09226444444
6,15	-0,0208344582555	-0,0643315555556	1,51893950617
6,2	-0,0219320582555	0,0250008888889	1,58948740741
6,25	-0,0180904582555	0,108540444444	1,31229259259
6,3	-0,0101328582555	0,168298666667	0,739270864198
6,35	0,000294341744545	0,190098222222	-0,01372
6,4	0,0107215417445	0,167384	-0,77348617284
6,45	0,0186791417445	0,105186666667	-1,35133530864
6,5	0,0222463417445	0,0185982222222	-1,60430839506
6,55	0,0205999417445	-0,0704293333333	-1,48734962963
6,6	0,0145631417445	-0,143450222222	-1,04161901235
6,65	0,00495914174455	-0,184610222222	-0,356127160494
6,7	-0,00574245825545	-0,182018666667	0,405078765432
6,75	-0,0147976582555	-0,140248888889	1,07473333333
6,8	-0,0211088582555	-0,065856	1,52139555556
6,85	-0,0222064582555	0,0266777777778	1,61438666667
6,9	-0,0180904582555	0,111741777778	1,3276217284
6,95	-0,00985845825545	0,170280444444	0,760867160494
7	0,000294341744545	0,193909333333	0,0250686419753
7,05	0,0109959417445	0,177750222222	-0,797369135802
7,1	0,0203255417445	0,110979555556	-1,50030740741
7,15	0,0238927417445	0,00686	-1,7460817284
7,2	0,0203255417445	-0,0868933333333	-1,47786419753
7,25	0,0137399417445	-0,149852888889	-0,947780987654
7,3	0,00441034174455	-0,185372444444	-0,291084197531
7,35	-0,00629125825545	-0,182933333333	0,441919506173
7,4	-0,0156208582555	-0,139334222222	1,11089654321
7,45	-0,0216576582555	-0,0620448888889	1,54256839506
7,5	-0,0224808582555	0,0307937777778	1,60320740741
7,55	-0,0180904582555	0,113266222222	1,30373876543
7,6	-0,0101328582555	0,1715	0,738593333333
7,65	0,000568741744545	0,192537333333	0,0219350617284
7,7	0,0104471417445	0,177292888889	-0,764762962963
7,75	0,0203255417445	0,114485777778	-1,47075012346
7,8	0,0236183417445	0,0144822222222	-1,80240148148
7,85	0,0219719417445	-0,0897897777778	-1,59905753086
7,9	0,0131911417445	-0,163572888889	-0,971494567901
7,95	0,00358714174455	-0,190708	-0,209272345679
8	-0,00711445825545	-0,182933333333	0,531777037037
8,05	-0,0164440582555	-0,133693777778	1,16111851852
8,1	-0,0216576582555	-0,056252	1,5329982716
8,15	-0,0224808582555	0,0323182222222	1,58669259259
8,2	-0,0183648582555	0,117229777778	1,28053333333
8,25	-0,00958405825545	0,174091555556	0,657204938272
8,3	0,000843141744545	0,188421333333	-0,0988348148148
8,35	0,0109959417445	0,161286222222	-0,799317037037
8,4	0,0184047417445	0,0990888888889	-1,29865728395
8,45	0,0211487417445	0,0240862222222	-1,58609975309
8,5	0,0216975417445	-0,0675328888889	-1,61650395062
8,55	0,0148375417445	-0,160828888889	-1,14324864198
8,6	0,00303834174455	-0,200616888889	-0,274145925926
8,65	-0,00766325825545	-0,185067555556	0,573021728395
8,7	-0,0167184582555	-0,133541333333	1,21125580247
8,75	-0,0222064582555	-0,0532031111111	1,56975432099
8,8	-0,0224808582555	0,0373488888889	1,58457530864
8,85	-0,0180904582555	0,118754222222	1,27062444444
8,9	-0,00958405825545	0,175463555556	0,68642345679
8,95	0,00111754174455	0,192537333333	-0,0379417283951
9	0,0109959417445	0,173329333333	-0,791694814815
9,05	0,0203255417445	0,110369777778	-1,43746641975
9,1	0,0236183417445	0,0134151111111	-1,71212049383
9,15	0,0214231417445	-0,0806431111111	-1,53740222222
9,2	0,0145631417445	-0,153206666667	-1,03179481481
9,25	0,00468474174455	-0,190555555556	-0,329110617284
9,3	-0,00574245825545	-0,191622666667	0,481385679012
9,35	-0,0167184582555	-0,142535555556	1,24572518519
9,4	-0,0222064582555	-0,0475626666667	1,60151358025
9,45	-0,0205600582555	0,0367391111111	1,52563012346
9,5	-0,0180904582555	0,110674666667	1,23446123457
9,55	-0,00930965825545	0,171804888889	0,664488395062
9,6	0,00111754174455	0,187354222222	-0,113909876543
9,65	0,0112703417445	0,159152	-0,867070123457
9,7	0,0186791417445	0,0911617777778	-1,40138790123
9,75	0,0211487417445	0,004116	-1,58415185185
9,8	0,0189535417445	-0,0812528888889	-1,41773333333
9,85	0,0123679417445	-0,149548	-0,948966666667
9,9	0,00276394174455	-0,186287111111	-0,245859012346
9,95	-0,00821205825545	-0,177445333333	0,528558765432
10	-0,0167184582555	-0,126986222222	1,15993283951
10,05	-0,0219320582555	-0,0501542222222	1,52173432099
10,1	-0,0222064582555	0,0382635555556	1,55705061728
10,15	-0,0178160582555	0,119059111111	1,25986864198
10,2	-0,00930965825545	0,176073333333	0,672364691358
10,25	0,00139194174455	0,193147111111	-0,0837597530864
10,3	0,0115447417445	0,170585333333	-0,879096296296
10,35	0,0208743417445	0,0963448888889	-1,47007259259
10,4	0,0216975417445	0,00503066666667	-1,65131209877
10,45	0,0208743417445	-0,0789662222222	-1,53003407407
10,5	0,0142887417445	-0,163725333333	-1,03077851852
10,55	0,00221514174455	-0,198482666667	-0,192164691358
10,6	-0,00793765825545	-0,180189333333	0,616807160494
10,65	-0,0169928582555	-0,127748444444	1,22946444444
10,7	-0,0219320582555	-0,0463431111111	1,56196271605
10,75	-0,0219320582555	0,042532	1,5487508642
10,8	-0,0172672582555	0,121650666667	1,2099854321
10,85	-0,00876085825545	0,175006222222	0,596650617284
10,9	0,00194074174455	0,187354222222	-0,152275061728
10,95	0,0118191417445	0,156865333333	-0,842848395062
11	0,0189535417445	0,093296	-1,32474222222
11,05	0,0214231417445	0,0167688888889	-1,58753950617
11,1	0,0214231417445	-0,0742404444444	-1,57966320988
11,15	0,0142887417445	-0,163877777778	-1,07998419753
11,2	0,00248954174455	-0,200159555556	-0,202920493827
11,25	-0,00821205825545	-0,180341777778	0,635693333333
11,3	-0,0167184582555	-0,126071555556	1,24758839506
11,35	-0,0219320582555	-0,0448186666667	1,57466641975
11,4	-0,0216576582555	0,0460382222222	1,5445162963
11,45	-0,0167184582555	0,12348	1,17864962963
11,5	-0,00821205825545	0,173786666667	0,564721975309
11,55	0,00221514174455	0,185524888889	-0,182086419753
11,6	0,0120935417445	0,154731111111	-0,900777283951
11,65	0,0192279417445	0,0871982222222	-1,41722518519
11,7	0,0216975417445	-0,001372	-1,59211283951
11,75	0,0189535417445	-0,0875031111111	-1,39452790123
11,8	0,0120935417445	-0,153206666667	-0,889852098765
11,85	0,00221514174455	-0,184152888889	-0,192588148148
11,9	-0,00793765825545	-0,174853777778	0,558285432099
11,95	-0,0169928582555	-0,124242222222	1,20126222222
12	-0,0216576582555	-0,0429893333333	1,5630637037
12,05	-0,0216576582555	0,0475626666667	1,55552617284
12,1	-0,0164440582555	0,127138666667	1,19711234568
12,15	-0,00766325825545	0,177140444444	0,587673333333
12,2	0,00276394174455	0,189793333333	-0,137708148148
12,25	0,0126423417445	0,166012	-0,902640493827
12,3	0,0214231417445	0,0955826666667	-1,53536962963
12,35	0,0236183417445	-0,005488	-1,75531308642
12,4	0,0205999417445	-0,101832888889	-1,47888049383
12,45	0,0120935417445	-0,168146222222	-0,842848395062
12,5	0,00194074174455	-0,190555555556	-0,0736814814815
12,55	-0,00848645825545	-0,173634222222	0,659745679012
12,6	-0,0169928582555	-0,118601777778	1,23937333333
12,65	-0,0213832582555	-0,038416	1,54256839506
12,7	-0,0211088582555	0,0489346666667	1,51699160494
12,75	-0,0161696582555	0,127291111111	1,15137901235
12,8	-0,00711445825545	0,175463555556	0,514415308642
12,85	0,00303834174455	0,183390666667	-0,238236790123
12,9	0,0129167417445	0,149700444444	-0,941683209877
12,95	0,0195023417445	0,0803382222222	-1,4278962963
13	0,0216975417445	-0,00716488888889	-1,57636024691
13,05	0,0186791417445	-0,0923813333333	-1,35997382716
13,1	0,0115447417445	-0,155645777778	-0,837512839506
13,15	0,00166634174455	-0,183543111111	-0,13118691358
13,2	-0,00848645825545	-0,170280444444	0,610709382716
13,25	-0,0169928582555	-0,117382222222	1,22412888889
13,3	-0,0213832582555	-0,0365866666667	1,55967604938
13,35	-0,0211088582555	0,0542702222222	1,52105679012
13,4	-0,0153464582555	0,131102222222	1,11462296296
13,45	-0,00656565825545	0,174853777778	0,474779753086
13,5	0,00358714174455	0,181713777778	-0,253565925926
13,55	0,0131911417445	0,148785777778	-0,950067654321
13,6	0,0200511417445	0,0789662222222	-1,44729061728
13,65	0,0219719417445	-0,0111284444444	-1,5888945679
13,7	0,0186791417445	-0,0963448888889	-1,3429508642
13,75	0,0112703417445	-0,156865333333	-0,807193333333
13,8	0,00166634174455	-0,183543111111	-0,106541728395
13,85	-0,00876085825545	-0,169365777778	0,63027308642
13,9	-0,0169928582555	-0,114485777778	1,22412888889
13,95	-0,0211088582555	-0,0359768888889	1,54925901235
14	-0,0211088582555	0,0539653333333	1,53579308642
14,05	-0,0153464582555	0,133541333333	1,14917703704
14,1	-0,00629125825545	0,180341777778	0,486043703704
14,15	0,00441034174455	0,184915111111	-0,268132839506
14,2	0,0134655417445	0,153968888889	-1,00587925926
14,25	0,0219719417445	0,0765271111111	-1,53426864198
14,3	0,0219719417445	-0,0202751111111	-1,60828888889
14,35	0,0189535417445	-0,0996986666667	-1,30932839506
14,4	0,0112703417445	-0,159304444444	-0,776958518518
14,45	0,00166634174455	-0,184152888889	-0,0810496296296
14,5	-0,00876085825545	-0,169518222222	0,651954074074
14,55	-0,0169928582555	-0,114180888889	1,2596145679
14,6	-0,0213832582555	-0,0307937777778	1,56518098765
14,65	-0,0202856582555	0,0585386666667	1,48912814815
14,7	-0,0147976582555	0,131407111111	1,08337185185
14,75	-0,00601685825545	0,175920888889	0,448779506173
14,8	0,00441034174455	0,180799111111	-0,292862716049
14,85	0,0137399417445	0,144669777778	-0,979624938272
14,9	0,0203255417445	0,074088	-1,44923851852
14,95	0,0219719417445	-0,0153968888889	-1,56331777778
15	0,0184047417445	-0,0975644444444	-1,31068345679
15,05	0,0112703417445	-0,157017777778	-0,787206172839
15,1	0,00139194174455	-0,183238222222	-0,0912972839506
15,15	-0,00876085825545	-0,167993777778	0,642722716049
15,2	-0,0169928582555	-0,114028444444	1,24902814815
15,25	-0,0213832582555	-0,031556	1,57331135802
15,3	-0,0205600582555	0,0600631111111	1,50682864198
15,35	-0,0145232582555	0,133388888889	1,09573679012
15,4	-0,00601685825545	0,177750222222	0,464023950617
15,45	0,00468474174455	0,184457777778	-0,283970123457
15,5	0,0140143417445	0,151072444444	-1,03433555556
15,55	0,0219719417445	0,0710391111111	-1,54172148148
15,6	0,0216975417445	-0,0239337777778	-1,59295975309
15,65	0,0186791417445	-0,102595111111	-1,28637703704
15,7	0,0107215417445	-0,161133777778	-0,742235061728
15,75	0,00111754174455	-0,183543111111	-0,0408212345679
15,8	-0,00930965825545	-0,165859555556	0,672110617284
15,85	-0,0169928582555	-0,110674666667	1,24708024691
15,9	-0,0213832582555	-0,0306413333333	1,55764345679
15,95	-0,0205600582555	0,0599106666667	1,50894592593
16	-0,0147976582555	0,136285333333	1,08413407407
16,05	-0,00546805825545	0,178512444444	0,409567407407
16,1	0,00468474174455	0,180341777778	-0,346218271605
16,15	0,0142887417445	0,140401333333	-1,01544938272
16,2	0,0200511417445	0,0686	-1,44043061728
16,25	0,0216975417445	-0,0172262222222	-1,53689407407
16,3	0,0181303417445	-0,0986315555556	-1,29662469136
16,35	0,0109959417445	-0,158694666667	-0,766287407407
16,4	0,000843141744545	-0,183695555556	-0,0422609876543
16,45	-0,00930965825545	-0,163420444444	0,693114074074
16,5	-0,0169928582555	-0,106558666667	1,25123012346
16,55	-0,0208344582555	-0,0269826666667	1,52961061728
16,6	-0,0200112582555	0,0596057777778	1,47379901235
16,65	-0,0145232582555	0,135675555556	1,05881135802
16,7	-0,00491925825545	0,176835555556	0,379925432099
16,75	0,00495914174455	0,175311111111	-0,356211851852
16,8	0,0140143417445	0,137352444444	-1,00223753086
16,85	0,0200511417445	0,0669231111111	-1,43712765432
16,9	0,0214231417445	-0,0199702222222	-1,54273777778
16,95	0,0178559417445	-0,102442666667	-1,28688518519
17	0,0101727417445	-0,160828888889	-0,733257777778
17,05	0,000294341744545	-0,182780888889	-0,00872320987654
17,1	-0,00985845825545	-0,162200888889	0,723518271605
17,15	-0,0175416582555	-0,103204888889	1,28358222222
17,2	-0,0211088582555	-0,0210373333333	1,53901135802
17,25	-0,0197368582555	0,0643315555556	1,45482814815
17,3	-0,0142488582555	0,137809777778	1,04229654321
17,35	-0,00464485825545	0,179579555556	0,371202222222
17,4	0,00550794174455	0,178512444444	-0,388055802469
17,45	0,0148375417445	0,137047555556	-1,05711753086
17,5	0,0205999417445	0,0626546666667	-1,4785417284
17,55	0,0216975417445	-0,0259155555556	-1,54256839506
17,6	0,0175815417445	-0,105796444444	-1,25927580247
17,65	0,0101727417445	-0,162200888889	-0,710814567901
17,7	1,99417445452E-005	-0,184305333333	0,0112639506173
17,75	-0,0101328582555	-0,162200888889	0,751042962963
17,8	-0,0178160582555	-0,101375555556	1,30890493827
17,85	-0,0211088582555	-0,0189031111111	1,56441876543
17,9	-0,0200112582555	0,0698195555556	1,45897802469
17,95	-0,0134256582555	0,141773333333	1,00164469136
18	-0,00437045825545	0,178969777778	0,32284345679
18,05	0,00605674174455	0,176835555556	-0,424134320988
18,1	0,0151119417445	0,132016888889	-1,06372345679
18,15	0,0203255417445	0,0600631111111	-1,45347308642
18,2	0,0216975417445	-0,0259155555556	-1,52927185185
18,25	0,0175815417445	-0,107320888889	-1,25538
18,3	0,00989834174455	-0,163420444444	-0,69328345679
18,35	-0,000254458255455	-0,183085777778	0,0280328395062
18,4	-0,0101328582555	-0,160676444444	0,750704197531
18,45	-0,0178160582555	-0,101680444444	1,31440987654
18,5	-0,0213832582555	-0,0170737777778	1,57949382716
18,55	-0,0197368582555	0,0722586666667	1,46202691358
18,6	-0,0134256582555	0,14406	0,989703209877
18,65	-0,00382165825545	0,180341777778	0,293286172839
18,7	0,00633114174455	0,174701333333	-0,447085679012
18,75	0,0151119417445	0,131712	-1,08667481481
18,8	0,0208743417445	0,0567093333333	-1,48929753086
18,85	0,0214231417445	-0,0327755555556	-1,5271545679
18,9	0,0170327417445	-0,110674666667	-1,21235679012
18,95	0,00934954174455	-0,163877777778	-0,64526345679
19	-0,000803258255455	-0,180951555556	0,0626716049383
19,05	-0,0104072582555	-0,157627555556	0,765101728395
19,1	-0,0180904582555	-0,0977168888889	1,30289185185
19,15	-0,0211088582555	-0,015092	1,54502444444
19,2	-0,0197368582555	0,0710391111111	1,43873679012
19,25	-0,0134256582555	0,142535555556	0,999019259259
19,3	-0,00409605825545	0,180799111111	0,320726172839
19,35	0,00633114174455	0,177902666667	-0,437854320988
19,4	0,0153863417445	0,133693777778	-1,1081017284
19,45	0,0211487417445	0,0559471111111	-1,51174074074
19,5	0,0214231417445	-0,0333853333333	-1,54112864198
19,55	0,0173071417445	-0,111894222222	-1,22819407407
19,6	0,00934954174455	-0,167231555556	-0,643315555556
19,65	-0,00107765825545	-0,182780888889	0,0937533333333
19,7	-0,0106816582555	-0,156255555556	0,796522222222
19,75	-0,0180904582555	-0,0954302222222	1,31593432099
19,8	-0,0211088582555	-0,0128053333333	1,54409283951
19,85	-0,0194624582555	0,0724111111111	1,4353491358
19,9	-0,0134256582555	0,144822222222	0,987077777778
19,95	-0,00354725825545	0,182780888889	0,27524691358
20	0,00687994174455	0,174091555556	-0,485450864198
20,05	0,0153863417445	0,127291111111	-1,09692246914
20,1	0,0205999417445	0,0545751111111	-1,46287382716
20,15	0,0214231417445	-0,0312511111111	-1,51783851852
20,2	0,0173071417445	-0,111894222222	-1,22218098765
20,25	0,00907514174455	-0,165554666667	-0,637387160494
20,3	-0,000803258255455	-0,181256444444	0,0897728395062
20,35	-0,0106816582555	-0,156408	0,807023950617
20,4	-0,0180904582555	-0,0929911111111	1,3387162963
20,45	-0,0208344582555	-0,00868933333333	1,54426222222
20,5	-0,0189136582555	0,0757648888889	1,39867777778
20,55	-0,0126024582555	0,143602666667	0,943377037037
20,6	-0,00327285825545	0,179579555556	0,263644197531
20,65	0,00715434174455	0,172872	-0,483418271605
20,7	0,0156607417445	0,126071555556	-1,11047308642
20,75	0,0208743417445	0,0515262222222	-1,48404666667
20,8	0,0214231417445	-0,0365866666667	-1,51334987654
20,85	0,0167583417445	-0,114638222222	-1,18771160494
20,9	0,00880074174455	-0,165249777778	-0,609439012346
20,95	-0,00107765825545	-0,181713777778	0,115010864198
21	-0,0112304582555	-0,154121333333	0,834209876543
21,05	-0,0180904582555	-0,08918	1,34278148148
21,1	-0,0208344582555	-0,00609777777778	1,52842493827
21,15	-0,0186392582555	0,0766795555556	1,38504246914
21,2	-0,0126024582555	0,144364888889	0,939650617284
21,25	-0,00299845825545	0,181256444444	0,250432345679
21,3	0,00742874174455	0,173481777778	-0,523646666667
21,35	0,0162095417445	0,122260444444	-1,15188716049
21,4	0,0205999417445	0,0458857777778	-1,48862
21,45	0,0211487417445	-0,0394831111111	-1,4970891358
21,5	0,0164839417445	-0,118449333333	-1,15442790123
21,55	0,00797754174455	-0,166774222222	-0,536943209877
21,6	-0,00190085825545	-0,175158666667	0,169636790123
21,65	-0,0109560582555	-0,146956444444	0,818203209877
21,7	-0,0178160582555	-0,087808	1,31339358025
21,75	-0,0208344582555	-0,00442088888889	1,5281708642
21,8	-0,0183648582555	0,0811004444444	1,36920518519
21,85	-0,0117792582555	0,145736888889	0,889513333333
21,9	-0,00244965825545	0,177292888889	0,219350617284
21,95	0,00742874174455	0,170890222222	-0,519327407407
22	0,0164839417445	0,121650666667	-1,15620641975
22,05	0,0208743417445	0,0423795555556	-1,49632691358
22,1	0,0208743417445	-0,0428368888889	-1,48040493827
22,15	0,0162095417445	-0,118449333333	-1,14223234568
22,2	0,00797754174455	-0,167688888889	-0,546598024691
22,25	-0,00217525825545	-0,17836	0,175734567901
22,3	-0,0115048582555	-0,148480888889	0,860210123457
22,35	-0,0183648582555	-0,0853688888889	1,36530938272
22,4	-0,0211088582555	0,001372	1,5513762963
22,45	-0,0180904582555	0,0858262222222	1,36437777778
22,5	-0,0115048582555	0,148633333333	0,89222345679
22,55	-0,00217525825545	0,182018666667	0,229937037037
22,6	0,00797754174455	0,179884444444	-0,574122716049
22,65	0,0186791417445	0,119364	-1,24970567901
22,7	0,0208743417445	0,0333853333333	-1,49251580247
22,75	0,0208743417445	-0,0379586666667	-1,48370790123
22,8	0,0181303417445	-0,122412888889	-1,23285209877
22,85	0,00770314174455	-0,181713777778	-0,565145432099
22,9	-0,00272405825545	-0,185372444444	0,251109876543
22,95	-0,0123280582555	-0,149700444444	0,94540962963
23	-0,0189136582555	-0,0820151111111	1,4168017284
23,05	-0,0213832582555	0,00472577777778	1,56780641975
23,1	-0,0183648582555	0,0897897777778	1,35743308642
23,15	-0,0115048582555	0,153206666667	0,83819037037
23,2	-0,00162645825545	0,181713777778	0,127206419753
23,25	0,00852634174455	0,166164444444	-0,58996
23,3	0,0164839417445	0,115095555556	-1,14113135802
23,35	0,0208743417445	0,04116	-1,4379745679
23,4	0,0205999417445	-0,0364342222222	-1,49979925926
23,45	0,0178559417445	-0,121345777778	-1,24225283951
23,5	0,00742874174455	-0,180341777778	-0,569549382716
23,55	-0,00272405825545	-0,184610222222	0,254836296296
23,6	-0,0126024582555	-0,148480888889	0,960061234568
23,65	-0,0189136582555	-0,0785088888889	1,41891901235
23,7	-0,0211088582555	0,00701244444444	1,54265308642
23,75	-0,0180904582555	0,0897897777778	1,32448814815
23,8	-0,0112304582555	0,151072444444	0,819642962963
23,85	-0,00162645825545	0,178817333333	0,139571358025
23,9	0,00825194174455	0,167079111111	-0,584200987654
23,95	0,0167583417445	0,115400444444	-1,1831382716
24	0,0208743417445	0,0373488888889	-1,50733679012
24,05	0,0208743417445	-0,0498493333333	-1,48082839506
24,1	0,0153863417445	-0,125004444444	-1,10962617284
24,15	0,00715434174455	-0,170890222222	-0,490871111111
24,2	-0,00327285825545	-0,17836	0,235018518519
24,25	-0,0123280582555	-0,145432	0,911363703704
24,3	-0,0191880582555	-0,0792711111111	1,38961580247
24,35	-0,0211088582555	0,00686	1,54680296296
24,4	-0,0183648582555	0,0903995555556	1,34286617284
24,45	-0,0112304582555	0,153511555556	0,835141481481
24,5	-0,00162645825545	0,182018666667	0,136945925926
24,55	0,00880074174455	0,167993777778	-0,582168395062
24,6	0,0167583417445	0,116010222222	-1,14172419753
24,65	0,0208743417445	0,0461906666667	-1,49531061728
24,7	0,0222463417445	-0,0414648888889	-1,59905753086
24,75	0,0173071417445	-0,134913333333	-1,23437654321
24,8	0,00660554174455	-0,183543111111	-0,470545185185
24,85	-0,00327285825545	-0,181713777778	0,331481975309
24,9	-0,0128768582555	-0,143450222222	0,990550123457
24,95	-0,0189136582555	-0,0736306666667	1,41595481481
25	-0,0208344582555	0,0105186666667	1,53206666667
25,05	-0,0178160582555	0,0931435555556	1,31483333333
25,1	-0,0106816582555	0,154883555556	0,789662222222
25,15	-0,000803258255455	0,180036888889	0,0765609876543
25,2	0,00907514174455	0,162963111111	-0,649243950617
25,25	0,0170327417445	0,108388	-1,21599851852
25,3	0,0208743417445	0,0298791111111	-1,50183185185
25,35	0,0203255417445	-0,0556422222222	-1,44737530864
25,4	0,0148375417445	-0,129120444444	-1,05254419753
25,45	0,00605674174455	-0,170737777778	-0,420407901235
25,5	-0,00382165825545	-0,173939111111	0,28854345679
25,55	-0,0128768582555	-0,138876888889	0,928132592593
25,6	-0,0189136582555	-0,0737831111111	1,37945283951
25,65	-0,0211088582555	0,010976	1,53367580247
25,7	-0,0178160582555	0,0949728888889	1,32118518519
25,75	-0,0106816582555	0,156865333333	0,782632839506
25,8	-0,000528858255455	0,180646666667	0,06174
25,85	0,00907514174455	0,162963111111	-0,661862962963
25,9	0,0173071417445	0,107930666667	-1,22777061728
25,95	0,0208743417445	0,0283546666667	-1,5081837037
26	0,0203255417445	-0,0564044444444	-1,45432
26,05	0,0148375417445	-0,130492444444	-1,07066814815
26,1	0,00605674174455	-0,174701333333	-0,421932345679
26,15	-0,00437045825545	-0,177292888889	0,334276790123
26,2	-0,0134256582555	-0,137657333333	1,00494765432
26,25	-0,0194624582555	-0,0661608888889	1,42493209877
26,3	-0,0205600582555	0,0189031111111	1,50699802469
26,35	-0,0172672582555	0,097412	1,26367975309
26,4	-0,0101328582555	0,157017777778	0,735629135802
26,45	1,99417445452E-005	0,179122222222	0,0226972839506
26,5	0,00962394174455	0,158084888889	-0,674905432099
26,55	0,0170327417445	0,105034222222	-1,21667604938
26,6	0,0211487417445	0,0272875555556	-1,51563654321
26,65	0,0203255417445	-0,0614351111111	-1,45779234568
26,7	0,0142887417445	-0,134151111111	-1,03586
26,75	0,00550794174455	-0,174091555556	-0,384498765432
26,8	-0,00464485825545	-0,175616	0,346895802469
26,85	-0,0137000582555	-0,136895111111	1,00875876543
26,9	-0,0197368582555	-0,0652462222222	1,4395837037
26,95	-0,0208344582555	0,0214946666667	1,52749333333
27	-0,0172672582555	0,101528	1,26918469136
27,05	-0,00985845825545	0,160219111111	0,721062222222
27,1	0,000294341744545	0,181561333333	-0,00940074074074
27,15	0,0101727417445	0,158694666667	-0,728176296296
27,2	0,0175815417445	0,100765777778	-1,26130839506
27,25	0,0211487417445	0,02058	-1,50267876543
27,3	0,0197767417445	-0,063112	-1,40909481481
27,35	0,0142887417445	-0,133084	-1,00350790123
27,4	0,00523354174455	-0,173024444444	-0,367052345679
27,45	-0,00464485825545	-0,173329333333	0,355026172839
27,5	-0,0137000582555	-0,134608444444	1,00443950617
27,55	-0,0194624582555	-0,0634168888889	1,42544024691
27,6	-0,0205600582555	0,0211897777778	1,52215777778
27,65	-0,0172672582555	0,103052444444	1,26977753086
27,7	-0,00930965825545	0,161438666667	0,706071851852
27,75	0,000568741744545	0,180189333333	-0,0132118518519
27,8	0,0104471417445	0,157932444444	-0,700820987654
27,85	0,0175815417445	0,103052444444	-1,22700839506
27,9	0,0214231417445	0,0289644444444	-1,55417111111
27,95	0,0216975417445	-0,0667706666667	-1,52639234568
28	0,0140143417445	-0,145584444444	-1,02781432099
28,05	0,00495914174455	-0,17836	-0,303872592593
28,1	-0,00519365825545	-0,174396444444	0,419137530864
28,15	-0,0139744582555	-0,132626666667	1,03890888889
28,2	-0,0197368582555	-0,0611302222222	1,4252708642
28,25	-0,0205600582555	0,0227142222222	1,50106962963
28,3	-0,0172672582555	0,101832888889	1,25631160494
28,35	-0,00958405825545	0,160371555556	0,721316296296
28,4	0,000294341744545	0,181866222222	0,00677530864197
28,45	0,0104471417445	0,160828888889	-0,710306419753
28,5	0,0178559417445	0,102595111111	-1,24894345679
28,55	0,0211487417445	0,0285071111111	-1,56619728395
28,6	0,0219719417445	-0,0676853333333	-1,53672469136
28,65	0,0137399417445	-0,148176	-1,01824419753
28,7	0,00468474174455	-0,177750222222	-0,285071111111
28,75	-0,00519365825545	-0,174091555556	0,430316790123
28,8	-0,0142488582555	-0,131864444444	1,05711753086
28,85	-0,0197368582555	-0,0588435555556	1,44627432099
28,9	-0,0205600582555	0,0259155555556	1,51690691358
28,95	-0,0169928582555	0,106406222222	1,25004444444
29	-0,00903525825545	0,164030222222	0,674227901235
29,05	0,00111754174455	0,181408888889	-0,0744437037037
29,1	0,0109959417445	0,154426222222	-0,783479753086
29,15	0,0178559417445	0,0942106666667	-1,28857901235
29,2	0,0211487417445	0,0149395555556	-1,51826197531
29,25	0,0197767417445	-0,0718013333333	-1,40198074074
29,3	0,0131911417445	-0,140401333333	-0,938380246914
29,35	0,00413594174455	-0,172872	-0,286595555556
29,4	-0,00546805825545	-0,169823111111	0,402283950617
29,45	-0,0142488582555	-0,130949777778	1,03348864198
29,5	-0,0200112582555	-0,0586911111111	1,46058716049
29,55	-0,0208344582555	0,0298791111111	1,5376562963
29,6	-0,0167184582555	0,111436888889	1,23065012346
29,65	-0,00848645825545	0,164944888889	0,632559753086
29,7	0,00139194174455	0,179122222222	-0,0818118518519
29,75	0,0109959417445	0,155188444444	-0,764424197531
29,8	0,0184047417445	0,0948204444444	-1,26782962963
29,85	0,0208743417445	0,0202751111111	-1,54180617284
29,9	0,0214231417445	-0,0718013333333	-1,49353209877
29,95	0,0131911417445	-0,150157777778	-0,988940987654
30	0,00413594174455	-0,180494222222	-0,247044691358
30,05	-0,00629125825545	-0,173329333333	0,492395555556
30,1	-0,0147976582555	-0,126224	1,10623851852
30,15	-0,0200112582555	-0,0525933333333	1,46761654321
30,2	-0,0205600582555	0,0333853333333	1,5102162963
30,25	-0,0164440582555	0,112808888889	1,20464987654
30,3	-0,00821205825545	0,166316888889	0,606898271605
30,35	0,00194074174455	0,178817333333	-0,124072839506
30,4	0,0112703417445	0,151529777778	-0,807701481481
30,45	0,0184047417445	0,0913142222222	-1,31915259259
30,5	0,0214231417445	0,00762222222222	-1,53367580247
30,55	0,0192279417445	-0,0774417777778	-1,38157012346
30,6	0,0129167417445	-0,144212444444	-0,903402716049
30,65	0,00331274174455	-0,175768444444	-0,227396296296
30,7	-0,00629125825545	-0,167536444444	0,476134814815
30,75	-0,0147976582555	-0,124394666667	1,08320246914
30,8	-0,0200112582555	-0,0509164444444	1,47269802469
30,85	-0,0205600582555	0,0373488888889	1,51462024691
30,9	-0,0158952582555	0,11662	1,17958123457
30,95	-0,00766325825545	0,166926666667	0,565314814815
31	0,00248954174455	0,176988	-0,154646419753
31,05	0,0115447417445	0,148938222222	-0,820998024691
31,1	0,0186791417445	0,0885702222222	-1,32093111111
31,15	0,0214231417445	0,00503066666667	-1,52918716049
31,2	0,0192279417445	-0,0797284444444	-1,37276222222
31,25	0,0126423417445	-0,145432	-0,897474320988
31,3	0,00331274174455	-0,177750222222	-0,219011851852
31,35	-0,00684005825545	-0,168908444444	0,50247382716
31,4	-0,0150720582555	-0,122870222222	1,11191283951
31,45	-0,0202856582555	-0,0484773333333	1,48633333333
31,5	-0,0205600582555	0,0399404444444	1,51690691358
31,55	-0,0158952582555	0,119059111111	1,17365283951
31,6	-0,00738885825545	0,168451111111	0,558031358025
31,65	0,00248954174455	0,179732	-0,178021234568
31,7	0,0123679417445	0,148480888889	-0,86308962963
31,75	0,0186791417445	0,0843017777778	-1,33465111111
31,8	0,0214231417445	0,00350622222222	-1,51877012346
31,85	0,0192279417445	-0,0807955555556	-1,37293160494
31,9	0,0126423417445	-0,147566222222	-0,899337530864
31,95	0,00303834174455	-0,180036888889	-0,204783703704
32	-0,00711445825545	-0,170128	0,540839012346
32,05	-0,0156208582555	-0,120431111111	1,1551054321
32,1	-0,0202856582555	-0,0431417777778	1,49319333333
32,15	-0,0202856582555	0,0429893333333	1,48650271605
32,2	-0,0156208582555	0,119668888889	1,13681209877
32,25	-0,00711445825545	0,167536444444	0,526610864198
32,3	0,00276394174455	0,176378222222	-0,188099506173
32,35	0,0120935417445	0,146346666667	-0,850894074074
32,4	0,0186791417445	0,0843017777778	-1,33583679012
32,45	0,0214231417445	0,00121955555556	-1,53096567901
32,5	0,0189535417445	-0,0843017777778	-1,35785654321
32,55	0,0120935417445	-0,148785777778	-0,851995061728
32,6	0,00248954174455	-0,176530666667	-0,165402222222
32,65	-0,00711445825545	-0,165249777778	0,535164691358
32,7	-0,0153464582555	-0,119821333333	1,14121604938
32,75	-0,0205600582555	-0,0417697777778	1,50801432099
32,8	-0,0200112582555	0,0475626666667	1,49260049383
32,85	-0,0150720582555	0,121803111111	1,12817358025
32,9	-0,00684005825545	0,170280444444	0,513737777778
32,95	0,00358714174455	0,178969777778	-0,231122716049
33	0,0129167417445	0,144212444444	-0,909077037037
33,05	0,0192279417445	0,0785088888889	-1,36378493827
33,1	0,0214231417445	-0,00396355555556	-1,52063333333
33,15	0,0189535417445	-0,0876555555556	-1,3324491358
33,2	0,0118191417445	-0,151072444444	-0,820913333333
33,25	0,00221514174455	-0,176835555556	-0,131356296296
33,3	-0,00738885825545	-0,164182666667	0,569464691358
33,35	-0,0156208582555	-0,115857777778	1,15950938272
33,4	-0,0202856582555	-0,0378062222222	1,49217703704
33,45	-0,0197368582555	0,0487822222222	1,46245037037
33,5	-0,0147976582555	0,121803111111	1,10335901235
33,55	-0,00656565825545	0,169365777778	0,493327160494
33,6	0,00386154174455	0,176073333333	-0,234679753086
33,65	0,0126423417445	0,143297777778	-0,902640493827
33,7	0,0195023417445	0,078204	-1,37657333333
33,75	0,0214231417445	-0,008232	-1,5186854321
33,8	0,0184047417445	-0,0893324444444	-1,29239012346
33,85	0,0115447417445	-0,148480888889	-0,790085679012
33,9	0,00221514174455	-0,174396444444	-0,12991654321
33,95	-0,00738885825545	-0,162963111111	0,563620987654
34	-0,0156208582555	-0,114180888889	1,15290345679
34,05	-0,0200112582555	-0,0371964444444	1,48726493827
34,1	-0,0197368582555	0,049392	1,46947975309
34,15	-0,0145232582555	0,12348	1,11750246914
34,2	-0,00629125825545	0,171195111111	0,509757283951
34,25	0,00413594174455	0,179884444444	-0,233070617284
34,3	0,0131911417445	0,149852888889	-0,985383950617
34,35	0,0214231417445	0,071344	-1,49581876543
34,4	0,0208743417445	-0,0216471111111	-1,53545432099
34,45	0,0181303417445	-0,0948204444444	-1,24894345679
34,5	0,0109959417445	-0,153664	-0,749687901235
34,55	0,00139194174455	-0,177902666667	-0,0704632098766
34,6	-0,00848645825545	-0,162353333333	0,63755654321
34,65	-0,0164440582555	-0,108235555556	1,20532740741
34,7	-0,0202856582555	-0,0300315555556	1,4896362963
34,75	-0,0197368582555	0,05488	1,43238493827
34,8	-0,0142488582555	0,126681333333	1,05305234568
34,85	-0,00574245825545	0,168298666667	0,461398518519
34,9	0,00386154174455	0,175920888889	-0,217741481482
34,95	0,0131911417445	0,148633333333	-0,910855555556
35	0,0208743417445	0,0760697777778	-1,39732271605
35,05	0,0211487417445	-0,008232	-1,51131728395
35,1	0,0195023417445	-0,0846066666667	-1,35336790123
35,15	0,0126423417445	-0,153511555556	-0,919748148148
35,2	0,00303834174455	-0,191927555556	-0,166503209877
35,25	-0,00903525825545	-0,175920888889	0,694384444445
35,3	-0,0167184582555	-0,110522222222	1,31009061728
35,35	-0,0205600582555	-0,0285071111111	1,55069876543
35,4	-0,0197368582555	0,057624	1,4527108642
35,45	-0,0142488582555	0,129272888889	1,04763209877
35,5	-0,00546805825545	0,170432888889	0,434551358025
35,55	0,00413594174455	0,176073333333	-0,271435802469
35,6	0,0134655417445	0,146194222222	-0,999612098766
35,65	0,0211487417445	0,0667706666667	-1,49751259259
35,7	0,0205999417445	-0,0253057777778	-1,52986469136
35,75	0,0175815417445	-0,0990888888889	-1,23225925926
35,8	0,0101727417445	-0,156103111111	-0,715218518519
35,85	0,000568741744545	-0,178055111111	-0,0310817283951
35,9	-0,00930965825545	-0,160219111111	0,668553580247
35,95	-0,0169928582555	-0,105186666667	1,22319728395
36	-0,0208344582555	-0,0259155555556	1,49209234568
36,05	-0,0197368582555	0,0579288888889	1,42239135802
36,1	-0,0145232582555	0,128968	1,0374691358
36,15	-0,00574245825545	0,172109777778	0,404062469136
36,2	0,00441034174455	0,174244	-0,338426666667
36,25	0,0134655417445	0,134151111111	-0,989364444445
36,3	0,0189535417445	0,0652462222222	-1,40071037037
36,35	0,0205999417445	-0,0184457777778	-1,49946049383
36,4	0,0170327417445	-0,0992413333333	-1,24801185185
36,45	0,00962394174455	-0,155340888889	-0,707765679012
36,5	1,99417445452E-005	-0,175920888889	-0,0178698765432
36,55	-0,00958405825545	-0,156712888889	0,667791358025
36,6	-0,0169928582555	-0,103814666667	1,21565975309
36,65	-0,0211088582555	-0,0245435555556	1,50030740741
36,7	-0,0197368582555	0,0614351111111	1,42594839506
36,75	-0,0142488582555	0,131254666667	1,03128666667
36,8	-0,00546805825545	0,173481777778	0,407534814815
36,85	0,00468474174455	0,175920888889	-0,317761975309
36,9	0,0134655417445	0,142688	-1,03052444444
36,95	0,0211487417445	0,0632644444444	-1,50454197531
37	0,0203255417445	-0,0294217777778	-1,51250296296
37,05	0,0170327417445	-0,101070666667	-1,19025234568
37,1	0,00962394174455	-0,154731111111	-0,672449382716
37,15	0,000294341744545	-0,175311111111	0,00245604938272
37,2	-0,00958405825545	-0,156255555556	0,70099037037
37,25	-0,0169928582555	-0,0984791111111	1,24140592593
37,3	-0,0202856582555	-0,0190555555556	1,47735604938
37,35	-0,0189136582555	0,0621973333333	1,38876888889
37,4	-0,0137000582555	0,132474222222	0,98911037037
37,45	-0,00437045825545	0,171652444444	0,347319259259
37,5	0,00523354174455	0,169365777778	-0,35113037037
37,55	0,0140143417445	0,131559555556	-0,943461728395
37,6	0,0195023417445	0,0660084444444	-1,32770641975
37,65	0,0208743417445	-0,009604	-1,4807437037
37,7	0,0189535417445	-0,0917715555556	-1,35938098765
37,75	0,0115447417445	-0,164335111111	-0,823708148148
37,8	0,000294341744545	-0,188268888889	0,00940074074074
37,85	-0,00958405825545	-0,159914222222	0,790085679012
37,9	-0,0169928582555	-0,0972595555556	1,31017530864
37,95	-0,0200112582555	-0,0160066666667	1,50970814815
38	-0,0186392582555	0,0663133333333	1,38656691358
38,05	-0,0128768582555	0,135065777778	0,959722469136
38,1	-0,00382165825545	0,172109777778	0,303533827161
38,15	0,00605674174455	0,168146222222	-0,419476296296
38,2	0,0145631417445	0,125614222222	-1,03619876543
38,25	0,0197767417445	0,0547275555556	-1,41273654321
38,3	0,0205999417445	-0,0292693333333	-1,46092592593
38,35	0,0164839417445	-0,105186666667	-1,1746691358
38,4	0,00907514174455	-0,156865333333	-0,633660740741
38,45	-0,000528858255455	-0,174853777778	0,0577595061728
38,5	-0,0101328582555	-0,151682222222	0,753160246914
38,55	-0,0172672582555	-0,0916191111111	1,26393382716
38,6	-0,0200112582555	-0,0126528888889	1,47337555556
38,65	-0,0186392582555	0,0687524444444	1,35963506173
38,7	-0,0126024582555	0,136132888889	0,942106666667
38,75	-0,00354725825545	0,170432888889	0,334192098765
38,8	0,00578234174455	0,170432888889	-0,321827160494
38,85	0,0145631417445	0,139791555556	-0,984960493827
38,9	0,0216975417445	0,0670755555556	-1,50013802469
38,95	0,0222463417445	-0,0275924444444	-1,62167012346
39	0,0184047417445	-0,112504	-1,32550444444
39,05	0,0101727417445	-0,174548888889	-0,682781728395
39,1	-0,00107765825545	-0,189336	0,147362962963
39,15	-0,0109560582555	-0,154273777778	0,869695555556
39,2	-0,0175416582555	-0,0903995555556	1,32533506173
39,25	-0,0205600582555	-0,0111284444444	1,5013237037
39,3	-0,0189136582555	0,0722586666667	1,36141358025
39,35	-0,0126024582555	0,137962222222	0,914158518519
39,4	-0,00382165825545	0,172414666667	0,257292345679
39,45	0,00633114174455	0,166012	-0,458010864198
39,5	0,0142887417445	0,122260444444	-1,0659254321
39,55	0,0197767417445	0,0495444444444	-1,43060641975
39,6	0,0197767417445	-0,0355195555556	-1,44754469136
39,65	0,0156607417445	-0,108692888889	-1,13621925926
39,7	0,00797754174455	-0,158542222222	-0,586233580247
39,75	-0,00162645825545	-0,173024444444	0,100443950617
39,8	-0,0109560582555	-0,148023555556	0,772131111111
39,85	-0,0178160582555	-0,08918	1,27892419753
39,9	-0,0208344582555	-0,00792711111111	1,49183827161
39,95	-0,0186392582555	0,0746977777778	1,35319851852
40	-0,0126024582555	0,139486666667	0,913142222222
40,05	-0,00354725825545	0,174853777778	0,259748395062
40,1	0,00660554174455	0,168908444444	-0,464701481482
40,15	0,0151119417445	0,122565333333	-1,06406222222
40,2	0,0197767417445	0,0512213333333	-1,40816320988
40,25	0,0203255417445	-0,0263728888889	-1,50809901235
40,3	0,0178559417445	-0,112961333333	-1,27113259259
40,35	0,00797754174455	-0,173786666667	-0,61011654321
40,4	-0,00217525825545	-0,178969777778	0,183441481482
40,45	-0,0112304582555	-0,148176	0,849708395062
40,5	-0,0180904582555	-0,0875031111111	1,33566740741
40,55	-0,0211088582555	-0,00304888888889	1,52757802469
40,6	-0,0183648582555	0,0811004444444	1,35285975309
40,65	-0,0120536582555	0,14406	0,888158271605
40,7	-0,00272405825545	0,176530666667	0,248823209877
40,75	0,00715434174455	0,170890222222	-0,448864197531
40,8	0,0156607417445	0,130492444444	-1,10073358025
40,85	0,0216975417445	0,0551848888889	-1,5735654321
40,9	0,0225207417445	-0,0458857777778	-1,61159185185
40,95	0,0162095417445	-0,128663111111	-1,15586765432
41	0,00770314174455	-0,169823111111	-0,473594074074
41,05	-0,00217525825545	-0,174396444444	0,215370123457
41,1	-0,0109560582555	-0,145889333333	0,838867901235
41,15	-0,0180904582555	-0,0856737777778	1,31635777778
41,2	-0,0205600582555	-0,00259155555556	1,50945407407
41,25	-0,0183648582555	0,0811004444444	1,33515925926
41,3	-0,0115048582555	0,143450222222	0,855298024691
41,35	-0,00272405825545	0,173634222222	0,195637037037
41,4	0,00742874174455	0,165097333333	-0,512128641975
41,45	0,0153863417445	0,117992	-1,10852518519
41,5	0,0203255417445	0,0440564444444	-1,45406592593
41,55	0,0203255417445	-0,0417697777778	-1,45491283951
41,6	0,0156607417445	-0,116315111111	-1,10429061728
41,65	0,00742874174455	-0,161591111111	-0,517294814815
41,7	-0,00190085825545	-0,171652444444	0,168620493827
41,75	-0,0112304582555	-0,144212444444	0,832261975309
41,8	-0,0178160582555	-0,0817102222222	1,32364123457
41,85	-0,0202856582555	0,00152444444444	1,49929111111
41,9	-0,0175416582555	0,0829297777778	1,32270962963
41,95	-0,0112304582555	0,145584444444	0,857415308642
42	-0,00162645825545	0,175920888889	0,211050864198
42,05	0,00797754174455	0,167231555556	-0,466818765432
42,1	0,0162095417445	0,127596	-1,09243382716
42,15	0,0222463417445	0,0525933333333	-1,54764987654
42,2	0,0225207417445	-0,0434466666667	-1,61413259259
42,25	0,0175815417445	-0,130949777778	-1,19389407407
42,3	0,00742874174455	-0,175920888889	-0,464108641975
42,35	-0,00190085825545	-0,175768444444	0,27567037037
42,4	-0,0112304582555	-0,14406	0,914243209877
42,45	-0,0178160582555	-0,0775942222222	1,36497061728
42,5	-0,0197368582555	0,00594533333333	1,49691975309
42,55	-0,0169928582555	0,0855213333333	1,30661827161
42,6	-0,0104072582555	0,147108888889	0,842424938272
42,65	-0,00107765825545	0,177140444444	0,18606691358
42,7	0,00852634174455	0,173176888889	-0,601478024691
42,75	0,0189535417445	0,112504	-1,26723679012
42,8	0,0208743417445	0,0253057777778	-1,49488716049
42,85	0,0205999417445	-0,0500017777778	-1,39207185185
42,9	0,0159351417445	-0,121650666667	-1,05203604938
42,95	0,00742874174455	-0,166621777778	-0,457418024691
43	-0,00244965825545	-0,172567111111	0,250940493827
43,05	-0,0115048582555	-0,137962222222	0,889682716049
43,1	-0,0172672582555	-0,0759173333333	1,33642962963
43,15	-0,0200112582555	0,00655511111111	1,50454197531
43,2	-0,0167184582555	0,0903995555556	1,30111333333
43,25	-0,00985845825545	0,149395555556	0,790509135803
43,3	-0,000528858255455	0,176683111111	0,099427654321
43,35	0,00962394174455	0,160676444444	-0,621803950617
43,4	0,0170327417445	0,108083111111	-1,19033703704
43,45	0,0214231417445	0,0309462222222	-1,49243111111
43,5	0,0205999417445	-0,0560995555556	-1,43568790123
43,55	0,0151119417445	-0,127291111111	-1,03128666667
43,6	0,00660554174455	-0,168146222222	-0,405078765432
43,65	-0,00327285825545	-0,170737777778	0,298028888889
43,7	-0,0120536582555	-0,134760888889	0,92051037037
43,75	-0,0178160582555	-0,0711915555556	1,35311382716
43,8	-0,0200112582555	0,0115857777778	1,50420320988
43,85	-0,0167184582555	0,0945155555556	1,29205135802
43,9	-0,00958405825545	0,154578666667	0,75544691358
43,95	0,000294341744545	0,177445333333	0,0380264197531
44	0,00989834174455	0,158084888889	-0,676429876543
44,05	0,0175815417445	0,102747555556	-1,22184222222
44,1	0,0211487417445	0,0237813333333	-1,4765091358
44,15	0,0200511417445	-0,0583862222222	-1,40037160494
44,2	0,0148375417445	-0,128510666667	-1,01968395062
44,25	0,00605674174455	-0,170280444444	-0,401606419753
44,3	-0,00382165825545	-0,172872	0,314543703704
44,35	-0,0128768582555	-0,135675555556	0,956588888889
44,4	-0,0186392582555	-0,0679902222222	1,3778437037
44,45	-0,0202856582555	0,0147871111111	1,49149950617
44,5	-0,0169928582555	0,0942106666667	1,27875481481
44,55	-0,0101328582555	0,154426222222	0,773824938272
44,6	-0,000254458255455	0,181713777778	0,0433619753086
44,65	0,0101727417445	0,160219111111	-0,715472592593
44,7	0,0173071417445	0,101070666667	-1,26969283951
44,75	0,0211487417445	0,0201226666667	-1,50928469136
44,8	0,0195023417445	-0,0649413333333	-1,38792197531
44,85	0,0137399417445	-0,130187555556	-0,97539037037
44,9	0,00550794174455	-0,169670666667	-0,372218518519
44,95	-0,00464485825545	-0,173024444444	0,34858962963
45	-0,0137000582555	-0,132626666667	1,00706493827
45,05	-0,0191880582555	-0,0612826666667	1,41231308642
45,1	-0,0202856582555	0,0224093333333	1,48565580247
45,15	-0,0167184582555	0,100613333333	1,22802469136
45,2	-0,00930965825545	0,156255555556	0,697518024691
45,25	0,000294341744545	0,177445333333	-0,000169382716051
45,3	0,0101727417445	0,157017777778	-0,709882962963
45,35	0,0175815417445	0,0989364444444	-1,24352320988
45,4	0,0208743417445	0,0202751111111	-1,48159061728
45,45	0,0197767417445	-0,0626546666667	-1,38893827161
45,5	0,0140143417445	-0,131102222222	-0,987924691358
45,55	0,00550794174455	-0,170737777778	-0,361208641975
45,6	-0,00464485825545	-0,171652444444	0,365189135803
45,65	-0,0134256582555	-0,130797333333	1,00977506173
45,7	-0,0189136582555	-0,0605204444444	1,41468444444
45,75	-0,0200112582555	0,0234764444444	1,50259407407
45,8	-0,0164440582555	0,103662222222	1,2469108642
45,85	-0,00876085825545	0,161286222222	0,684983703704
45,9	0,00139194174455	0,179122222222	-0,0372641975309
45,95	0,0109959417445	0,154426222222	-0,711407407407
46	0,0178559417445	0,100460888889	-1,21616790123
46,05	0,0216975417445	0,0277448888889	-1,54095925926
46,1	0,0219719417445	-0,0682951111111	-1,50809901235
46,15	0,0140143417445	-0,145432	-0,999019259259
46,2	0,00523354174455	-0,176225777778	-0,278973333333
46,25	-0,00491925825545	-0,1715	0,435482962963
46,3	-0,0134256582555	-0,128663111111	1,04314345679
46,35	-0,0189136582555	-0,0586911111111	1,42908197531
46,4	-0,0200112582555	0,0272875555556	1,49785135802
46,45	-0,0158952582555	0,106406222222	1,20651308642
46,5	-0,00821205825545	0,158847111111	0,646025679012
46,55	0,00139194174455	0,176225777778	-0,0503066666667
46,6	0,0109959417445	0,154273777778	-0,749941975309
46,65	0,0184047417445	0,0948204444444	-1,2880708642
46,7	0,0214231417445	0,0126528888889	-1,51961703704
46,75	0,0197767417445	-0,0722586666667	-1,38843012346
46,8	0,0134655417445	-0,139639111111	-0,932705925926
46,85	0,00441034174455	-0,173634222222	-0,27482345679
46,9	-0,00546805825545	-0,168908444444	0,433111604938
46,95	-0,0139744582555	-0,126986222222	1,05347580247
47	-0,0194624582555	-0,0544226666667	1,44491925926
47,05	-0,0200112582555	0,0318608888889	1,49471777778
47,1	-0,0158952582555	0,10976	1,19313185185
47,15	-0,00793765825545	0,161591111111	0,63112
47,2	0,00166634174455	0,178207555556	-0,0631797530864
47,25	0,0115447417445	0,155188444444	-0,7546
47,3	0,0186791417445	0,0955826666667	-1,27994049383
47,35	0,0216975417445	0,0182933333333	-1,56094641975
47,4	0,0214231417445	-0,0750026666667	-1,48319975309
47,45	0,0134655417445	-0,150615111111	-0,957520493827
47,5	0,00413594174455	-0,178817333333	-0,224940246914
47,55	-0,00574245825545	-0,171195111111	0,494851604938
47,6	-0,0145232582555	-0,125156888889	1,1018345679
47,65	-0,0194624582555	-0,0509164444444	1,45846987654
47,7	-0,0200112582555	0,0336902222222	1,49675037037
47,75	-0,0158952582555	0,112656444444	1,19601135802
47,8	-0,00766325825545	0,165249777778	0,612064444445
47,85	0,00221514174455	0,179579555556	-0,105101975309
47,9	0,0120935417445	0,152139555556	-0,772893333333
47,95	0,0186791417445	0,0931435555556	-1,24597925926
48	0,0216975417445	0,0210373333333	-1,5239362963
48,05	0,0216975417445	-0,0679902222222	-1,53680938272
48,1	0,0151119417445	-0,154883555556	-1,06770395062
48,15	0,00386154174455	-0,192232444444	-0,230360493827
48,2	-0,00656565825545	-0,174701333333	0,578780740741
48,25	-0,0147976582555	-0,123327555556	1,16001753086
48,3	-0,0197368582555	-0,0492395555556	1,4876037037
48,35	-0,0202856582555	0,0367391111111	1,51741506173
48,4	-0,0158952582555	0,117077333333	1,20126222222
48,45	-0,00738885825545	0,169518222222	0,589875308642
48,5	0,00276394174455	0,181256444444	-0,152698518519
48,55	0,0123679417445	0,152444444444	-0,853858271605
48,6	0,0195023417445	0,087808	-1,35658617284
48,65	0,0219719417445	0,00335377777778	-1,53740222222
48,7	0,0197767417445	-0,0803382222222	-1,36810419753
48,75	0,0131911417445	-0,145736888889	-0,895780493827
48,8	0,00386154174455	-0,178207555556	-0,221721975309
48,85	-0,00629125825545	-0,170280444444	0,50764
48,9	-0,0147976582555	-0,122870222222	1,12504
48,95	-0,0197368582555	-0,0472577777778	1,4870108642
49	-0,0200112582555	0,0399404444444	1,50869185185
49,05	-0,0153464582555	0,117687111111	1,19253901235
49,1	-0,00711445825545	0,169213333333	0,624175308642
49,15	0,00303834174455	0,184610222222	-0,0736814814815
49,2	0,0126423417445	0,16464	-0,82192962963
49,25	0,0214231417445	0,0998511111111	-1,46812469136
49,3	0,0241671417445	0,00198177777778	-1,73829012346
49,35	0,0216975417445	-0,0972595555556	-1,48980567901
49,4	0,0129167417445	-0,163877777778	-0,847929876543
49,45	0,00331274174455	-0,184762666667	-0,0990041975309
49,5	-0,00684005825545	-0,170432888889	0,594533333333
49,55	-0,0150720582555	-0,121650666667	1,17365283951
49,6	-0,0202856582555	-0,0440564444444	1,51724567901
49,65	-0,0200112582555	0,0454284444444	1,50327160494
49,7	-0,0150720582555	0,120736	1,14316395062
49,75	-0,00684005825545	0,169060888889	0,545666419753
49,8	0,00331274174455	0,180189333333	-0,166672592593
49,85	0,0129167417445	0,150615111111	-0,835480246914
49,9	0,0197767417445	0,0875031111111	-1,30661827161
49,95	0,0219719417445	0,0111284444444	-1,54180617284
50	0,0214231417445	-0,0751551111111	-1,51368864198
50,05	0,0148375417445	-0,161438666667	-1,02163185185
50,1	0,00276394174455	-0,194976444444	-0,160236049383
50,15	-0,00711445825545	-0,173481777778	0,661270123457
50,2	-0,0156208582555	-0,119211555556	1,26766024691
50,25	-0,0202856582555	-0,0367391111111	1,59787185185
50,3	-0,0200112582555	0,0591484444444	1,50953876543
50,35	-0,0128768582555	0,127291111111	1,09573679012
50,4	-0,00656565825545	0,173634222222	0,512467407407
50,45	0,00550794174455	0,188878666667	-0,26881037037
50,5	0,0151119417445	0,145889333333	-1,00706493827
50,55	0,0214231417445	0,0711915555556	-1,40604592593
50,6	0,0219719417445	-0,00670755555556	-1,50530419753
50,65	0,0208743417445	-0,0852164444444	-1,38715975309
50,7	0,0137399417445	-0,161591111111	-0,907637283951
50,75	0,00248954174455	-0,190555555556	-0,124919753086
50,8	-0,00738885825545	-0,171804888889	0,63925037037
50,85	-0,0158952582555	-0,119211555556	1,23454592593
50,9	-0,0205600582555	-0,0376537777778	1,55349358025
50,95	-0,0200112582555	0,0515262222222	1,50623580247
51	-0,0147976582555	0,126986222222	1,12436246914
51,05	-0,00601685825545	0,172719555556	0,510434814815
51,1	0,00386154174455	0,181866222222	-0,212151851852
51,15	0,0134655417445	0,155340888889	-0,975305679012
51,2	0,0219719417445	0,0757648888889	-1,52063333333
51,25	0,0216975417445	-0,0202751111111	-1,56941555556
51,3	0,0186791417445	-0,094668	-1,27528246914
51,35	0,0118191417445	-0,154273777778	-0,776365679012
51,4	0,00194074174455	-0,180341777778	-0,0970562962963
51,45	-0,00793765825545	-0,165859555556	0,617061234568
51,5	-0,0161696582555	-0,113876	1,21150987654
51,55	-0,0205600582555	-0,0330804444444	1,52571481481
51,6	-0,0197368582555	0,0542702222222	1,47235925926
51,65	-0,0145232582555	0,127596	1,09328074074
51,7	-0,00574245825545	0,172262222222	0,486043703704
51,75	0,00413594174455	0,179884444444	-0,226888148148
51,8	0,0134655417445	0,153206666667	-0,978608641975
51,85	0,0219719417445	0,0743928888889	-1,52808617284
51,9	0,0216975417445	-0,0230191111111	-1,58178049383
51,95	0,0184047417445	-0,0986315555556	-1,2691
52	0,0112703417445	-0,156712888889	-0,745876790124
52,05	0,00139194174455	-0,180341777778	-0,0605543209877
52,1	-0,00848645825545	-0,163725333333	0,641113580247
52,15	-0,0164440582555	-0,110674666667	1,20956197531
52,2	-0,0205600582555	-0,0327755555556	1,52478320988
52,25	-0,0202856582555	0,0565568888889	1,4876037037
52,3	-0,0142488582555	0,131254666667	1,09446641975
52,35	-0,00574245825545	0,174244	0,476897037037
52,4	0,00441034174455	0,182933333333	-0,252041481482
52,45	0,0140143417445	0,153054222222	-1,02154716049
52,5	0,0222463417445	0,0710391111111	-1,54993654321
52,55	0,0216975417445	-0,0257631111111	-1,57492049383
52,6	0,0184047417445	-0,100460888889	-1,24911283951
52,65	0,0109959417445	-0,156103111111	-0,737577037037
52,7	0,00166634174455	-0,180951555556	-0,0699550617284
52,75	-0,00876085825545	-0,166316888889	0,651784691358
52,8	-0,0167184582555	-0,110522222222	1,24462419753
52,85	-0,0208344582555	-0,0295742222222	1,54570197531
52,9	-0,0200112582555	0,0593008888889	1,4801508642
52,95	-0,0142488582555	0,132779111111	1,06778864198
53	-0,00546805825545	0,175616	0,420238518519
53,05	0,00495914174455	0,17836	-0,31640691358
53,1	0,0140143417445	0,140858666667	-0,978015802469
53,15	0,0203255417445	0,0719537777778	-1,42662592593
53,2	0,0219719417445	-0,0149395555556	-1,55442518519
53,25	0,0186791417445	-0,0983266666667	-1,32220148148
53,3	0,0112703417445	-0,160066666667	-0,778821728395
53,35	0,00111754174455	-0,184305333333	-0,0449711111111
53,4	-0,00903525825545	-0,164182666667	0,68642345679
53,45	-0,0167184582555	-0,108388	1,24767308642
53,5	-0,0208344582555	-0,0286595555556	1,53689407407
53,55	-0,0200112582555	0,0597582222222	1,47447654321
53,6	-0,0142488582555	0,133846222222	1,05754098765
53,65	-0,00519365825545	0,174701333333	0,408805185185
53,7	0,00468474174455	0,178055111111	-0,326061728395
53,75	0,0142887417445	0,140553777778	-1,00782716049
53,8	0,0203255417445	0,0669231111111	-1,44398765432
53,85	0,0214231417445	-0,0190555555556	-1,52385160494
53,9	0,0181303417445	-0,098784	-1,27113259259
53,95	0,0107215417445	-0,157475111111	-0,73960962963
54	0,000843141744545	-0,179427111111	-0,0434466666667
54,05	-0,00876085825545	-0,162658222222	0,671771851852
54,1	-0,0169928582555	-0,107778222222	1,26342567901
54,15	-0,0208344582555	-0,0236288888889	1,55179975309
54,2	-0,0194624582555	0,0640266666667	1,45203333333
54,25	-0,0137000582555	0,135065777778	1,02205530864
54,3	-0,00464485825545	0,174396444444	0,381449876543
54,35	0,00523354174455	0,176225777778	-0,335885925926
54,4	0,0145631417445	0,139029333333	-0,998426419753
54,45	0,0205999417445	0,0675328888889	-1,44153160494
54,5	0,0219719417445	-0,0196653333333	-1,53943481481
54,55	0,0184047417445	-0,101680444444	-1,2727417284
54,6	0,0107215417445	-0,158389777778	-0,723094814815
54,65	0,00111754174455	-0,179579555556	-0,0262543209877
54,7	-0,00876085825545	-0,162048444444	0,689302962963
54,75	-0,0167184582555	-0,105796444444	1,27265703704
54,8	-0,0205600582555	-0,0216471111111	1,54646419753
54,85	-0,0189136582555	0,0647888888889	1,44314074074
54,9	-0,0134256582555	0,135675555556	1,01646567901
54,95	-0,00409605825545	0,175616	0,363071851852
55	0,00578234174455	0,175463555556	-0,372896049383
55,05	0,0151119417445	0,135065777778	-1,02806839506
55,1	0,0205999417445	0,0629595555556	-1,44873037037
55,15	0,0219719417445	-0,023324	-1,53841851852
55,2	0,0181303417445	-0,105491555556	-1,27206419753
55,25	0,0104471417445	-0,163725333333	-0,694469135803
55,3	1,99417445452E-005	-0,181256444444	0,0387039506173
55,35	-0,00930965825545	-0,158389777778	0,744606419753
55,4	-0,0172672582555	-0,100003555556	1,28290469136
55,45	-0,0202856582555	-0,0181408888889	1,52910246914
55,5	-0,0191880582555	0,0667706666667	1,43365530864
55,55	-0,0131512582555	0,139181777778	1,00240691358
55,6	-0,00382165825545	0,177445333333	0,325045432099
55,65	0,00633114174455	0,173939111111	-0,414140740741
55,7	0,0151119417445	0,132016888889	-1,05601654321
55,75	0,0208743417445	0,0583862222222	-1,45584444444
55,8	0,0214231417445	-0,02744	-1,52139555556
55,85	0,0178559417445	-0,107016	-1,25554938272
55,9	0,00989834174455	-0,165097333333	-0,695824197531
55,95	-0,000254458255455	-0,184610222222	0,0482740740741
56	-0,0104072582555	-0,160066666667	0,786867407407
56,05	-0,0178160582555	-0,0978693333333	1,33558271605
56,1	-0,0211088582555	-0,0132626666667	1,56763703704
56,15	-0,0191880582555	0,0731733333333	1,45050888889
56,2	-0,0131512582555	0,144364888889	1,01587283951
56,25	-0,00354725825545	0,184457777778	0,343931604938
56,3	0,00687994174455	0,18522	-0,460382222222
56,35	0,0173071417445	0,133693777778	-1,15790024691
56,4	0,0211487417445	0,0565568888889	-1,55434049383
56,45	0,0236183417445	-0,0352146666667	-1,60583283951
56,5	0,0175815417445	-0,122870222222	-1,2289562963
56,55	0,00934954174455	-0,168908444444	-0,58826617284
56,6	-0,000528858255455	-0,182628444444	0,11103037037
56,65	-0,0104072582555	-0,157627555556	0,793388641975
56,7	-0,0178160582555	-0,0972595555556	1,31568024691
56,75	-0,0211088582555	-0,01372	1,54621012346
56,8	-0,0191880582555	0,071344	1,4347562963
56,85	-0,0134256582555	0,142230666667	1,00875876543
56,9	-0,00382165825545	0,183543111111	0,319371111111
56,95	0,00687994174455	0,178969777778	-0,471900246914
57	0,0159351417445	0,130644888889	-1,13401728395
57,05	0,0211487417445	0,0525933333333	-1,49785135802
57,1	0,0214231417445	-0,0330804444444	-1,51826197531
57,15	0,0175815417445	-0,111741777778	-1,21870864198
57,2	0,00934954174455	-0,166926666667	-0,634677037037
57,25	-0,000803258255455	-0,182171111111	0,108150864198
57,3	-0,0106816582555	-0,154121333333	0,81075037037
57,35	-0,0175416582555	-0,0928386666667	1,31796691358
57,4	-0,0208344582555	-0,0103662222222	1,53105037037
57,45	-0,0186392582555	0,0739355555556	1,40494493827
57,5	-0,0128768582555	0,143297777778	0,958028641975
57,55	-0,00299845825545	0,180494222222	0,264321728395
57,6	0,00715434174455	0,171804888889	-0,483164197531
57,65	0,0156607417445	0,126071555556	-1,09565209877
57,7	0,0208743417445	0,0524408888889	-1,46499111111
57,75	0,0214231417445	-0,0333853333333	-1,51174074074
57,8	0,0173071417445	-0,112961333333	-1,21405061728
57,85	0,00907514174455	-0,167079111111	-0,624175308642
57,9	-0,00107765825545	-0,181256444444	0,11103037037
57,95	-0,0106816582555	-0,154883555556	0,820743950617
58	-0,0180904582555	-0,091924	1,3498108642
58,05	-0,0208344582555	-0,00640266666667	1,5588291358
58,1	-0,0186392582555	0,0783564444444	1,4190037037
58,15	-0,0123280582555	0,147413777778	0,970986419753
58,2	-0,00272405825545	0,18522	0,281937530864
58,25	0,00770314174455	0,183543111111	-0,549138765432
58,3	0,0184047417445	0,124242222222	-1,2384417284
58,35	0,0211487417445	0,0382635555556	-1,49209234568
58,4	0,0211487417445	-0,0338426666667	-1,48082839506
58,45	0,0186791417445	-0,117077333333	-1,23403777778
58,5	0,00852634174455	-0,175920888889	-0,601054567901
58,55	-0,00135205825545	-0,183390666667	0,176920246914
58,6	-0,0112304582555	-0,153359111111	0,870203703704
58,65	-0,0180904582555	-0,0882653333333	1,36048197531
58,7	-0,0208344582555	-0,00487822222222	1,54333061728
58,75	-0,0186392582555	0,0800333333333	1,38648222222
58,8	-0,0120536582555	0,146346666667	0,920425679012
58,85	-0,00272405825545	0,180799111111	0,241031604938
58,9	0,00770314174455	0,174091555556	-0,518141728395
58,95	0,0164839417445	0,124699555556	-1,16916419753
59	0,0214231417445	0,045276	-1,53740222222
59,05	0,0214231417445	-0,0445137777778	-1,53443802469
59,1	0,0164839417445	-0,122870222222	-1,17238246914
59,15	0,00797754174455	-0,172719555556	-0,542702222222
59,2	-0,00244965825545	-0,182323555556	0,210203950617
59,25	-0,0120536582555	-0,148938222222	0,901116049383
59,3	-0,0186392582555	-0,0832346666667	1,37886
59,35	-0,0211088582555	0,000914666666667	1,55755876543
59,4	-0,0186392582555	0,086436	1,39080148148
59,45	-0,0117792582555	0,154273777778	0,886295061728
59,5	-0,00162645825545	0,184610222222	0,159304444444
59,55	0,00852634174455	0,170737777778	-0,585047901235
59,6	0,0170327417445	0,119059111111	-1,17297530864
59,65	0,0214231417445	0,0416173333333	-1,48548641975
59,7	0,0211487417445	-0,0387208888889	-1,53121975309
59,75	0,0181303417445	-0,125004444444	-1,24230365432
59,8	0,00742874174455	-0,182018666667	-0,565551950616
59,85	-0,00272405825545	-0,182628444444	0,143094518523
59,9	-0,0120536582555	-0,154670133333	0,580965777784
59,95	-0,0189136582555	-0,109912444443	0,746334123456
60	-0,0211088582555	-0,0725635555544	0,769471802459
