0,05	0,0227951417445	0,195128888889	-1,8780308642
0,1	0,0351431417445	0,114714444444	-2,19922283951
0,15	0,0400823417445	-0,0100613333333	-2,49096762963
0,2	0,0354175417445	-0,155798222222	-2,35488555556
0,25	0,0230695417445	-0,276991555556	-1,54836975309
0,3	0,00495914174455	-0,332176444444	-0,257122962963
0,35	-0,0139744582555	-0,300620444444	1,03281111111
0,4	-0,0271456582555	-0,213269777778	1,99007753086
0,45	-0,0367496582555	-0,087808	2,57139901235
0,5	-0,0372984582555	0,0655511111111	2,62204444444
0,55	-0,0290664582555	0,196653333333	2,12939481481
0,6	-0,0164440582555	0,295132444444	1,20566617284
0,65	0,00276394174455	0,333700888889	-0,0795251851852
0,7	0,0205999417445	0,288882222222	-1,3935962963
0,75	0,0343199417445	0,178969777778	-2,37372938272
0,8	0,0398079417445	0,0317084444444	-2,85519975309
0,85	0,0381615417445	-0,128968	-2,7413745679
0,9	0,0266367417445	-0,275009777778	-1,8812491358
0,95	0,00715434174455	-0,342542666667	-0,463515802469
1	-0,0115048582555	-0,320590666667	0,972087407407
1,05	-0,0276944582555	-0,228209333333	2,03877506173
1,1	-0,0359264582555	-0,094668	2,57893654321
1,15	-0,0375728582555	0,050764	2,59426567901
1,2	-0,0301640582555	0,181561333333	2,15979901235
1,25	-0,0183648582555	0,282327111111	1,31906790123
1,3	1,99417445452E-005	0,331414222222	0,0849454320988
1,35	0,0184047417445	0,297114222222	-1,27138666667
1,4	0,0326735417445	0,191927555556	-2,34315580247
1,45	0,0395335417445	0,0394831111111	-2,85663950617
1,5	0,0370639417445	-0,123022666667	-2,66938691358
1,55	0,0258135417445	-0,253362666667	-1,84999802469
1,6	0,00934954174455	-0,324554222222	-0,619686666667
1,65	-0,00958405825545	-0,322724888889	0,763916049383
1,7	-0,0265968582555	-0,237660888889	1,90504740741
1,75	-0,0351032582555	-0,107778222222	2,5071182716
1,8	-0,0375728582555	0,0332328888889	2,60485209877
1,85	-0,0315360582555	0,167841333333	2,27497925926
1,9	-0,0200112582555	0,278516	1,4964962963
1,95	-0,00162645825545	0,336902222222	0,28253037037
2	0,0170327417445	0,315712444444	-1,11767185185
2,05	0,0332223417445	0,216928444444	-2,31749432099
2,1	0,0411799417445	0,0597582222222	-2,94886839506
2,15	0,0395335417445	-0,107930666667	-2,85240493827
2,2	0,0296551417445	-0,254887111111	-2,04597382716
2,25	0,0112703417445	-0,335530222222	-0,712847160494
2,3	-0,00766325825545	-0,329432444444	0,711238024691
2,35	-0,0246760582555	-0,249856444444	1,82814765432
2,4	-0,0342800582555	-0,126681333333	2,47290296296
2,45	-0,0381216582555	0,0166164444444	2,63110641975
2,5	-0,0323592582555	0,154578666667	2,31656271605
2,55	-0,0216576582555	0,265405777778	1,56094641975
2,6	-0,00409605825545	0,329432444444	0,38500691358
2,65	0,0148375417445	0,312511111111	-0,974458765432
2,7	0,0302039417445	0,221654222222	-2,11203308642
2,75	0,0387103417445	0,0844542222222	-2,81378567901
2,8	0,0403567417445	-0,0865884444444	-2,85460691358
2,85	0,0291063417445	-0,235679111111	-2,10847604938
2,9	0,0137399417445	-0,316627111111	-0,887057283951
2,95	-0,00519365825545	-0,329737333333	0,479437777778
3	-0,0227552582555	-0,26068	1,65859555556
3,05	-0,0331824582555	-0,143450222222	2,37627012346
3,1	-0,0378472582555	-0,00381111111111	2,61899555556
3,15	-0,0334568582555	0,134760888889	2,41378839506
3,2	-0,0238528582555	0,255344444444	1,75116320988
3,25	-0,00629125825545	0,332481333333	0,588774320988
3,3	0,0131911417445	0,323944444444	-0,796437530864
3,35	0,0288319417445	0,245892888889	-2,03005185185
3,4	0,0403567417445	0,105186666667	-2,85452222222
3,45	0,0409055417445	-0,0690573333333	-2,96826271605
3,5	0,0326735417445	-0,225312888889	-2,29479703704
3,55	0,0159351417445	-0,323334666667	-1,03831604938
3,6	-0,00327285825545	-0,336749777778	0,40601037037
3,65	-0,0211088582555	-0,270436444444	1,59770246914
3,7	-0,0320848582555	-0,156712888889	2,32892765432
3,75	-0,0375728582555	-0,0201226666667	2,61094987654
3,8	-0,0342800582555	0,120583555556	2,45435555556
3,85	-0,0249504582555	0,243911111111	1,8300108642
3,9	-0,00821205825545	0,324249333333	0,729531358025
3,95	0,0107215417445	0,328212888889	-0,636032098765
4	0,0274599417445	0,259308	-1,94764716049
4,05	0,0398079417445	0,118144444444	-2,85511506173
4,1	0,0411799417445	-0,0625022222222	-2,94514197531
4,15	0,0318503417445	-0,210983111111	-2,23763037037
4,2	0,0175815417445	-0,301077777778	-1,11369135802
4,25	-0,000528858255455	-0,329737333333	0,193858518519
4,3	-0,0189136582555	-0,277601333333	1,3935962963
4,35	-0,0304384582555	-0,172414666667	2,19714790123
4,4	-0,0370240582555	-0,0405502222222	2,57114493827
4,45	-0,0348288582555	0,100003555556	2,51618024691
4,5	-0,0268712582555	0,231105777778	1,9567091358
4,55	-0,0101328582555	0,320438222222	0,849877777778
4,6	0,00880074174455	0,328060444444	-0,528558765432
4,65	0,0258135417445	0,259917777778	-1,76683111111
4,7	0,0367895417445	0,136895111111	-2,64025308642
4,75	0,0411799417445	-0,0240862222222	-2,97190444444
4,8	0,0351431417445	-0,195128888889	-2,49991950617
4,85	0,0189535417445	-0,306413333333	-1,30898962963
4,9	0,000843141744545	-0,334158222222	0,107642716049
4,95	-0,0175416582555	-0,285833333333	1,33812345679
5	-0,0298896582555	-0,182780888889	2,16725185185
5,05	-0,0367496582555	-0,0525933333333	2,57258469136
5,1	-0,0356520582555	0,0896373333333	2,55412197531
5,15	-0,0276944582555	0,224093333333	2,01023407407
5,2	-0,0115048582555	0,314950222222	0,920595061728
5,25	0,00715434174455	0,328212888889	-0,447509135802
5,3	0,0244415417445	0,265405777778	-1,71593160494
5,35	0,0362407417445	0,140096444444	-2,58579654321
5,4	0,0398079417445	-0,0179884444444	-2,84884790123
5,45	0,0343199417445	-0,172719555556	-2,43326740741
5,5	0,0208743417445	-0,286138222222	-1,4284891358
5,55	0,00276394174455	-0,329737333333	-0,0948543209877
5,6	-0,0156208582555	-0,291626222222	1,17356814815
5,65	-0,0285176582555	-0,197110666667	2,09746617284
5,7	-0,0367496582555	-0,0661608888889	2,60654592593
5,75	-0,0362008582555	0,0861311111111	2,56953580247
5,8	-0,0268712582555	0,212507555556	2,00608419753
5,85	-0,0134256582555	0,300468	1,0675345679
5,9	0,00523354174455	0,332786222222	-0,18522
5,95	0,0230695417445	0,287967555556	-1,53452271605
6	0,0373383417445	0,167384	-2,5888454321
6,05	0,0417287417445	0,000609777777778	-2,98350716049
6,1	0,0370639417445	-0,161438666667	-2,63339308642
6,15	0,0244415417445	-0,290559111111	-1,62006098765
6,2	0,00468474174455	-0,342542666667	-0,187083209877
6,25	-0,0139744582555	-0,30184	1,12707259259
6,3	-0,0271456582555	-0,211440444444	2,04724419753
6,35	-0,0364752582555	-0,0846066666667	2,60163382716
6,4	-0,0370240582555	0,0695146666667	2,63822049383
6,45	-0,0285176582555	0,203208444444	2,10678222222
6,5	-0,0150720582555	0,296656888889	1,1466362963
6,55	0,00331274174455	0,332328888889	-0,143551851852
6,6	0,0216975417445	0,285680888889	-1,48311506173
6,65	0,0348687417445	0,168756	-2,47027753086
6,7	0,0400823417445	0,0132626666667	-2,85562320988
6,75	0,0362407417445	-0,14406	-2,56809604938
6,8	0,0244415417445	-0,268912	-1,67155333333
6,85	0,00660554174455	-0,328670222222	-0,375013333333
6,9	-0,0120536582555	-0,305041333333	0,920002222222
6,95	-0,0260480582555	-0,223636	1,92638962963
7	-0,0362008582555	-0,0978693333333	2,55192
7,05	-0,0370240582555	0,053508	2,65041604938
7,1	-0,0298896582555	0,187506666667	2,23576716049
7,15	-0,0172672582555	0,292845777778	1,38682098765
7,2	0,00111754174455	0,347878222222	0,0682612345679
7,25	0,0216975417445	0,309462222222	-1,42815037037
7,3	0,0356919417445	0,187201777778	-2,53811530864
7,35	0,0417287417445	0,0277448888889	-2,99180691358
7,4	0,0389847417445	-0,141773333333	-2,71723753086
7,45	0,0258135417445	-0,271351111111	-1,78487037037
7,5	0,00907514174455	-0,334158222222	-0,496968888889
7,55	-0,0104072582555	-0,325621333333	0,885617530864
7,6	-0,0271456582555	-0,234002222222	1,99431209877
7,65	-0,0353776582555	-0,101680444444	2,55471481481
7,7	-0,0375728582555	0,0419222222222	2,60552962963
7,75	-0,0307128582555	0,174701333333	2,21662691358
7,8	-0,0191880582555	0,280040444444	1,40562246914
7,85	-0,000803258255455	0,334768	0,175903950617
7,9	0,0181303417445	0,303516888889	-1,17593950617
7,95	0,0323991417445	0,203056	-2,23525901235
8	0,0398079417445	0,0621973333333	-2,84122567901
8,05	0,0398079417445	-0,103052444444	-2,85858740741
8,1	0,0293807417445	-0,258088444444	-2,08857358025
8,15	0,0107215417445	-0,339646222222	-0,705394320988
8,2	-0,00848645825545	-0,331261777778	0,769929135802
8,25	-0,0254992582555	-0,246655111111	1,90843506173
8,3	-0,0348288582555	-0,118144444444	2,52575037037
8,35	-0,0378472582555	0,026068	2,63576444444
8,4	-0,0318104582555	0,161896	2,29674493827
8,45	-0,0208344582555	0,272723111111	1,51792320988
8,5	-0,00272405825545	0,334615555556	0,284139506173
8,55	0,0164839417445	0,309309777778	-1,11546987654
8,6	0,0313015417445	0,209916	-2,23043160494
8,65	0,0392591417445	0,0641791111111	-2,81649580247
8,7	0,0384359417445	-0,0980217777778	-2,75145283951
8,75	0,0285575417445	-0,237965777778	-2,03106814815
8,8	0,0123679417445	-0,321810222222	-0,822099012346
8,85	-0,00684005825545	-0,328822666667	0,577340987654
8,9	-0,0241272582555	-0,252905333333	1,74040740741
8,95	-0,0337312582555	-0,133236444444	2,42200345679
9	-0,0381216582555	0,00686	2,64652024691
9,05	-0,0331824582555	0,148480888889	2,41277209877
9,1	-0,0224808582555	0,267997333333	1,68756
9,15	-0,00437045825545	0,336749777778	0,507385925926
9,2	0,0142887417445	0,329889777778	-0,911702469136
9,25	0,0321247417445	0,240862222222	-2,20189061728
9,3	0,0411799417445	0,0859786666667	-2,94175432099
9,35	0,0411799417445	-0,0835395555556	-2,95090098765
9,4	0,0323991417445	-0,239337777778	-2,22645111111
9,45	0,0145631417445	-0,331109333333	-0,928217283951
9,5	-0,00437045825545	-0,337969333333	0,516532592593
9,55	-0,0224808582555	-0,266777777778	1,69594444444
9,6	-0,0329080582555	-0,147413777778	2,39744296296
9,65	-0,0378472582555	-0,00853688888889	2,63093703704
9,7	-0,0337312582555	0,130644888889	2,44088962963
9,75	-0,0244016582555	0,254277333333	1,77521555556
9,8	-0,00656565825545	0,332024	0,590214074074
9,85	0,0126423417445	0,323182222222	-0,80990345679
9,9	0,0288319417445	0,240404888889	-1,99473555556
9,95	0,0387103417445	0,104424444444	-2,7218108642
10	0,0400823417445	-0,0530506666667	-2,88518049383
10,05	0,0337711417445	-0,212202666667	-2,36204197531
10,1	0,0167583417445	-0,319980888889	-1,15984814815
10,15	-0,00217525825545	-0,339341333333	0,304973580247
10,2	-0,0205600582555	-0,277601333333	1,54316123457
10,25	-0,0318104582555	-0,165402222222	2,33434790123
10,3	-0,0381216582555	-0,0259155555556	2,65956271605
10,35	-0,0345544582555	0,117839555556	2,52431061728
10,4	-0,0257736582555	0,245130666667	1,90877382716
10,45	-0,00848645825545	0,330499555556	0,785342962963
10,5	0,0104471417445	0,339036444444	-0,663218024691
10,55	0,0291063417445	0,261594666667	-2,02801925926
10,6	0,0398079417445	0,111284444444	-2,83301061728
10,65	0,0406311417445	-0,0542702222222	-2,88374074074
10,7	0,0334967417445	-0,201226666667	-2,30885580247
10,75	0,0189535417445	-0,305346222222	-1,23285209877
10,8	1,99417445452E-005	-0,338274222222	0,136945925926
10,85	-0,0186392582555	-0,285985777778	1,38809135802
10,9	-0,0307128582555	-0,179274666667	2,20832716049
10,95	-0,0372984582555	-0,0478675555556	2,59392691358
11	-0,0359264582555	0,0939057777778	2,57487135802
11,05	-0,0279688582555	0,230038666667	2,04834518519
11,1	-0,0112304582555	0,324096888889	0,957774567901
11,15	0,00797754174455	0,337512	-0,417020246914
11,2	0,0252647417445	0,279888	-1,73862888889
11,25	0,0389847417445	0,15092	-2,72536790123
11,3	0,0422775417445	-0,0214946666667	-3,0305108642
11,35	0,0362407417445	-0,183390666667	-2,57986814815
11,4	0,0225207417445	-0,306413333333	-1,48379259259
11,45	0,00221514174455	-0,349707555556	0,00398049382716
11,5	-0,0167184582555	-0,297724	1,34125703704
11,55	-0,0293408582555	-0,194366666667	2,21925234568
11,6	-0,0372984582555	-0,0596057777778	2,65973209877
11,65	-0,0362008582555	0,0923813333333	2,5783437037
11,7	-0,0268712582555	0,218910222222	1,98694395062
11,75	-0,0128768582555	0,307175555556	0,984706419753
11,8	0,00633114174455	0,332024	-0,338341975309
11,85	0,0238927417445	0,274095111111	-1,6569017284
11,9	0,0365151417445	0,149700444444	-2,58647407407
11,95	0,0403567417445	-0,0112808888889	-2,88001432099
12	0,0351431417445	-0,167231555556	-2,47315703704
12,05	0,0219719417445	-0,282327111111	-1,49116074074
12,1	0,00413594174455	-0,330347111111	-0,180477283951
12,15	-0,0145232582555	-0,298028888889	1,0959908642
12,2	-0,0279688582555	-0,206104888889	2,04665135802
12,25	-0,0364752582555	-0,078204	2,59875432099
12,3	-0,0370240582555	0,0750026666667	2,62712592593
12,35	-0,0279688582555	0,207172	2,10881481481
12,4	-0,0147976582555	0,30184	1,17136617284
12,45	0,00441034174455	0,338579111111	-0,103069382716
12,5	0,0222463417445	0,297876444444	-1,48557111111
12,55	0,0376127417445	0,178969777778	-2,58909950617
12,6	0,0422775417445	0,00975644444444	-3,0216182716
12,65	0,0381615417445	-0,154121333333	-2,70029925926
12,7	0,0258135417445	-0,287357777778	-1,71940395062
12,75	0,00633114174455	-0,346811111111	-0,283631358025
12,8	-0,0131512582555	-0,311291555556	1,08557382716
12,85	-0,0268712582555	-0,218605333333	2,04156987654
12,9	-0,0362008582555	-0,091924	2,58977703704
12,95	-0,0372984582555	0,0597582222222	2,64660493827
13	-0,0293408582555	0,193452	2,19528469136
13,05	-0,0167184582555	0,295284888889	1,3207617284
13,1	0,00221514174455	0,342542666667	0,0525933333333
13,15	0,0208743417445	0,309767111111	-1,38817604938
13,2	0,0367895417445	0,193604444444	-2,57029802469
13,25	0,0425519417445	0,0236288888889	-3,07632888889
13,3	0,0392591417445	-0,149852888889	-2,75204567901
13,35	0,0255391417445	-0,278820888889	-1,7614108642
13,4	0,00852634174455	-0,337969333333	-0,444206172839
13,45	-0,0109560582555	-0,327145777778	0,946341234568
13,5	-0,0279688582555	-0,231563111111	2,05452765432
13,55	-0,0356520582555	-0,0958875555556	2,59214839506
13,6	-0,0375728582555	0,0471053333333	2,63364716049
13,65	-0,0307128582555	0,182780888889	2,23983234568
13,7	-0,0183648582555	0,290101777778	1,3804691358
13,75	0,000568741744545	0,340408444444	0,100020493827
13,8	0,0195023417445	0,304279111111	-1,27519777778
13,85	0,0337711417445	0,198787555556	-2,34442617284
13,9	0,0409055417445	0,0515262222222	-2,93235358025
13,95	0,0403567417445	-0,122260444444	-2,83385753086
14	0,0274599417445	-0,267082666667	-1,94180345679
14,05	0,0101727417445	-0,334310666667	-0,608592098765
14,1	-0,00876085825545	-0,329889777778	0,791948888889
14,15	-0,0263224582555	-0,243758666667	1,92799876543
14,2	-0,0348288582555	-0,114180888889	2,54285802469
14,25	-0,0381216582555	0,0295742222222	2,67319802469
14,3	-0,0318104582555	0,170280444444	2,34298641975
14,35	-0,0200112582555	0,282327111111	1,54790395062
14,4	-0,00162645825545	0,343457333333	0,326569876543
14,45	0,0175815417445	0,325926222222	-1,11699432099
14,5	0,0345943417445	0,224398222222	-2,37288246914
14,55	0,0425519417445	0,0626546666667	-3,02754666667
14,6	0,0411799417445	-0,10976	-2,92379975309
14,65	0,0307527417445	-0,259765333333	-2,09094493827
14,7	0,0123679417445	-0,341628	-0,731394567901
14,75	-0,00711445825545	-0,337054666667	0,730293580247
14,8	-0,0246760582555	-0,253362666667	1,86896888889
14,85	-0,0340056582555	-0,127443555556	2,49111160494
14,9	-0,0378472582555	0,0134151111111	2,6532108642
14,95	-0,0326336582555	0,152749333333	2,39668074074
15	-0,0219320582555	0,271960888889	1,6627454321
15,05	-0,00354725825545	0,341018222222	0,439124691358
15,1	0,0156607417445	0,328365333333	-1,03636814815
15,15	0,0332223417445	0,226227555556	-2,26862740741
15,2	0,0400823417445	0,0757648888889	-2,9070308642
15,25	0,0414543417445	-0,0910093333333	-2,87772765432
15,3	0,0304783417445	-0,242081777778	-2,13058049383
15,35	0,0142887417445	-0,325164	-0,883076790123
15,4	-0,00491925825545	-0,336749777778	0,519666172839
15,45	-0,0230296582555	-0,263881333333	1,71457654321
15,5	-0,0331824582555	-0,143145333333	2,41785358025
15,55	-0,0378472582555	-0,00396355555556	2,6600708642
15,6	-0,0337312582555	0,138114666667	2,4685837037
15,65	-0,0235784582555	0,263119111111	1,77521555556
15,7	-0,00546805825545	0,339036444444	0,560063950617
15,75	0,0140143417445	0,32928	-0,885278765432
15,8	0,0304783417445	0,244216	-2,17174049383
15,85	0,0414543417445	0,0903995555556	-2,93438617284
15,9	0,0403567417445	-0,0838444444444	-2,90008617284
15,95	0,0315759417445	-0,227447111111	-2,18080246914
16	0,0156607417445	-0,320133333333	-0,999273333333
16,05	-0,00354725825545	-0,337207111111	0,396779012346
16,1	-0,0216576582555	-0,271808444444	1,60481654321
16,15	-0,0326336582555	-0,156560444444	2,36483679012
16,2	-0,0381216582555	-0,0172262222222	2,66540641975
16,25	-0,0345544582555	0,126681333333	2,51033654321
16,3	-0,0249504582555	0,253667555556	1,85973753086
16,35	-0,00738885825545	0,334920444444	0,70615654321
16,4	0,0120935417445	0,334310666667	-0,686762222222
16,45	0,0288319417445	0,262204444444	-1,98431851852
16,5	0,0411799417445	0,121498222222	-2,89737604938
16,55	0,0428263417445	-0,0585386666667	-3,07277185185
16,6	0,0345943417445	-0,222416444444	-2,40455703704
16,65	0,0178559417445	-0,323487111111	-1,14756790123
16,7	-0,00107765825545	-0,344372	0,298537037037
16,75	-0,0200112582555	-0,283851555556	1,53723283951
16,8	-0,0315360582555	-0,170585333333	2,32426962963
16,85	-0,0378472582555	-0,0333853333333	2,65668320988
16,9	-0,0351032582555	0,110217333333	2,56005037037
16,95	-0,0265968582555	0,242234222222	1,96373851852
17	-0,00930965825545	0,332176444444	0,802789382716
17,05	0,0104471417445	0,335377777778	-0,641960493827
17,1	0,0274599417445	0,260222666667	-1,92410296296
17,15	0,0389847417445	0,123327555556	-2,74069703704
17,2	0,0409055417445	-0,0410075555556	-2,90034024691
17,25	0,0343199417445	-0,193147111111	-2,40218567901
17,3	0,0200511417445	-0,304431555556	-1,34396716049
17,35	0,000843141744545	-0,343	0,0553881481481
17,4	-0,0180904582555	-0,293912888889	1,35912691358
17,45	-0,0307128582555	-0,188421333333	2,25482271605
17,5	-0,0381216582555	-0,0501542222222	2,68979753086
17,55	-0,0362008582555	0,0992413333333	2,63203802469
17,6	-0,0276944582555	0,233697333333	2,05681432099
17,65	-0,0112304582555	0,326840888889	0,970986419753
17,7	0,00825194174455	0,343304888889	-0,409143950617
17,75	0,0260879417445	0,285071111111	-1,76539135802
17,8	0,0398079417445	0,153664	-2,77940098765
17,85	0,0433751417445	-0,0211897777778	-3,10910444444
17,9	0,0376127417445	-0,193147111111	-2,60307358025
17,95	0,0216975417445	-0,310376888889	-1,42340765432
18	0,00303834174455	-0,345439111111	0,0141434567901
18,05	-0,0161696582555	-0,300468	1,29518493827
18,1	-0,0290664582555	-0,200007111111	2,20273753086
18,15	-0,0375728582555	-0,0643315555556	2,68742617284
18,2	-0,0364752582555	0,0911617777778	2,62890444444
18,25	-0,0271456582555	0,21952	2,05393481481
18,3	-0,0131512582555	0,311444	1,08294839506
18,35	0,00633114174455	0,342542666667	-0,222822962963
18,4	0,0244415417445	0,293912888889	-1,60337679012
18,45	0,0389847417445	0,169518222222	-2,67192765432
18,5	0,0433751417445	-0,00213422222222	-3,06633530864
18,55	0,0384359417445	-0,168603555556	-2,6943708642
18,6	0,0252647417445	-0,300163111111	-1,64258888889
18,65	0,00495914174455	-0,351536888889	-0,174464197531
18,7	-0,0139744582555	-0,310529333333	1,1783108642
18,75	-0,0279688582555	-0,215556444444	2,13422222222
18,8	-0,0370240582555	-0,0820151111111	2,67667037037
18,85	-0,0372984582555	0,074088	2,67836419753
18,9	-0,0285176582555	0,207934222222	2,13913432099
18,95	-0,0150720582555	0,304279111111	1,17255185185
19	0,00413594174455	0,341475555556	-0,155662716049
19,05	0,0227951417445	0,292693333333	-1,54417753086
19,1	0,0365151417445	0,170890222222	-2,56157481481
19,15	0,0414543417445	0,00929911111111	-2,93895950617
19,2	0,0373383417445	-0,151377333333	-2,61730172839
19,25	0,0249903417445	-0,277448888889	-1,6865437037
19,3	0,00687994174455	-0,337816888889	-0,351807901235
19,35	-0,0126024582555	-0,311596444444	0,983266666667
19,4	-0,0265968582555	-0,224245777778	1,98956938272
19,45	-0,0364752582555	-0,0980217777778	2,60756222222
19,5	-0,0378472582555	0,0580813333333	2,69725037037
19,55	-0,0296152582555	0,193909333333	2,24432098765
19,6	-0,0172672582555	0,298333777778	1,36471654321
19,65	0,00221514174455	0,348335555556	0,0766456790123
19,7	0,0211487417445	0,314188	-1,36242987654
19,75	0,0370639417445	0,200312	-2,52075358025
19,8	0,0433751417445	0,0341475555556	-3,03821777778
19,85	0,0403567417445	-0,133693777778	-2,82462617284
19,9	0,0288319417445	-0,272570666667	-1,98245530864
19,95	0,0109959417445	-0,354128444444	-0,626038518519
20	-0,0104072582555	-0,346353777778	0,941598518518
20,05	-0,0279688582555	-0,242691555556	2,14218320988
20,1	-0,0359264582555	-0,101680444444	2,67980395062
20,15	-0,0381216582555	0,0455808888889	2,68996691358
20,2	-0,0309872582555	0,182171111111	2,27235382716
20,25	-0,0189136582555	0,289492	1,43585728395
20,3	1,99417445452E-005	0,344372	0,191063703704
20,35	0,0192279417445	0,314188	-1,18127506173
20,4	0,0340455417445	0,217233333333	-2,34129259259
20,45	0,0433751417445	0,0620448888889	-3,03195061728
20,5	0,0414543417445	-0,117534666667	-2,96538320988
20,55	0,0304783417445	-0,269826666667	-2,08586345679
20,6	0,0112703417445	-0,348183111111	-0,683035802469
20,65	-0,00793765825545	-0,340408444444	0,794150864198
20,7	-0,0260480582555	-0,254124888889	1,95044197531
20,75	-0,0351032582555	-0,122412888889	2,57876716049
20,8	-0,0386704582555	0,0231715555556	2,71181728395
20,85	-0,0326336582555	0,164944888889	2,39498691358
20,9	-0,0213832582555	0,281869777778	1,59694024691
20,95	-0,00244965825545	0,346658666667	0,322674074074
21	0,0173071417445	0,321352888889	-1,11081185185
21,05	0,0326735417445	0,222111555556	-2,26083580247
21,1	0,0411799417445	0,0771368888889	-2,94014518519
21,15	0,0420031417445	-0,0993937777778	-2,93777382716
21,2	0,0302039417445	-0,251533333333	-2,13955777778
21,25	0,0137399417445	-0,333396	-0,849454320988
21,3	-0,00601685825545	-0,342085333333	0,587503950617
21,35	-0,0241272582555	-0,265405777778	1,80875333333
21,4	-0,0345544582555	-0,138876888889	2,52617382716
21,45	-0,0386704582555	0,008232	2,72833209877
21,5	-0,0334568582555	0,150462666667	2,47451209877
21,55	-0,0230296582555	0,273332888889	1,75683753086
21,6	-0,00437045825545	0,348640444444	0,533132098765
21,65	0,0153863417445	0,340256	-0,96683654321
21,7	0,0334967417445	0,243758666667	-2,27785876543
21,75	0,0422775417445	0,0856737777778	-2,9830837037
21,8	0,0422775417445	-0,0829297777778	-2,98232148148
21,85	0,0337711417445	-0,240862222222	-2,27929851852
21,9	0,0156607417445	-0,337359555556	-0,977761728395
21,95	-0,00382165825545	-0,345744	0,495359753086
22	-0,0222064582555	-0,274857333333	1,70415950617
22,05	-0,0331824582555	-0,154578666667	2,43860296296
22,1	-0,0383960582555	-0,0126528888889	2,70351753086
22,15	-0,0345544582555	0,132016888889	2,52176987654
22,2	-0,0246760582555	0,259003111111	1,8511837037
22,25	-0,00684005825545	0,339646222222	0,673719753086
22,3	0,0129167417445	0,336749777778	-0,749941975309
22,35	0,0296551417445	0,26068	-2,07028024691
22,4	0,0420031417445	0,114333333333	-2,97673185185
22,45	0,0431007417445	-0,0731733333333	-3,05820493827
22,5	0,0329479417445	-0,227294666667	-2,31317506173
22,55	0,0178559417445	-0,321657777778	-1,10657728395
22,6	-0,00190085825545	-0,346353777778	0,30141654321
22,65	-0,0205600582555	-0,284613777778	1,54841209877
22,7	-0,0323592582555	-0,171652444444	2,35577481481
22,75	-0,0386704582555	-0,0309462222222	2,71003876543
22,8	-0,0356520582555	0,115400444444	2,61857209877
22,85	-0,0268712582555	0,250466222222	2,02378469136
22,9	-0,00903525825545	0,343	0,859447901235
22,95	0,0109959417445	0,352146666667	-0,642045185185
23	0,0299295417445	0,273485333333	-2,02386938272
23,05	0,0411799417445	0,126681333333	-2,88179283951
23,1	0,0433751417445	-0,0432942222222	-3,04584
23,15	0,0365151417445	-0,204428	-2,53083185185
23,2	0,0214231417445	-0,323487111111	-1,3820782716
23,25	0,000568741744545	-0,359464	0,131102222222
23,3	-0,0186392582555	-0,30184	1,4870108642
23,35	-0,0315360582555	-0,190098222222	2,3820291358
23,4	-0,0389448582555	-0,0451235555556	2,78998740741
23,45	-0,0367496582555	0,112808888889	2,61865679012
23,5	-0,0260480582555	0,236898666667	1,94790123457
23,55	-0,0115048582555	0,320133333333	0,930419259259
23,6	0,00825194174455	0,342847555556	-0,379078518519
23,65	0,0260879417445	0,286290666667	-1,74032271605
23,7	0,0400823417445	0,155645777778	-2,77076246914
23,75	0,0436495417445	-0,0211897777778	-3,0964854321
23,8	0,0373383417445	-0,186896888889	-2,63356246914
23,85	0,0233439417445	-0,310681777778	-1,53418395062
23,9	0,00303834174455	-0,357024888889	-0,0575901234568
23,95	-0,0164440582555	-0,310681777778	1,31542617284
24	-0,0301640582555	-0,206257333333	2,26396938272
24,05	-0,0383960582555	-0,0667706666667	2,75162222222
24,1	-0,0378472582555	0,0922288888889	2,67396024691
24,15	-0,0276944582555	0,221501777778	2,08129012346
24,2	-0,0142488582555	0,312968444444	1,12690320988
24,25	0,00550794174455	0,350317333333	-0,188946419753
24,3	0,0244415417445	0,302144888889	-1,63759209877
24,35	0,0392591417445	0,172567111111	-2,74772641975
24,4	0,0436495417445	-0,00365866666667	-3,13722197531
24,45	0,0387103417445	-0,176530666667	-2,69293111111
24,5	0,0238927417445	-0,300163111111	-1,59363728395
24,55	0,00550794174455	-0,347878222222	-0,191825925926
24,6	-0,0142488582555	-0,315255111111	1,13918345679
24,65	-0,0285176582555	-0,219062666667	2,12854790123
24,7	-0,0375728582555	-0,0855213333333	2,68505481481
24,75	-0,0381216582555	0,0707342222222	2,71266419753
24,8	-0,0296152582555	0,207781777778	2,19926518519
24,85	-0,0158952582555	0,307937777778	1,24403135802
24,9	0,00358714174455	0,346811111111	-0,0575901234568
24,95	0,0219719417445	0,307785333333	-1,46490641975
25	0,0376127417445	0,191317777778	-2,62416172839
25,05	0,0436495417445	0,017836	-3,12875283951
25,1	0,0395335417445	-0,159304444444	-2,76635851852
25,15	0,0255391417445	-0,287662666667	-1,71627037037
25,2	0,00770314174455	-0,343	-0,350537530864
25,25	-0,0120536582555	-0,319218666667	0,966243703704
25,3	-0,0265968582555	-0,233544888889	1,98660518519
25,35	-0,0370240582555	-0,106406222222	2,62932790123
25,4	-0,0386704582555	0,0510688888889	2,74518567901
25,45	-0,0309872582555	0,190708	2,31004148148
25,5	-0,0183648582555	0,298486222222	1,43390938272
25,55	0,000843141744545	0,351994222222	0,144314074074
25,6	0,0203255417445	0,322572444444	-1,32635135802
25,65	0,0367895417445	0,208544	-2,53811530864
25,7	0,0433751417445	0,0405502222222	-3,09851802469
25,75	0,0409055417445	-0,131864444444	-2,90753901235
25,8	0,0293807417445	-0,280345333333	-1,9904162963
25,85	0,00962394174455	-0,352908888889	-0,567178024691
25,9	-0,00958405825545	-0,338579111111	0,904927160494
25,95	-0,0274200582555	-0,247417333333	2,04377185185
26	-0,0362008582555	-0,109607555556	2,62280666667
26,05	-0,0383960582555	0,0353671111111	2,68598641975
26,1	-0,0323592582555	0,172872	2,33705802469
26,15	-0,0205600582555	0,288729777778	1,50488074074
26,2	-0,00107765825545	0,345439111111	0,200887901235
26,25	0,0178559417445	0,313883111111	-1,21599851852
26,3	0,0332223417445	0,210525777778	-2,33731209877
26,35	0,0409055417445	0,057624	-2,91295925926
26,4	0,0395335417445	-0,108388	-2,8109908642
26,45	0,0291063417445	-0,250618666667	-2,04826049383
26,5	0,0120935417445	-0,334158222222	-0,790339753086
26,55	-0,00766325825545	-0,337664444444	0,646025679012
26,6	-0,0252248582555	-0,258545777778	1,84305333333
26,65	-0,0353776582555	-0,131102222222	2,53870814815
26,7	-0,0389448582555	0,0153968888889	2,72960246914
26,75	-0,0337312582555	0,159152	2,45333925926
26,8	-0,0222064582555	0,279583111111	1,69619851852
26,85	-0,00382165825545	0,348945333333	0,47376345679
26,9	0,0159351417445	0,339646222222	-1,00774246914
26,95	0,0340455417445	0,241167111111	-2,31800246914
27	0,0425519417445	0,0815577777778	-3,02864765432
27,05	0,0425519417445	-0,0907044444444	-3,02017851852
27,1	0,0332223417445	-0,251076	-2,26778049383
27,15	0,0145631417445	-0,343609777778	-0,921780740741
27,2	-0,00491925825545	-0,348640444444	0,565314814815
27,25	-0,0235784582555	-0,274095111111	1,78004296296
27,3	-0,0342800582555	-0,149395555556	2,50533975309
27,35	-0,0392192582555	-0,00381111111111	2,73392172839
27,4	-0,0345544582555	0,140401333333	2,50804987654
27,45	-0,0246760582555	0,266320444444	1,79257728395
27,5	-0,00601685825545	0,343	0,562689382716
27,55	0,0134655417445	0,332024	-0,87765654321
27,6	0,0302039417445	0,246350222222	-2,11948592593
27,65	0,0406311417445	0,0998511111111	-2,87086765432
27,7	0,0411799417445	-0,0701244444444	-2,92092024691
27,75	0,0326735417445	-0,219824888889	-2,29301851852
27,8	0,0173071417445	-0,320743111111	-1,14274049383
27,85	-0,00244965825545	-0,347268444444	0,293201481481
27,9	-0,0213832582555	-0,284156444444	1,57475111111
27,95	-0,0329080582555	-0,167993777778	2,38482395062
28	-0,0389448582555	-0,0271351111111	2,72528320988
28,05	-0,0359264582555	0,120431111111	2,61865679012
28,1	-0,0265968582555	0,255649333333	1,98753679012
28,15	-0,00848645825545	0,343	0,812274814815
28,2	0,0109959417445	0,351384444444	-0,677022716049
28,25	0,0304783417445	0,270893777778	-2,06130296296
28,3	0,0409055417445	0,121955555556	-2,91262049383
28,35	0,0433751417445	-0,0481724444444	-3,07353407407
28,4	0,0362407417445	-0,216318666667	-2,4823037037
28,45	0,0192279417445	-0,325011555556	-1,24242222222
28,5	1,99417445452E-005	-0,348792888889	0,20749382716
28,55	-0,0189136582555	-0,293455555556	1,44983135802
28,6	-0,0312616582555	-0,186287111111	2,28785234568
28,65	-0,0386704582555	-0,0487822222222	2,70631234568
28,7	-0,0367496582555	0,102137777778	2,6538037037
28,75	-0,0279688582555	0,238270666667	2,06841703704
28,8	-0,0112304582555	0,331566666667	0,959214320988
28,85	0,00852634174455	0,346353777778	-0,43988691358
28,9	0,0263623417445	0,286595555556	-1,8094308642
28,95	0,0403567417445	0,151682222222	-2,8220854321
29	0,0433751417445	-0,0251533333333	-3,12849876543
29,05	0,0376127417445	-0,196500888889	-2,60773160494
29,1	0,0214231417445	-0,313883111111	-1,42688
29,15	0,00276394174455	-0,34986	0,0224432098765
29,2	-0,0169928582555	-0,304126666667	1,33024716049
29,25	-0,0298896582555	-0,199549777778	2,24127209877
29,3	-0,0381216582555	-0,0634168888889	2,71308765432
29,35	-0,0372984582555	0,0937533333333	2,64448765432
29,4	-0,0274200582555	0,223178666667	2,0364037037
29,45	-0,0134256582555	0,312053777778	1,0411108642
29,5	0,00605674174455	0,341780444444	-0,279650864198
29,55	0,0244415417445	0,285680888889	-1,62183950617
29,6	0,0370639417445	0,167384	-2,6511782716
29,65	0,0436495417445	-0,00487822222222	-3,06006814815
29,7	0,0365151417445	-0,175768444444	-2,61924962963
29,75	0,0236183417445	-0,292388444444	-1,55772814815
29,8	0,00468474174455	-0,343762222222	-0,187506666667
29,85	-0,0145232582555	-0,307937777778	1,12859703704
29,9	-0,0282432582555	-0,215404	2,09661925926
29,95	-0,0375728582555	-0,0835395555556	2,67040320988
30	-0,0378472582555	0,0739355555556	2,69928296296
30,05	-0,0290664582555	0,208848888889	2,18063308642
30,1	-0,0156208582555	0,308547555556	1,22861753086
30,15	0,00413594174455	0,347420888889	-0,0850301234568
30,2	0,0225207417445	0,305346222222	-1,49548
30,25	0,0378871417445	0,186592	-2,62187506173
30,3	0,0433751417445	0,016464	-3,10758
30,35	0,0398079417445	-0,159304444444	-2,76847580247
30,4	0,0255391417445	-0,290711555556	-1,71796419753
30,45	0,00742874174455	-0,344981777778	-0,32199654321
30,5	-0,0123280582555	-0,318608888889	1,0094362963
30,55	-0,0268712582555	-0,229428888889	2,01023407407
30,6	-0,0367496582555	-0,101680444444	2,60400518519
30,65	-0,0381216582555	0,0506115555556	2,70690518519
30,7	-0,0309872582555	0,188573777778	2,31122716049
30,75	-0,0183648582555	0,300315555556	1,44246320988
30,8	0,00139194174455	0,352299111111	0,131949135802
30,85	0,0203255417445	0,321505333333	-1,33600617284
30,9	0,0370639417445	0,208544	-2,55319037037
30,95	0,0436495417445	0,0375013333333	-3,10910444444
31	0,0406311417445	-0,133998666667	-2,8959362963
31,05	0,0293807417445	-0,280497777778	-1,98279407407
31,1	0,00962394174455	-0,355195555556	-0,550663209877
31,15	-0,0101328582555	-0,337969333333	0,939735308642
31,2	-0,0274200582555	-0,243301333333	2,04902271605
31,25	-0,0359264582555	-0,108540444444	2,59900839506
31,3	-0,0383960582555	0,0346048888889	2,67480716049
31,35	-0,0323592582555	0,173481777778	2,33383975309
31,4	-0,0202856582555	0,287510222222	1,51843135802
31,45	-0,00135205825545	0,346048888889	0,251025185185
31,5	0,0181303417445	0,317694222222	-1,14545061728
31,55	0,0329479417445	0,222264	-2,32308395062
31,6	0,0428263417445	0,0684475555556	-3,04126666667
31,65	0,0414543417445	-0,117077333333	-2,94607358025
31,7	0,0291063417445	-0,261442222222	-2,04428
31,75	0,0123679417445	-0,336749777778	-0,733681234568
31,8	-0,00738885825545	-0,339188888889	0,686084691358
31,85	-0,0252248582555	-0,257478666667	1,85702740741
31,9	-0,0348288582555	-0,131254666667	2,52541160494
31,95	-0,0389448582555	0,0138724444444	2,71139382716
32	-0,0334568582555	0,157932444444	2,41387308642
32,05	-0,0222064582555	0,275467111111	1,61743555556
32,1	-0,00382165825545	0,339798666667	0,369084938272
32,15	0,0153863417445	0,319980888889	-1,04221185185
32,2	0,0313015417445	0,225008	-2,21205358025
32,25	0,0400823417445	0,0763746666667	-2,85020296296
32,3	0,0395335417445	-0,0876555555556	-2,81658049383
32,35	0,0304783417445	-0,231410666667	-2,13854148148
32,4	0,0142887417445	-0,32242	-0,959383703704
32,45	-0,00491925825545	-0,337512	0,445561234568
32,5	-0,0230296582555	-0,269826666667	1,67426345679
32,55	-0,0340056582555	-0,149090666667	2,43453777778
32,6	-0,0386704582555	-0,00594533333333	2,69005160494
32,65	-0,0345544582555	0,137047555556	2,47646
32,7	-0,0244016582555	0,261137333333	1,76945654321
32,75	-0,00656565825545	0,336444888889	0,563536296296
32,8	0,0129167417445	0,327450666667	-0,859617283951
32,85	0,0293807417445	0,241167111111	-2,07925753086
32,9	0,0392591417445	0,0992413333333	-2,81039802469
32,95	0,0403567417445	-0,0670755555556	-2,87925209877
33	0,0318503417445	-0,217080888889	-2,26210617284
33,05	0,0164839417445	-0,314492888889	-1,1276654321
33,1	-0,00244965825545	-0,341323111111	0,267709382716
33,15	-0,0213832582555	-0,282174666667	1,53875728395
33,2	-0,0329080582555	-0,167079111111	2,36178790123
33,25	-0,0389448582555	-0,026068	2,69614938272
33,3	-0,0356520582555	0,119211555556	2,57292345679
33,35	-0,0265968582555	0,250161333333	1,95747135802
33,4	-0,00903525825545	0,338121777778	0,805330123457
33,45	0,0104471417445	0,347420888889	-0,696586419753
33,5	0,0296551417445	0,265710666667	-2,10737506173
33,55	0,0403567417445	0,108692888889	-2,90042493827
33,6	0,0406311417445	-0,0585386666667	-2,90609925926
33,65	0,0334967417445	-0,204580444444	-2,30936395062
33,7	0,0186791417445	-0,308395111111	-1,23573160494
33,75	-0,000254458255455	-0,341780444444	0,12991654321
33,8	-0,0191880582555	-0,291016444444	1,40570716049
33,85	-0,0315360582555	-0,183390666667	2,28565037037
33,9	-0,0386704582555	-0,0446662222222	2,70953061728
33,95	-0,0367496582555	0,108997777778	2,59816148148
34	-0,0265968582555	0,236288888889	1,96627925926
34,05	-0,0115048582555	0,321962666667	0,920849135803
34,1	0,00825194174455	0,341018222222	-0,415834567901
34,15	0,0258135417445	0,282174666667	-1,76852493827
34,2	0,0395335417445	0,150767555556	-2,77923160494
34,25	0,0428263417445	-0,0248484444444	-3,09724765432
34,3	0,0367895417445	-0,194366666667	-2,58732098765
34,35	0,0211487417445	-0,311291555556	-1,42315358025
34,4	0,00221514174455	-0,347420888889	0,0119414814815
34,45	-0,0169928582555	-0,302449777778	1,3050091358
34,5	-0,0301640582555	-0,200616888889	2,22043802469
34,55	-0,0383960582555	-0,0641791111111	2,70521135802
34,6	-0,0375728582555	0,0920764444444	2,64829876543
34,65	-0,0279688582555	0,222568888889	2,05927037037
34,7	-0,0137000582555	0,312663555556	1,07651185185
34,75	0,00550794174455	0,343914666667	-0,229852345679
34,8	0,0238927417445	0,296504444444	-1,64462148148
34,85	0,0387103417445	0,168146222222	-2,75636493827
34,9	0,0431007417445	-0,0129577777778	-3,10376888889
34,95	0,0365151417445	-0,178969777778	-2,60036345679
35	0,0230695417445	-0,29498	-1,53071160494
35,05	0,00441034174455	-0,344372	-0,160151358025
35,1	-0,0150720582555	-0,308395111111	1,15696864198
35,15	-0,0287920582555	-0,212202666667	2,10949234568
35,2	-0,0375728582555	-0,0807955555556	2,63728888889
35,25	-0,0378472582555	0,0714964444444	2,66151061728
35,3	-0,0296152582555	0,206104888889	2,17106296296
35,35	-0,0158952582555	0,305956	1,23717135802
35,4	0,00331274174455	0,345744	-0,0656358024691
35,45	0,0219719417445	0,305956	-1,48904345679
35,5	0,0373383417445	0,185982222222	-2,63381654321
35,55	0,0428263417445	0,01372	-3,10131283951
35,6	0,0387103417445	-0,159609333333	-2,73773283951
35,65	0,0249903417445	-0,288729777778	-1,69187925926
35,7	0,00660554174455	-0,342237777778	-0,310224444444
35,75	-0,0126024582555	-0,315255111111	1,00477827161
35,8	-0,0271456582555	-0,228819111111	2,01624716049
35,85	-0,0372984582555	-0,0983266666667	2,62627901235
35,9	-0,0381216582555	0,0570142222222	2,68480074074
35,95	-0,0304384582555	0,190403111111	2,23348049383
36	-0,0180904582555	0,295589777778	1,36293802469
36,05	0,00111754174455	0,345591555556	0,0728345679012
36,1	0,0200511417445	0,312511111111	-1,39080148148
36,15	0,0362407417445	0,191775111111	-2,52634320988
36,2	0,0406311417445	0,0317084444444	-3,00679728395
36,25	0,0398079417445	-0,137047555556	-2,78524469136
36,3	0,0258135417445	-0,276686666667	-1,85660395062
36,35	0,00880074174455	-0,339646222222	-0,51534691358
36,4	-0,0109560582555	-0,331109333333	0,897643703704
36,45	-0,0279688582555	-0,238270666667	2,03657308642
36,5	-0,0364752582555	-0,102442666667	2,61272839506
36,55	-0,0383960582555	0,0435991111111	2,67158888889
36,6	-0,0318104582555	0,181408888889	2,27108345679
36,65	-0,0191880582555	0,288882222222	1,41595481481
36,7	-0,000803258255455	0,341628	0,153968888889
36,75	0,0186791417445	0,309919555556	-1,22565333333
36,8	0,0332223417445	0,205342666667	-2,31436074074
36,85	0,0406311417445	0,0596057777778	-2,92634049383
36,9	0,0403567417445	-0,110369777778	-2,9260017284
36,95	0,0293807417445	-0,268149777778	-2,11965530864
37	0,0101727417445	-0,350164888889	-0,695061975309
37,05	-0,00958405825545	-0,340560888889	0,824978518519
37,1	-0,0271456582555	-0,251380888889	1,99846197531
37,15	-0,0364752582555	-0,116772444444	2,61814864198
37,2	-0,0392192582555	0,0314035555556	2,71156320988
37,25	-0,0329080582555	0,170280444444	2,36517555556
37,3	-0,0213832582555	0,284918666667	1,57652962963
37,35	-0,00244965825545	0,347878222222	0,335208395062
37,4	0,0167583417445	0,330347111111	-1,14604345679
37,45	0,0343199417445	0,225770222222	-2,43064197531
37,5	0,0420031417445	0,0594533333333	-3,07192493827
37,55	0,0406311417445	-0,117229777778	-2,8854345679
37,6	0,0285575417445	-0,256868888889	-2,01548493827
37,65	0,0123679417445	-0,332938666667	-0,765101728395
37,7	-0,00738885825545	-0,340408444444	0,635439259259
37,75	-0,0254992582555	-0,261137333333	1,83534641975
37,8	-0,0353776582555	-0,134151111111	2,53049308642
37,85	-0,0394936582555	0,0121955555556	2,72028641975
37,9	-0,0340056582555	0,155036	2,43716320988
37,95	-0,0233040582555	0,275619555556	1,65978123457
38	-0,00437045825545	0,343152444444	0,395508641975
38,05	0,0148375417445	0,323029777778	-1,03823135802
38,1	0,0310271417445	0,227904444444	-2,21908296296
38,15	0,0398079417445	0,0788137777778	-2,86781876543
38,2	0,0395335417445	-0,0861311111111	-2,8479162963
38,25	0,0304783417445	-0,232935111111	-2,16708246914
38,3	0,0140143417445	-0,324706666667	-0,96683654321
38,35	-0,00519365825545	-0,339646222222	0,458180246914
38,4	-0,0235784582555	-0,270284	1,69577506173
38,45	-0,0342800582555	-0,148633333333	2,45283111111
38,5	-0,0392192582555	-0,004116	2,69623407407
38,55	-0,0345544582555	0,138572	2,46578888889
38,6	-0,0246760582555	0,260222666667	1,77640123457
38,65	-0,00684005825545	0,337207111111	0,612318518519
38,7	0,0126423417445	0,331566666667	-0,785935802469
38,75	0,0291063417445	0,254124888889	-2,07222814815
38,8	0,0409055417445	0,109302666667	-2,95318765432
38,85	0,0420031417445	-0,0756124444444	-3,03898
38,9	0,0318503417445	-0,230953333333	-2,28988493827
38,95	0,0162095417445	-0,323334666667	-1,05330641975
39	-0,00327285825545	-0,343914666667	0,36959308642
39,05	-0,0219320582555	-0,278516	1,6094745679
39,1	-0,0331824582555	-0,161286222222	2,37203555556
39,15	-0,0386704582555	-0,0227142222222	2,66828592593
39,2	-0,0356520582555	0,120583555556	2,53523580247
39,25	-0,0263224582555	0,250618666667	1,90784222222
39,3	-0,00876085825545	0,334768	0,757225432099
39,35	0,0107215417445	0,336749777778	-0,641537037037
39,4	0,0277343417445	0,266777777778	-1,95095012346
39,45	0,0403567417445	0,126528888889	-2,86841160494
39,5	0,0420031417445	-0,0500017777778	-3,0680291358
39,55	0,0348687417445	-0,214794222222	-2,45808197531
39,6	0,0181303417445	-0,322724888889	-1,2184545679
39,65	-0,00107765825545	-0,345286666667	0,239507160494
39,7	-0,0197368582555	-0,287815111111	1,47921925926
39,75	-0,0318104582555	-0,178817333333	2,29530518519
39,8	-0,0386704582555	-0,0410075555556	2,66820123457
39,85	-0,0362008582555	0,104424444444	2,59240246914
39,9	-0,0279688582555	0,238423111111	2,00998
39,95	-0,0106816582555	0,329584888889	0,880874814815
40	0,00852634174455	0,338426666667	-0,523223209877
40,05	0,0260879417445	0,2744	-1,85491012346
40,1	0,0392591417445	0,134608444444	-2,75424765432
40,15	0,0403567417445	-0,0292693333333	-2,97588493827
40,2	0,0362407417445	-0,189488444444	-2,52507283951
40,25	0,0200511417445	-0,311291555556	-1,40037160494
40,3	0,00111754174455	-0,344219555556	0,0542871604938
40,35	-0,0178160582555	-0,296047111111	1,33786938272
40,4	-0,0304384582555	-0,193147111111	2,22814493827
40,45	-0,0383960582555	-0,0577764444444	2,69648814815
40,5	-0,0372984582555	0,0984791111111	2,63152987654
40,55	-0,0271456582555	0,226837333333	2,03801283951
40,6	-0,0131512582555	0,316169777778	1,05593185185
40,65	0,00633114174455	0,351232	-0,324367901235
40,7	0,0263623417445	0,289034666667	-1,77928074074
40,75	0,0384359417445	0,151682222222	-2,75958320988
40,8	0,0425519417445	-0,0157017777778	-3,05032864198
40,85	0,0370639417445	-0,184305333333	-2,58469555556
40,9	0,0219719417445	-0,30184	-1,47413777778
40,95	0,00358714174455	-0,342847555556	-0,0870627160494
41	-0,0156208582555	-0,304584	1,19668888889
41,05	-0,0290664582555	-0,208239111111	2,13379876543
41,1	-0,0378472582555	-0,0759173333333	2,66311975309
41,15	-0,0378472582555	0,0804906666667	2,65075481482
41,2	-0,0285176582555	0,210983111111	2,10796790123
41,25	-0,0153464582555	0,305498666667	1,17695580247
41,3	0,00413594174455	0,343457333333	-0,0978185185185
41,35	0,0222463417445	0,302907111111	-1,49404024691
41,4	0,0378871417445	0,183085777778	-2,60993358025
41,45	0,0428263417445	0,0114333333333	-3,03686271605
41,5	0,0384359417445	-0,152749333333	-2,6975891358
41,55	0,0260879417445	-0,280497777778	-1,77631654321
41,6	0,00825194174455	-0,350164888889	-0,407873580247
41,65	-0,0131512582555	-0,325621333333	1,04458320988
41,7	-0,0274200582555	-0,22638	2,09526419753
41,75	-0,0367496582555	-0,0957351111111	2,65371901235
41,8	-0,0381216582555	0,0591484444444	2,69564123457
41,85	-0,0298896582555	0,194061777778	2,22772148148
41,9	-0,0175416582555	0,297724	1,34108765432
41,95	0,00194074174455	0,346048888889	0,0495444444444
42	0,0205999417445	0,310986666667	-1,39605234568
42,05	0,0365151417445	0,194824	-2,55844123457
42,1	0,0422775417445	0,0266777777778	-3,05778148148
42,15	0,0392591417445	-0,144669777778	-2,76229333333
42,2	0,0260879417445	-0,276534222222	-1,80689012346
42,25	0,00880074174455	-0,339951111111	-0,481639753086
42,3	-0,0109560582555	-0,327908	0,912041234568
42,35	-0,0274200582555	-0,236288888889	2,01590839506
42,4	-0,0362008582555	-0,103052444444	2,58994641975
42,45	-0,0381216582555	0,0435991111111	2,64787530864
42,5	-0,0312616582555	0,177750222222	2,26693358025
42,55	-0,0194624582555	0,285985777778	1,47108888889
42,6	-0,000803258255455	0,344219555556	0,240608148148
42,65	0,0184047417445	0,320895555556	-1,20227851852
42,7	0,0348687417445	0,214794222222	-2,4225962963
42,75	0,0422775417445	0,0513737777778	-3,01729901235
42,8	0,0400823417445	-0,117687111111	-2,8658708642
42,85	0,0296551417445	-0,263271555556	-2,02497037037
42,9	0,0109959417445	-0,342085333333	-0,676683950617
42,95	-0,00821205825545	-0,335225333333	0,774671851852
43	-0,0257736582555	-0,250771111111	1,92461111111
43,05	-0,0351032582555	-0,119821333333	2,54971802469
43,1	-0,0381216582555	0,0245435555556	2,66447481482
43,15	-0,0323592582555	0,162505777778	2,33756617284
43,2	-0,0211088582555	0,276381777778	1,55264666667
43,25	-0,00272405825545	0,338426666667	0,317423209877
43,3	0,0164839417445	0,31556	-1,07998419753
43,35	0,0318503417445	0,218605333333	-2,22289407407
43,4	0,0400823417445	0,0750026666667	-2,89483530864
43,45	0,0409055417445	-0,0989364444445	-2,87891333333
43,5	0,0291063417445	-0,247722222222	-2,07214345679
43,55	0,0129167417445	-0,324554222222	-0,806769876543
43,6	-0,00601685825545	-0,332481333333	0,574884938272
43,65	-0,0238528582555	-0,258240888889	1,74862246914
43,7	-0,0337312582555	-0,136437777778	2,44283753086
43,75	-0,0381216582555	0,00518311111111	2,65973209877
43,8	-0,0331824582555	0,146194222222	2,42386666667
43,85	-0,0227552582555	0,265710666667	1,71881111111
43,9	-0,00491925825545	0,339493777778	0,521868148148
43,95	0,0145631417445	0,332176444444	-0,964549876543
44	0,0321247417445	0,236746222222	-2,28107703704
44,05	0,0411799417445	0,0746977777778	-2,94268592593
44,1	0,0395335417445	-0,0922288888889	-2,80540123457
44,15	0,0304783417445	-0,227752	-2,08552469136
44,2	0,0151119417445	-0,316779555556	-0,953709382716
44,25	-0,00409605825545	-0,334920444444	0,41676617284
44,3	-0,0222064582555	-0,267387555556	1,6179437037
44,35	-0,0326336582555	-0,151987111111	2,35941654321
44,4	-0,0381216582555	-0,0138724444444	2,65033135802
44,45	-0,0342800582555	0,129425333333	2,4891637037
44,5	-0,0246760582555	0,255496888889	1,82408246914
44,55	-0,00684005825545	0,334310666667	0,653732592593
44,6	0,0123679417445	0,329889777778	-0,735375061728
44,65	0,0288319417445	0,256106666667	-2,01269012346
44,7	0,0409055417445	0,113266222222	-2,88662024691
44,75	0,0417287417445	-0,0637217777778	-3,02119481482
44,8	0,0337711417445	-0,223636	-2,34696691358
44,85	0,0167583417445	-0,322572444444	-1,09522864198
44,9	-0,00190085825545	-0,340103555556	0,336817530864
44,95	-0,0205600582555	-0,278668444444	1,55323950617
45	-0,0318104582555	-0,165097333333	2,32282987654
45,05	-0,0378472582555	-0,0282022222222	2,63390123457
45,1	-0,0348288582555	0,114028444444	2,50940493827
45,15	-0,0260480582555	0,241929333333	1,89590074074
45,2	-0,00903525825545	0,326993333333	0,758749876543
45,25	0,0101727417445	0,330804444444	-0,659491604938
45,3	0,0274599417445	0,25382	-1,92410296296
45,35	0,0378871417445	0,118296888889	-2,71656
45,4	0,0403567417445	-0,0435991111111	-2,87434
45,45	0,0332223417445	-0,197110666667	-2,34950765432
45,5	0,0186791417445	-0,302297333333	-1,2606308642
45,55	1,99417445452E-005	-0,335987555556	0,119584197531
45,6	-0,0186392582555	-0,284156444444	1,37682740741
45,65	-0,0304384582555	-0,179274666667	2,21781259259
45,7	-0,0375728582555	-0,0451235555556	2,62018123457
45,75	-0,0353776582555	0,0992413333333	2,56750320988
45,8	-0,0274200582555	0,232782666667	1,98855308642
45,85	-0,0104072582555	0,322877333333	0,856737777778
45,9	0,00852634174455	0,329737333333	-0,536519753086
45,95	0,0255391417445	0,262814222222	-1,79664246914
46	0,0373383417445	0,133693777778	-2,65177111111
46,05	0,0403567417445	-0,0286595555556	-2,87154518519
46,1	0,0340455417445	-0,182171111111	-2,401
46,15	0,0203255417445	-0,291321333333	-1,37877530864
46,2	0,00221514174455	-0,333853333333	-0,0385345679012
46,25	-0,0167184582555	-0,292388444444	1,24835061728
46,3	-0,0293408582555	-0,191775111111	2,15522567901
46,35	-0,0370240582555	-0,0596057777778	2,62195975309
46,4	-0,0362008582555	0,0910093333333	2,57266938272
46,45	-0,0268712582555	0,218452888889	2,01175851852
46,5	-0,0128768582555	0,308090222222	1,04094148148
46,55	0,00633114174455	0,336292444444	-0,250178271605
46,6	0,0238927417445	0,287967555556	-1,62031506173
46,65	0,0384359417445	0,162658222222	-2,68793432099
46,7	0,0422775417445	-0,0108235555556	-3,05380098765
46,75	0,0370639417445	-0,178664888889	-2,58469555556
46,8	0,0222463417445	-0,296199555556	-1,47405308642
46,85	0,00413594174455	-0,33614	-0,100189876543
46,9	-0,0145232582555	-0,299705777778	1,15654518519
46,95	-0,0279688582555	-0,206714666667	2,08611753086
47	-0,0367496582555	-0,07546	2,6051908642
47,05	-0,0364752582555	0,0760697777778	2,58867604938
47,1	-0,0279688582555	0,203970666667	2,06037135802
47,15	-0,0147976582555	0,297114222222	1,13156123457
47,2	0,00386154174455	0,333548444444	-0,156255555556
47,25	0,0222463417445	0,285528444444	-1,50615111111
47,3	0,0354175417445	0,166774222222	-2,49085753086
47,35	0,0403567417445	0,0106711111111	-2,86570148148
47,4	0,0365151417445	-0,146804	-2,56995925926
47,45	0,0244415417445	-0,271656	-1,66452395062
47,5	0,00660554174455	-0,330956888889	-0,35672
47,55	-0,0123280582555	-0,306260888889	0,95226962963
47,6	-0,0263224582555	-0,221196888889	1,94747777778
47,65	-0,0359264582555	-0,0968022222222	2,55750962963
47,7	-0,0372984582555	0,05488	2,66557580247
47,75	-0,0296152582555	0,191165333333	2,2422037037
47,8	-0,0169928582555	0,295589777778	1,37411728395
47,85	0,00166634174455	0,349707555556	0,0470883950617
47,9	0,0222463417445	0,308852444444	-1,43653481481
47,95	0,0359663417445	0,187811555556	-2,52829111111
48	0,0422775417445	0,0303364444444	-3,00061481482
48,05	0,0398079417445	-0,141773333333	-2,74967432099
48,1	0,0263623417445	-0,274247555556	-1,80451876543
48,15	0,00934954174455	-0,335835111111	-0,504591111111
48,2	-0,00985845825545	-0,328365333333	0,877148395062
48,25	-0,0271456582555	-0,237660888889	2,00252716049
48,3	-0,0353776582555	-0,103204888889	2,57334691358
48,35	-0,0375728582555	0,0403977777778	2,62958197531
48,4	-0,0309872582555	0,175158666667	2,25143506173
48,45	-0,0191880582555	0,283089333333	1,43543382716
48,5	-0,000528858255455	0,337359555556	0,208848888889
48,55	0,0181303417445	0,309004888889	-1,13579580247
48,6	0,0329479417445	0,214946666667	-2,27311604938
48,65	0,0420031417445	0,0637217777778	-2,9481908642
48,7	0,0403567417445	-0,109455111111	-2,90516765432
48,75	0,0302039417445	-0,260527555556	-2,07951160494
48,8	0,0112703417445	-0,341170666667	-0,703277037037
48,85	-0,00766325825545	-0,333700888889	0,759427407407
48,9	-0,0252248582555	-0,250466222222	1,90140567901
48,95	-0,0345544582555	-0,120583555556	2,51609555556
49	-0,0375728582555	0,0213422222222	2,62602493827
49,05	-0,0320848582555	0,156408	2,32257580247
49,1	-0,0213832582555	0,271198666667	1,57161753086
49,15	-0,00299845825545	0,335225333333	0,354263950617
49,2	0,0159351417445	0,314035555556	-1,02849185185
49,25	0,0313015417445	0,220892	-2,16843753086
49,3	0,0398079417445	0,0800333333333	-2,86112814815
49,35	0,0409055417445	-0,0923813333333	-2,88374074074
49,4	0,0296551417445	-0,243148888889	-2,11415037037
49,45	0,0134655417445	-0,323792	-0,853180740741
49,5	-0,00546805825545	-0,334005777778	0,552780493827
49,55	-0,0235784582555	-0,259765333333	1,75226419753
49,6	-0,0334568582555	-0,135828	2,44122839506
49,65	-0,0375728582555	0,00442088888889	2,63601851852
49,7	-0,0329080582555	0,142688	2,40777530864
49,75	-0,0227552582555	0,262661777778	1,72736493827
49,8	-0,00491925825545	0,336902222222	0,562011851852
49,85	0,0142887417445	0,331871555556	-0,876470864198
49,9	0,0318503417445	0,243148888889	-2,16996197531
49,95	0,0411799417445	0,0917715555556	-2,92515481482
50	0,0417287417445	-0,0785088888889	-2,96690765432
50,05	0,0329479417445	-0,236136444444	-2,25871851852
50,1	0,0153863417445	-0,329432444444	-0,97242617284
50,15	-0,00354725825545	-0,339646222222	0,471900246914
50,2	-0,0219320582555	-0,269979111111	1,66139037037
50,25	-0,0323592582555	-0,152596888889	2,37677827161
50,3	-0,0378472582555	-0,0147871111111	2,6421162963
50,35	-0,0340056582555	0,126986222222	2,47866197531
50,4	-0,0246760582555	0,252143111111	1,8352617284
50,45	-0,00711445825545	0,333548444444	0,67786962963
50,5	0,0123679417445	0,330804444444	-0,731648641975
50,55	0,0288319417445	0,255039555556	-2,01777160494
50,6	0,0406311417445	0,113266222222	-2,8890762963
50,65	0,0420031417445	-0,0667706666667	-2,99316197531
50,7	0,0326735417445	-0,221044444444	-2,2902237037
50,75	0,0173071417445	-0,314950222222	-1,09776938272
50,8	-0,00162645825545	-0,338121777778	0,279904938272
50,85	-0,0200112582555	-0,279583111111	1,49370148148
50,9	-0,0315360582555	-0,170585333333	2,29640617284
50,95	-0,0381216582555	-0,0326231111111	2,66100246914
51	-0,0351032582555	0,112808888889	2,56496246914
51,05	-0,0263224582555	0,243148888889	1,97237703704
51,1	-0,00930965825545	0,332938666667	0,84505037037
51,15	0,0101727417445	0,344829333333	-0,641791111111
51,2	0,0291063417445	0,266168	-2,04224740741
51,25	0,0400823417445	0,113266222222	-2,84147975309
51,3	0,0406311417445	-0,0518311111111	-2,8664637037
51,35	0,0337711417445	-0,194519111111	-2,31630864198
51,4	0,0200511417445	-0,301687555556	-1,2981491358
51,45	0,000843141744545	-0,341170666667	0,0678377777778
51,5	-0,0180904582555	-0,291168888889	1,35463827161
51,55	-0,0304384582555	-0,185524888889	2,21493308642
51,6	-0,0375728582555	-0,0513737777778	2,62221382716
51,65	-0,0359264582555	0,0920764444444	2,59663703704
51,7	-0,0282432582555	0,227294666667	2,08425432099
51,75	-0,0117792582555	0,325011555556	1,01621160494
51,8	0,00770314174455	0,343152444444	-0,380857037037
51,85	0,0255391417445	0,286138222222	-1,75853135802
51,9	0,0395335417445	0,152901777778	-2,77160938272
51,95	0,0425519417445	-0,0204275555556	-3,08039407407
52	0,0373383417445	-0,189488444444	-2,57969876543
52,05	0,0214231417445	-0,306870666667	-1,4147691358
52,1	0,00303834174455	-0,341018222222	0,00584370370371
52,15	-0,0158952582555	-0,297571555556	1,26605111111
52,2	-0,0287920582555	-0,198482666667	2,15446345679
52,25	-0,0370240582555	-0,0666182222222	2,62856567901
52,3	-0,0364752582555	0,0858262222222	2,58105382716
52,35	-0,0271456582555	0,212050222222	2,02344592593
52,4	-0,0139744582555	0,302754666667	1,07447925926
52,45	0,00523354174455	0,336597333333	-0,241709135802
52,5	0,0236183417445	0,281717333333	-1,60049728395
52,55	0,0362407417445	0,158847111111	-2,56174419753
52,6	0,0409055417445	-0,000304888888889	-2,90491358025
52,65	0,0362407417445	-0,159914222222	-2,55403728395
52,7	0,0233439417445	-0,280650222222	-1,60041259259
52,75	0,00550794174455	-0,336292444444	-0,269657283951
52,8	-0,0139744582555	-0,307023111111	1,0622837037
52,85	-0,0276944582555	-0,214336888889	2,05130938272
52,9	-0,0367496582555	-0,085064	2,61374469136
52,95	-0,0372984582555	0,0678377777778	2,65617506173
53	-0,0290664582555	0,201684	2,17233333333
53,05	-0,0158952582555	0,302754666667	1,23344493827
53,1	0,00358714174455	0,342085333333	-0,0923135802469
53,15	0,0216975417445	0,300163111111	-1,52563012346
53,2	0,0373383417445	0,174548888889	-2,60298888889
53,25	0,0409055417445	0,00640266666667	-2,93497901235
53,3	0,0370639417445	-0,147566222222	-2,56538592593
53,35	0,0249903417445	-0,269826666667	-1,67629604938
53,4	0,00770314174455	-0,331871555556	-0,406772592593
53,45	-0,0117792582555	-0,312206222222	0,907637283951
53,5	-0,0260480582555	-0,228209333333	1,94053308642
53,55	-0,0362008582555	-0,102442666667	2,5741091358
53,6	-0,0375728582555	0,0510688888889	2,6754
53,65	-0,0301640582555	0,186439555556	2,24813209877
53,7	-0,0178160582555	0,292083555556	1,39003925926
53,75	0,00111754174455	0,342695111111	0,134828641975
53,8	0,0197767417445	0,313883111111	-1,27748444444
53,85	0,0359663417445	0,204885333333	-2,44216
53,9	0,0425519417445	0,0422271111111	-2,98206740741
53,95	0,0400823417445	-0,123175111111	-2,80370740741
54	0,0291063417445	-0,261289777778	-2,01650123457
54,05	0,0120935417445	-0,346963555556	-0,712762469136
54,1	-0,00930965825545	-0,345591555556	0,838952592593
54,15	-0,0268712582555	-0,247264888889	2,05579802469
54,2	-0,0353776582555	-0,10976	2,62094345679
54,25	-0,0378472582555	0,0350622222222	2,66278098765
54,3	-0,0315360582555	0,170585333333	2,28852987654
54,35	-0,0200112582555	0,28126	1,47625506173
54,4	-0,00135205825545	0,338731555556	0,220112839506
54,45	0,0175815417445	0,310834222222	-1,18754222222
54,5	0,0329479417445	0,206867111111	-2,30606098765
54,55	0,0400823417445	0,056252	-2,85968839506
54,6	0,0389847417445	-0,105186666667	-2,76280148148
54,65	0,0288319417445	-0,246655111111	-2,01641654321
54,7	0,0118191417445	-0,327755555556	-0,777381975309
54,75	-0,00711445825545	-0,332176444444	0,635608641975
54,8	-0,0249504582555	-0,254277333333	1,82670790123
54,85	-0,0345544582555	-0,126071555556	2,49856444444
54,9	-0,0378472582555	0,0158542222222	2,66472888889
54,95	-0,0329080582555	0,155645777778	2,39862864198
55	-0,0216576582555	0,275009777778	1,64995703704
55,05	-0,00327285825545	0,341018222222	0,438023703704
55,1	0,0156607417445	0,329584888889	-1,00469358025
55,15	0,0332223417445	0,234307111111	-2,28395654321
55,2	0,0417287417445	0,0771368888889	-2,99324666667
55,25	0,0417287417445	-0,098784	-2,9138908642
55,3	0,0304783417445	-0,244673333333	-2,10635876543
55,35	0,0145631417445	-0,326231111111	-0,867239506173
55,4	-0,00491925825545	-0,337512	0,517210123457
55,45	-0,0227552582555	-0,266168	1,70610740741
55,5	-0,0334568582555	-0,146194222222	2,42835530864
55,55	-0,0381216582555	-0,00381111111111	2,66710024691
55,6	-0,0337312582555	0,1372	2,44952814815
55,65	-0,0238528582555	0,259460444444	1,76581481482
55,7	-0,00601685825545	0,335835111111	0,592416049383
55,75	0,0134655417445	0,327450666667	-0,787460246914
55,8	0,0293807417445	0,250771111111	-2,02844271605
55,85	0,0411799417445	0,109912444444	-2,87933679012
55,9	0,0420031417445	-0,0660084444444	-3,02940987654
55,95	0,0340455417445	-0,228361777778	-2,36178790123
56	0,0164839417445	-0,328517777778	-1,07939135802
56,05	-0,00244965825545	-0,343152444444	0,384837530864
56,1	-0,0211088582555	-0,278668444444	1,61269283951
56,15	-0,0323592582555	-0,161896	2,38185975309
56,2	-0,0381216582555	-0,0213422222222	2,67048790123
56,25	-0,0345544582555	0,121650666667	2,50821925926
56,3	-0,0254992582555	0,248484444444	1,86456493827
56,35	-0,00793765825545	0,330347111111	0,714964444445
56,4	0,0109959417445	0,330956888889	-0,68727037037
56,45	0,0280087417445	0,259155555556	-2,00625358025
56,5	0,0403567417445	0,110827111111	-2,85071111111
56,55	0,0400823417445	-0,06174	-2,88831407407
56,6	0,0326735417445	-0,205342666667	-2,25202790123
56,65	0,0178559417445	-0,303974222222	-1,16679283951
56,7	-0,000528858255455	-0,333091111111	0,164385925926
56,75	-0,0189136582555	-0,282632	1,38546592593
56,8	-0,0309872582555	-0,176988	2,22153901235
56,85	-0,0375728582555	-0,0429893333333	2,62339950617
56,9	-0,0356520582555	0,100613333333	2,59866962963
56,95	-0,0274200582555	0,236898666667	2,06265802469
57	-0,0104072582555	0,332024	0,953455308642
57,05	0,00907514174455	0,348945333333	-0,517464197531
57,1	0,0282831417445	0,277296444444	-1,91453283951
57,15	0,0398079417445	0,134760888889	-2,8004891358
57,2	0,0425519417445	-0,0318608888889	-2,99129876543
57,25	0,0362407417445	-0,189945777778	-2,52007604938
57,3	0,0222463417445	-0,309767111111	-1,4347562963
57,35	0,00194074174455	-0,351841777778	0,0403977777778
57,4	-0,0172672582555	-0,297876444444	1,37471012346
57,45	-0,0296152582555	-0,192689777778	2,24347407407
57,5	-0,0375728582555	-0,0579288888889	2,68344567901
57,55	-0,0364752582555	0,0966497777778	2,59612888889
57,6	-0,0265968582555	0,223483555556	1,9793217284
57,65	-0,0126024582555	0,310224444444	0,959807160494
57,7	0,00687994174455	0,333700888889	-0,369931851852
57,75	0,0244415417445	0,273028	-1,67756641975
57,8	0,0367895417445	0,148633333333	-2,58765975309
57,85	0,0406311417445	-0,00990888888889	-2,90364320988
57,9	0,0359663417445	-0,170128	-2,52541160494
57,95	0,0219719417445	-0,289644444444	-1,51250296296
58	0,00386154174455	-0,335987555556	-0,155662716049
58,05	-0,0150720582555	-0,301230222222	1,14096197531
58,1	-0,0285176582555	-0,207172	2,10288641975
58,15	-0,0372984582555	-0,0746977777778	2,64186222222
58,2	-0,0370240582555	0,0794235555556	2,63618790123
58,25	-0,0282432582555	0,210525777778	2,10153135802
58,3	-0,0145232582555	0,304736444444	1,1619654321
58,35	0,00441034174455	0,341170666667	-0,11577308642
58,4	0,0227951417445	0,300163111111	-1,51682222222
58,45	0,0378871417445	0,178817333333	-2,64186222222
58,5	0,0428263417445	0,00731733333333	-3,09191209877
58,55	0,0387103417445	-0,166316888889	-2,7018237037
58,6	0,0241671417445	-0,292540888889	-1,61506419753
58,65	0,00605674174455	-0,339951111111	-0,222568888889
58,7	-0,0131512582555	-0,308090222222	1,05813382716
58,75	-0,0268712582555	-0,219367555556	2,00328938272
58,8	-0,0364752582555	-0,0942106666667	2,58012222222
58,85	-0,0375728582555	0,0580813333333	2,67082666667
58,9	-0,0298896582555	0,194366666667	2,23305703704
58,95	-0,0169928582555	0,299858222222	1,32796049383
59	0,00248954174455	0,344524444444	0,0261696296296
59,05	0,0208743417445	0,307937777778	-1,38080790123
59,1	0,0365151417445	0,195128888889	-2,5149945679
59,15	0,0425519417445	0,030184	-3,03135777778
59,2	0,0395335417445	-0,137504888889	-2,8210691358
59,25	0,0280087417445	-0,28126	-1,90479333333
59,3	0,00825194174455	-0,350622222222	-0,477659259259
59,35	-0,0109560582555	-0,329737333333	0,981911604938
59,4	-0,0276944582555	-0,235679111111	2,07561580247
59,45	-0,0362008582555	-0,098784	2,62179037037
59,5	-0,0378472582555	0,04802	2,63440938272
59,55	-0,0307128582555	0,180341777778	2,21281580247
59,6	-0,0189136582555	0,285071111111	1,37877530864
59,65	-0,000254458255455	0,337816888889	0,123310617284
59,7	0,0186791417445	0,304126666667	-1,26207061728
59,75	0,0332223417445	0,197415555556	-2,33370424691
59,8	0,0400823417445	0,0472577777778	-2,84653582716
59,85	0,0384359417445	-0,114333333333	-2,71673785184
59,9	0,0277343417445	-0,247325866666	-2,11951133329
59,95	0,0107215417445	-0,325849999997	-1,48856918512
60	-0,00848645825545	-0,364951999993	-1,06157229622
