0,05	-0,00930965825545	0,0204275555556	0,450168444444
0,1	-0,00903525825545	0,0415411111111	0,465514518519
0,15	-0,00629125825545	0,0675938666667	0,42864837037
0,2	-0,00244965825545	0,0940582222222	0,214345358025
0,25	0,00413594174455	0,0996986666667	-0,216869160494
0,3	0,00907514174455	0,071344	-0,630561037037
0,35	0,0118191417445	0,0278973333333	-0,85021654321
0,4	0,0123679417445	-0,0253057777778	-0,806261728395
0,45	0,00852634174455	-0,063112	-0,531692345679
0,5	0,00495914174455	-0,0780515555556	-0,229428888889
0,55	0,000568741744545	-0,0843017777778	0,0546259259259
0,6	-0,00409605825545	-0,0743928888889	0,355957777778
0,65	-0,00766325825545	-0,0471053333333	0,606474814815
0,7	-0,00930965825545	-0,00792711111111	0,722925432099
0,75	-0,00848645825545	0,0324706666667	0,666436296296
0,8	-0,00574245825545	0,0650937777778	0,45360691358
0,85	-0,00135205825545	0,08232	0,132372592593
0,9	0,00331274174455	0,0797284444444	-0,22036691358
0,95	0,00742874174455	0,0577764444444	-0,51280617284
1	0,00962394174455	0,0227142222222	-0,66669037037
1,05	0,00989834174455	-0,0161591111111	-0,653139753086
1,1	0,00770314174455	-0,049392	-0,482486666667
1,15	0,00413594174455	-0,0649413333333	-0,266354320988
1,2	0,00139194174455	-0,0788137777778	0,0150750617284
1,25	-0,00491925825545	-0,0670755555556	0,354263950617
1,3	-0,00601685825545	-0,0391782222222	0,597074074074
1,35	-0,00930965825545	-0,000457333333333	0,68515308642
1,4	-0,00601685825545	0,0381111111111	0,57539308642
1,45	-0,00464485825545	0,0594533333333	0,379756049383
1,5	-0,000254458255455	0,0792711111111	0,101714320988
1,55	0,00441034174455	0,074088	-0,255852592593
1,6	0,00797754174455	0,0503066666667	-0,540754320988
1,65	0,00989834174455	0,0143297777778	-0,694299753086
1,7	0,00962394174455	-0,0263728888889	-0,673465679012
1,75	0,00687994174455	-0,0591484444444	-0,497222962963
1,8	0,00331274174455	-0,0806431111111	-0,20495308642
1,85	-0,00190085825545	-0,0839968888889	0,173532592593
1,9	-0,00629125825545	-0,0612826666667	0,505268641975
1,95	-0,00848645825545	-0,0262204444444	0,680071604938
2	-0,00903525825545	0,0129577777778	0,700312839506
2,05	-0,00711445825545	0,0495444444444	0,578611358025
2,1	-0,00354725825545	0,0746977777778	0,353332345679
2,15	0,000843141744545	0,0867408888889	0,0641960493827
2,2	0,00550794174455	0,0856737777778	-0,310139753086
2,25	0,0107215417445	0,0568617777778	-0,686762222222
2,3	0,0120935417445	0,00777466666667	-0,863767160494
2,35	0,0112703417445	-0,0390257777778	-0,808124938272
2,4	0,00825194174455	-0,0830822222222	-0,51577037037
2,45	0,00166634174455	-0,098784	-0,0508995061728
2,5	-0,00299845825545	-0,0843017777778	0,349267160494
2,55	-0,00711445825545	-0,0574715555556	0,611556296296
2,6	-0,00930965825545	-0,0175311111111	0,729107901235
2,65	-0,00876085825545	0,0211897777778	0,697772098765
2,7	-0,00711445825545	0,0568617777778	0,541347160494
2,75	-0,00272405825545	0,0821675555556	0,235018518519
2,8	0,00221514174455	0,0832346666667	-0,134998024691
2,85	0,00633114174455	0,065856	-0,450388641975
2,9	0,00934954174455	0,0341475555556	-0,662540493827
2,95	0,0101727417445	-0,00686	-0,714625679012
3	0,00852634174455	-0,0449711111111	-0,583862222222
3,05	0,00523354174455	-0,071344	-0,313950864198
3,1	0,000568741744545	-0,0794235555556	0,0208340740741
3,15	-0,00382165825545	-0,0640266666667	0,271943950617
3,2	-0,00546805825545	-0,049392	0,462330123457
3,25	-0,00930965825545	-0,021952	0,690573333333
3,3	-0,00876085825545	0,026068	0,761714074074
3,35	-0,00629125825545	0,0657035555556	0,578865432099
3,4	-0,00190085825545	0,0952777777778	0,15862691358
3,45	0,00523354174455	0,0841493333333	-0,317507901235
3,5	0,00742874174455	0,0513737777778	-0,568024938272
3,55	0,00989834174455	0,0216471111111	-0,67312691358
3,6	0,0101727417445	-0,0181408888889	-0,683967407407
3,65	0,00797754174455	-0,0539653333333	-0,534317777778
3,7	0,00413594174455	-0,0763746666667	-0,270758271605
3,75	-0,000254458255455	-0,0832346666667	0,0536943209877
3,8	-0,00491925825545	-0,0716488888889	0,385684444444
3,85	-0,00821205825545	-0,0417697777778	0,641621728395
3,9	-0,00958405825545	-0,000609777777778	0,737577037037
3,95	-0,00821205825545	0,039788	0,649752098765
4	-0,00519365825545	0,0701244444444	0,422694567901
4,05	-0,000528858255455	0,085064	0,11831382716
4,1	0,00413594174455	0,0807955555556	-0,182763950617
4,15	0,00770314174455	0,0673804444444	-0,485196790123
4,2	0,0118191417445	0,0335377777778	-0,77433308642
4,25	0,0120935417445	-0,0202751111111	-0,841408641975
4,3	0,00907514174455	-0,0618924444444	-0,652631604938
4,35	0,00550794174455	-0,0917715555556	-0,299807407407
4,4	-0,00107765825545	-0,097412	0,16548691358
4,45	-0,00574245825545	-0,0710391111111	0,54278691358
4,5	-0,00848645825545	-0,0341475555556	0,727244691358
4,55	-0,00930965825545	0,00777466666667	0,748840987654
4,6	-0,00766325825545	0,0471053333333	0,607914567901
4,65	-0,00409605825545	0,0743928888889	0,330635061728
4,7	0,000568741744545	0,0829297777778	-0,0150750617284
4,75	0,00495914174455	0,0724111111111	-0,350198765432
4,8	0,00852634174455	0,0446662222222	-0,604018765432
4,85	0,00989834174455	0,00579288888889	-0,709967654321
4,9	0,00907514174455	-0,0330804444444	-0,65127654321
4,95	0,00633114174455	-0,0652462222222	-0,44505308642
5	0,00194074174455	-0,08232	-0,126444197531
5,05	-0,00272405825545	-0,079576	0,229682962963
5,1	-0,00684005825545	-0,0571666666667	0,533301481481
5,15	-0,00903525825545	-0,02058	0,705479012346
5,2	-0,00903525825545	0,0199702222222	0,721231604938
5,25	-0,00684005825545	0,0568617777778	0,594533333333
5,3	-0,00299845825545	0,0839968888889	0,338511358025
5,35	0,00194074174455	0,0981742222222	-0,0741896296296
5,4	0,00825194174455	0,0804906666667	-0,546513333333
5,45	0,0112703417445	0,0353671111111	-0,837936296296
5,5	0,0120935417445	-0,0175311111111	-0,825486666667
5,55	0,00880074174455	-0,0570142222222	-0,582168395062
5,6	0,00550794174455	-0,0765271111111	-0,284478271605
5,65	0,000843141744545	-0,0852164444444	0,02058
5,7	-0,00382165825545	-0,0746977777778	0,321403703704
5,75	-0,00711445825545	-0,0513737777778	0,572090123457
5,8	-0,00958405825545	-0,0138724444444	0,725550864198
5,85	-0,00876085825545	0,0289644444444	0,698280246914
5,9	-0,00629125825545	0,0632644444444	0,497222962963
5,95	-0,00190085825545	0,0838444444444	0,171754074074
6	0,00303834174455	0,08232	-0,196314567901
6,05	0,00715434174455	0,0611302222222	-0,496291358025
6,1	0,00962394174455	0,0272875555556	-0,662455802469
6,15	0,0101727417445	-0,0120431111111	-0,661608888889
6,2	0,00825194174455	-0,0471053333333	-0,485535555556
6,25	0,00441034174455	-0,06174	-0,264067654321
6,3	0,00194074174455	-0,0704293333333	-0,0732580246914
6,35	-0,00272405825545	-0,0724111111111	0,18479654321
6,4	-0,00601685825545	-0,0570142222222	0,517294814815
6,45	-0,00958405825545	-0,0181408888889	0,774925925926
6,5	-0,00848645825545	0,0339951111111	0,751297037037
6,55	-0,00519365825545	0,0676853333333	0,483841728395
6,6	-0,00107765825545	0,085064	0,125597283951
6,65	0,00413594174455	0,0812528888889	-0,256530123457
6,7	0,00797754174455	0,0560995555556	-0,558624197531
6,75	0,0101727417445	0,0195128888889	-0,719707160494
6,8	0,0101727417445	-0,0225617777778	-0,714371604938
6,85	0,00770314174455	-0,0593008888889	-0,533470864198
6,9	0,00358714174455	-0,0807955555556	-0,232054320988
6,95	-0,00107765825545	-0,0846066666667	0,121616790123
7	-0,00574245825545	-0,0676853333333	0,450303950617
7,05	-0,00848645825545	-0,0350622222222	0,669908641975
7,1	-0,00958405825545	0,00564044444444	0,734612839506
7,15	-0,00793765825545	0,0460382222222	0,621380493827
7,2	-0,00437045825545	0,0731733333333	0,378316296296
7,25	1,99417445452E-005	0,0852164444444	0,0838444444444
7,3	0,00468474174455	0,0821675555556	-0,233494074074
7,35	0,00880074174455	0,0637217777778	-0,571327901235
7,4	0,0120935417445	0,0225617777778	-0,829297777778
7,45	0,0115447417445	-0,0289644444444	-0,858600987654
7,5	0,00907514174455	-0,0762222222222	-0,602240246914
7,55	0,00276394174455	-0,0981742222222	-0,147871111111
7,6	-0,00217525825545	-0,0885702222222	0,276771358025
7,65	-0,00656565825545	-0,0640266666667	0,567601481481
7,7	-0,00903525825545	-0,0272875555556	0,731648641975
7,75	-0,00958405825545	0,015092	0,742065679012
7,8	-0,00738885825545	0,0541177777778	0,582845925926
7,85	-0,00354725825545	0,0786613333333	0,292947407407
7,9	0,00111754174455	0,086436	-0,0680918518519
7,95	0,00605674174455	0,0718013333333	-0,421424197531
8	0,00907514174455	0,0390257777778	-0,655934567901
8,05	0,0101727417445	-0,000457333333333	-0,729616049383
8,1	0,00907514174455	-0,0403977777778	-0,639504444444
8,15	0,00578234174455	-0,0711915555556	-0,391612839506
8,2	0,00111754174455	-0,0830822222222	-0,0577595061728
8,25	-0,00327285825545	-0,0763746666667	0,271943950617
8,3	-0,00711445825545	-0,0539653333333	0,549816296296
8,35	-0,00930965825545	-0,0170737777778	0,716658271605
8,4	-0,00903525825545	0,024696	0,719707160494
8,45	-0,00656565825545	0,0614351111111	0,555744691358
8,5	-0,00244965825545	0,0855213333333	0,253142469136
8,55	0,00248954174455	0,0940582222222	-0,185897530864
8,6	0,00880074174455	0,0655511111111	-0,584709135802
8,65	0,00962394174455	0,0224093333333	-0,723518271605
8,7	0,0104471417445	-0,0131102222222	-0,699042469136
8,75	0,00852634174455	-0,0503066666667	-0,572767654321
8,8	0,00495914174455	-0,0757648888889	-0,323351604938
8,85	0,000294341744545	-0,0858262222222	0,000677530864195
8,9	-0,00437045825545	-0,076832	0,346811111111
8,95	-0,00821205825545	-0,0487822222222	0,629595555556
9	-0,00985845825545	-0,00686	0,753668395062
9,05	-0,00876085825545	0,0338426666667	0,70141382716
9,1	-0,00629125825545	0,0687524444444	0,507385925926
9,15	-0,00135205825545	0,0903995555556	0,180307901235
9,2	0,00386154174455	0,0876555555556	-0,185812839506
9,25	0,00770314174455	0,0719537777778	-0,544819506173
9,3	0,0120935417445	0,0332328888889	-0,849623703704
9,35	0,0123679417445	-0,0280497777778	-0,843695308642
9,4	0,00797754174455	-0,0667706666667	-0,525594567901
9,45	0,00413594174455	-0,0756124444444	-0,238575555556
9,5	0,00111754174455	-0,0882653333333	0,0287950617284
9,55	-0,00546805825545	-0,0815577777778	0,423118024691
9,6	-0,00876085825545	-0,0422271111111	0,725720246914
9,65	-0,00985845825545	0,00365866666667	0,776619753086
9,7	-0,00793765825545	0,0426844444444	0,643908395062
9,75	-0,00519365825545	0,0708866666667	0,409990864198
9,8	-0,000528858255455	0,0881128888889	0,0770691358025
9,85	0,00468474174455	0,0814053333333	-0,304973580247
9,9	0,00852634174455	0,0536604444444	-0,601647407407
9,95	0,0104471417445	0,0147871111111	-0,747062469136
10	0,0101727417445	-0,0278973333333	-0,71987654321
10,05	0,00742874174455	-0,064484	-0,517379506173
10,1	0,00303834174455	-0,0849115555556	-0,187930123457
10,15	-0,00190085825545	-0,0852164444444	0,19377382716
10,2	-0,00629125825545	-0,064484	0,543803209877
10,25	-0,00903525825545	-0,0271351111111	0,779160493827
10,3	-0,00985845825545	0,0250008888889	0,761544691358
10,35	-0,00574245825545	0,0618924444444	0,48578962963
10,4	-0,00217525825545	0,0708866666667	0,219689382716
10,45	0,00111754174455	0,078204	0,0215116049383
10,5	0,00550794174455	0,080948	-0,306074567901
10,55	0,0107215417445	0,0536604444444	-0,708019753086
10,6	0,0123679417445	-0,00213422222222	-0,863767160494
10,65	0,00989834174455	-0,0490871111111	-0,685407160494
10,7	0,00633114174455	-0,0739355555556	-0,39017308642
10,75	0,00221514174455	-0,0871982222222	-0,0796945679012
10,8	-0,00299845825545	-0,0839968888889	0,261442222222
10,85	-0,00711445825545	-0,0600631111111	0,565060740741
10,9	-0,00958405825545	-0,0221044444444	0,741388148148
10,95	-0,00958405825545	0,0217995555556	0,735967901235
11	-0,00711445825545	0,0591484444444	0,549985679012
11,05	-0,00299845825545	0,0811004444444	0,252210864198
11,1	0,00166634174455	0,0859786666667	-0,0930758024691
11,15	0,00633114174455	0,0719537777778	-0,433619753086
11,2	0,00962394174455	0,0399404444444	-0,692521234568
11,25	0,0109959417445	-0,00579288888889	-0,7546
11,3	0,00880074174455	-0,0463431111111	-0,58182962963
11,35	0,00550794174455	-0,0687524444444	-0,295911604938
11,4	0,00111754174455	-0,0736306666667	-0,0312511111111
11,45	-0,00217525825545	-0,0679902222222	0,175988641975
11,5	-0,00546805825545	-0,0605204444444	0,446662222222
11,55	-0,00958405825545	-0,0263728888889	0,736984197531
11,6	-0,00903525825545	0,0253057777778	0,778313580247
11,65	-0,00629125825545	0,0638742222222	0,551340740741
11,7	-0,00190085825545	0,0849115555556	0,195467654321
11,75	0,00303834174455	0,0844542222222	-0,193180987654
11,8	0,00742874174455	0,0629595555556	-0,517972345679
11,85	0,00989834174455	0,0272875555556	-0,711576790123
11,9	0,0104471417445	-0,015092	-0,735798518518
11,95	0,00825194174455	-0,0539653333333	-0,578272592593
12	0,00441034174455	-0,078204	-0,290576049383
12,05	-0,000254458255455	-0,0852164444444	0,055049382716
12,1	-0,00491925825545	-0,0724111111111	0,39102
12,15	-0,00821205825545	-0,042532	0,63925037037
12,2	-0,00958405825545	-0,00243911111111	0,741388148148
12,25	-0,00848645825545	0,038416	0,676514567901
12,3	-0,00546805825545	0,0718013333333	0,457079259259
12,35	-0,000528858255455	0,0881128888889	0,137115308642
12,4	0,00413594174455	0,0852164444444	-0,202158271605
12,45	0,00825194174455	0,069972	-0,564891358025
12,5	0,0123679417445	0,0289644444444	-0,880281975309
12,55	0,0123679417445	-0,0336902222222	-0,871558765432
12,6	0,00770314174455	-0,0733257777778	-0,546089876543
12,65	0,00386154174455	-0,087808	-0,178021234568
12,7	-0,00135205825545	-0,0896373333333	0,174379506173
12,75	-0,00601685825545	-0,0701244444444	0,496714814815
12,8	-0,00903525825545	-0,0353671111111	0,705987160494
12,85	-0,00985845825545	0,00716488888889	0,757140740741
12,9	-0,00821205825545	0,0474102222222	0,636116790123
12,95	-0,00464485825545	0,0762222222222	0,37772345679
13	1,99417445452E-005	0,08918	0,0258308641975
13,05	0,00523354174455	0,0797284444444	-0,343254074074
13,1	0,00880074174455	0,0509164444444	-0,622820246914
13,15	0,0107215417445	0,0115857777778	-0,758749876543
13,2	0,0101727417445	-0,0321657777778	-0,717166419753
13,25	0,00715434174455	-0,0675328888889	-0,498662716049
13,3	0,00276394174455	-0,0870457777778	-0,15905037037
13,35	-0,00244965825545	-0,0852164444444	0,22680345679
13,4	-0,00656565825545	-0,0623497777778	0,558370123457
13,45	-0,00930965825545	-0,0250008888889	0,764678271605
13,5	-0,00985845825545	0,0262204444444	0,716234814815
13,55	-0,00546805825545	0,0557946666667	0,467919753086
13,6	-0,00354725825545	0,0692097777778	0,245096790123
13,65	0,00111754174455	0,0821675555556	-0,0222738271605
13,7	0,00578234174455	0,0714964444444	-0,35672
13,75	0,00907514174455	0,0429893333333	-0,61612962963
13,8	0,0104471417445	0,00396355555556	-0,737322962963
13,85	0,00962394174455	-0,0379586666667	-0,679478765432
13,9	0,00633114174455	-0,0716488888889	-0,442597037037
13,95	0,00166634174455	-0,0870457777778	-0,0914666666667
14	-0,00327285825545	-0,080948	0,271097037037
14,05	-0,00711445825545	-0,0571666666667	0,567601481481
14,1	-0,00958405825545	-0,0193604444444	0,742743209877
14,15	-0,00930965825545	0,0242386666667	0,750365432099
14,2	-0,00684005825545	0,0618924444444	0,599699506173
14,25	-0,00272405825545	0,0887226666667	0,320726172839
14,3	0,00248954174455	0,100765777778	-0,0988348148148
14,35	0,00880074174455	0,0815577777778	-0,557861975309
14,4	0,0118191417445	0,0361293333333	-0,82921308642
14,45	0,0123679417445	-0,0118906666667	-0,85191037037
14,5	0,0107215417445	-0,0586911111111	-0,647465432099
14,55	0,00550794174455	-0,0844542222222	-0,277448888889
14,6	0,000843141744545	-0,0812528888889	0,0254074074074
14,65	-0,00217525825545	-0,0786613333333	0,272875555556
14,7	-0,00766325825545	-0,0599106666667	0,59123037037
14,75	-0,00958405825545	-0,0146346666667	0,78932345679
14,8	-0,00903525825545	0,0309462222222	0,739186172839
14,85	-0,00601685825545	0,0669231111111	0,50078
14,9	-0,00162645825545	0,085064	0,153291358025
14,95	0,00331274174455	0,0829297777778	-0,214099753086
15	0,00742874174455	0,06174	-0,529998518519
15,05	0,0101727417445	0,0248484444444	-0,72072345679
15,1	0,0101727417445	-0,0182933333333	-0,727244691358
15,15	0,00797754174455	-0,0542702222222	-0,571666666667
15,2	0,00441034174455	-0,0803382222222	-0,290576049383
15,25	-0,000803258255455	-0,087808	0,0848607407407
15,3	-0,00546805825545	-0,0708866666667	0,43946345679
15,35	-0,00848645825545	-0,0385684444444	0,679394074074
15,4	-0,00958405825545	0,00228666666667	0,77560345679
15,45	-0,00848645825545	0,0457333333333	0,694384444444
15,5	-0,00491925825545	0,0833871111111	0,380179506173
15,55	0,00166634174455	0,0867408888889	-0,0078762962963
15,6	0,00441034174455	0,0731733333333	-0,256276049383
15,65	0,00825194174455	0,0640266666667	-0,53380962963
15,7	0,0123679417445	0,0251533333333	-0,848353333333
15,75	0,0120935417445	-0,0364342222222	-0,849708395062
15,8	0,00742874174455	-0,0757648888889	-0,525763950617
15,85	0,00331274174455	-0,0893324444444	-0,142620246914
15,9	-0,00190085825545	-0,0879604444444	0,215031358025
15,95	-0,00629125825545	-0,0669231111111	0,527203703704
16	-0,00930965825545	-0,0303364444444	0,716912345679
16,05	-0,00958405825545	0,0126528888889	0,729700740741
16,1	-0,00766325825545	0,0486297777778	0,592246666667
16,15	-0,00437045825545	0,0751551111111	0,357820987654
16,2	0,000294341744545	0,0885702222222	0,034469382716
16,25	0,00550794174455	0,0798808888889	-0,312595802469
16,3	0,00907514174455	0,0525933333333	-0,574122716049
16,35	0,0107215417445	0,0202751111111	-0,76103654321
16,4	0,0118191417445	-0,0256106666667	-0,845219753086
16,45	0,00880074174455	-0,0792711111111	-0,616299012346
16,5	0,00221514174455	-0,100003555556	-0,129831851852
16,55	-0,00272405825545	-0,087808	0,301331851852
16,6	-0,00684005825545	-0,0629595555556	0,590891604938
16,65	-0,00958405825545	-0,0245435555556	0,753583703704
16,7	-0,00958405825545	0,019208	0,748248148148
16,75	-0,00738885825545	0,0573191111111	0,575985925926
16,8	-0,00327285825545	0,0815577777778	0,280159012346
16,85	0,00139194174455	0,0887226666667	-0,0910432098765
16,9	0,00660554174455	0,0728684444444	-0,45877308642
16,95	0,00962394174455	0,0361293333333	-0,682442962963
17	0,0101727417445	-0,00289644444444	-0,730208888889
17,05	0,00934954174455	-0,0417697777778	-0,639758518519
17,1	0,00578234174455	-0,0734782222222	-0,395085185185
17,15	0,00111754174455	-0,0855213333333	-0,0537790123457
17,2	-0,00354725825545	-0,0785088888889	0,289475061728
17,25	-0,00738885825545	-0,0544226666667	0,578950123457
17,3	-0,00958405825545	-0,016464	0,761375308642
17,35	-0,00930965825545	0,0283546666667	0,778652345679
17,4	-0,00656565825545	0,0686	0,609777777778
17,45	-0,00217525825545	0,0986315555556	0,234764444444
17,5	0,00468474174455	0,0983266666667	-0,265338024691
17,55	0,00907514174455	0,0663133333333	-0,651107160494
17,6	0,0115447417445	0,024696	-0,835226172839
17,65	0,0120935417445	-0,0266777777778	-0,790255061728
17,7	0,00825194174455	-0,0647888888889	-0,518734567901
17,75	0,00441034174455	-0,0785088888889	-0,215285432099
17,8	0,000294341744545	-0,0843017777778	0,0662286419753
17,85	-0,00464485825545	-0,0739355555556	0,36959308642
17,9	-0,00793765825545	-0,0454284444444	0,617315308642
17,95	-0,00958405825545	-0,00670755555556	0,735544444444
18	-0,00876085825545	0,0352146666667	0,681765432099
18,05	-0,00574245825545	0,0690573333333	0,450558024691
18,1	-0,00107765825545	0,0849115555556	0,107812098765
18,15	0,00358714174455	0,0803382222222	-0,252295555556
18,2	0,00770314174455	0,0571666666667	-0,550324444444
18,25	0,00989834174455	0,0199702222222	-0,716997037037
18,3	0,00989834174455	-0,021952	-0,706664691358
18,35	0,00742874174455	-0,057624	-0,52779654321
18,4	0,00358714174455	-0,0797284444444	-0,226210617284
18,45	-0,00135205825545	-0,0826248888889	0,135082716049
18,5	-0,00546805825545	-0,0650937777778	0,464532098765
18,55	-0,00848645825545	-0,0327755555556	0,693791604938
18,6	-0,00958405825545	0,0149395555556	0,697602716049
18,65	-0,00601685825545	0,0458857777778	0,506962469136
18,7	-0,00437045825545	0,0632644444444	0,31513654321
18,75	1,99417445452E-005	0,0800333333333	0,0587758024691
18,8	0,00468474174455	0,074088	-0,279481481481
18,85	0,00825194174455	0,0496968888889	-0,565653580247
18,9	0,0101727417445	0,0118906666667	-0,721739753086
18,95	0,00962394174455	-0,0300315555556	-0,695061975309
19	0,00687994174455	-0,0649413333333	-0,492903703704
19,05	0,00248954174455	-0,0844542222222	-0,167519506173
19,1	-0,00244965825545	-0,0830822222222	0,195637037037
19,15	-0,00656565825545	-0,0628071111111	0,510688888889
19,2	-0,00930965825545	-0,0280497777778	0,719283703704
19,25	-0,00985845825545	0,0166164444444	0,74943382716
19,3	-0,00738885825545	0,0557946666667	0,579204197531
19,35	-0,00354725825545	0,0788137777778	0,299638024691
19,4	0,00111754174455	0,086436	-0,0131271604938
19,45	0,00578234174455	0,0765271111111	-0,314797777778
19,5	0,00907514174455	0,0557946666667	-0,613588888889
19,55	0,0123679417445	0,0135675555556	-0,842170864198
19,6	0,0109959417445	-0,0393306666667	-0,823284691358
19,65	0,00797754174455	-0,0817102222222	-0,523731358025
19,7	0,00166634174455	-0,0986315555556	-0,0661439506173
19,75	-0,00327285825545	-0,0846066666667	0,334530864198
19,8	-0,00711445825545	-0,0586911111111	0,596481234568
19,85	-0,00958405825545	-0,0213422222222	0,746639012346
19,9	-0,00958405825545	0,0222568888889	0,736306666667
19,95	-0,00711445825545	0,0599106666667	0,549392839506
20	-0,00299845825545	0,0832346666667	0,223923950617
20,05	0,00221514174455	0,083692	-0,141434567901
20,1	0,00605674174455	0,0663133333333	-0,450049876543
20,15	0,00934954174455	0,0355195555556	-0,668807654321
20,2	0,0101727417445	-0,00686	-0,730801728395
20,25	0,00852634174455	-0,0463431111111	-0,591823209877
20,3	0,00495914174455	-0,0719537777778	-0,315898765432
20,35	0,000568741744545	-0,0801857777778	0,013804691358
20,4	-0,00409605825545	-0,0660084444444	0,272198024691
20,45	-0,00574245825545	-0,0510688888889	0,485366172839
20,5	-0,00985845825545	-0,0213422222222	0,729785432099
20,55	-0,00903525825545	0,0297266666667	0,794320246914
20,6	-0,00629125825545	0,069972	0,596481234568
20,65	-0,00162645825545	0,0983266666667	0,187676049383
20,7	0,00495914174455	0,0937533333333	-0,322335308642
20,75	0,00907514174455	0,0599106666667	-0,694469135802
20,8	0,0115447417445	0,0118906666667	-0,800587407407
20,85	0,00989834174455	-0,0304888888889	-0,671179012346
20,9	0,00770314174455	-0,0568617777778	-0,46605654321
20,95	0,00413594174455	-0,0772893333333	-0,230529876543
21	-0,000528858255455	-0,0839968888889	0,0809649382716
21,05	-0,00519365825545	-0,0701244444444	0,402876790123
21,1	-0,00821205825545	-0,0399404444444	0,639080987654
21,15	-0,00958405825545	0	0,726482469136
21,2	-0,00821205825545	0,0399404444444	0,638996296296
21,25	-0,00519365825545	0,0701244444444	0,402283950617
21,3	-0,000528858255455	0,0839968888889	0,0781701234568
21,35	0,00413594174455	0,0771368888889	-0,237474567901
21,4	0,00770314174455	0,056252	-0,476388888889
21,45	0,00989834174455	0,0286595555556	-0,673211604938
21,5	0,0112703417445	-0,0134151111111	-0,782209382716
21,55	0,00880074174455	-0,0588435555556	-0,674312592593
21,6	0,00495914174455	-0,0928386666667	-0,311156049383
21,65	-0,00190085825545	-0,09604	0,181239506173
21,7	-0,00601685825545	-0,0686	0,557946666667
21,75	-0,00903525825545	-0,0310986666667	0,733511851852
21,8	-0,00930965825545	0,0114333333333	0,734104691358
21,85	-0,00766325825545	0,0481724444444	0,582422469136
21,9	-0,00409605825545	0,0745453333333	0,312849876543
21,95	0,000568741744545	0,0824724444444	-0,0262543209877
22	0,00495914174455	0,0710391111111	-0,34858962963
22,05	0,00825194174455	0,0445137777778	-0,593940493827
22,1	0,00989834174455	0,00670755555556	-0,713185925926
22,15	0,00907514174455	-0,0341475555556	-0,659576296296
22,2	0,00605674174455	-0,0657035555556	-0,449795802469
22,25	0,00194074174455	-0,0830822222222	-0,138300987654
22,3	-0,00299845825545	-0,0817102222222	0,221129135802
22,35	-0,00711445825545	-0,0594533333333	0,538891111111
22,4	-0,00958405825545	-0,0222568888889	0,726567160494
22,45	-0,00958405825545	0,0208848888889	0,738762716049
22,5	-0,00711445825545	0,0573191111111	0,599868888889
22,55	-0,00354725825545	0,0846066666667	0,344100987654
22,6	0,00166634174455	0,0996986666667	-0,0759681481481
22,65	0,00797754174455	0,080948	-0,554559012346
22,7	0,0109959417445	0,0355195555556	-0,842679012346
22,75	0,0118191417445	-0,0175311111111	-0,825994814815
22,8	0,00852634174455	-0,0568617777778	-0,579966419753
22,85	0,00523354174455	-0,0762222222222	-0,282022222222
22,9	0,000568741744545	-0,0841493333333	0,0124496296296
22,95	-0,00382165825545	-0,0757648888889	0,311833580247
23	-0,00766325825545	-0,0518311111111	0,571836049383
23,05	-0,00958405825545	-0,0143297777778	0,724619259259
23,1	-0,00930965825545	0,0278973333333	0,703192345679
23,15	-0,00656565825545	0,0640266666667	0,495698518519
23,2	-0,00217525825545	0,0832346666667	0,156255555556
23,25	0,00276394174455	0,079576	-0,194027901235
23,3	0,00633114174455	0,0606728888889	-0,476727654321
23,35	0,00934954174455	0,0286595555556	-0,66669037037
23,4	0,00962394174455	-0,0121955555556	-0,702599506173
23,45	0,00797754174455	-0,0495444444444	-0,553796790123
23,5	0,00413594174455	-0,0736306666667	-0,26754
23,55	-0,000254458255455	-0,0783564444444	0,0669061728395
23,6	-0,00464485825545	-0,0621973333333	0,32242
23,65	-0,00629125825545	-0,0435991111111	0,513568395062
23,7	-0,00958405825545	-0,0125004444444	0,689980493827
23,75	-0,00848645825545	0,0346048888889	0,667791358025
23,8	-0,00519365825545	0,0646364444444	0,427691358025
23,85	-0,00135205825545	0,0792711111111	0,114333333333
23,9	0,00331274174455	0,0769844444444	-0,225194320988
23,95	0,00715434174455	0,0557946666667	-0,525679259259
24	0,00962394174455	0,0185982222222	-0,691504938272
24,05	0,00907514174455	-0,0213422222222	-0,674820740741
24,1	0,00715434174455	-0,0542702222222	-0,516617283951
24,15	0,00331274174455	-0,0774417777778	-0,245012098765
24,2	-0,00135205825545	-0,0821675555556	0,100952098765
24,25	-0,00574245825545	-0,0669231111111	0,433196296296
24,3	-0,00876085825545	-0,0346048888889	0,663302716049
24,35	-0,00958405825545	0,00670755555556	0,722163209877
24,4	-0,00793765825545	0,0449711111111	0,605627901235
24,45	-0,00464485825545	0,0724111111111	0,364172839506
24,5	1,99417445452E-005	0,0835395555556	0,0630103703704
24,55	0,00441034174455	0,0774417777778	-0,228920740741
24,6	0,00797754174455	0,0615875555556	-0,525509876543
24,65	0,0115447417445	0,0250008888889	-0,788561234568
24,7	0,0112703417445	-0,0272875555556	-0,828874320988
24,75	0,00825194174455	-0,0690573333333	-0,612741975309
24,8	0,00386154174455	-0,0964973333333	-0,209018271605
24,85	-0,00272405825545	-0,0937533333333	0,270080740741
24,9	-0,00684005825545	-0,0621973333333	0,601816790123
24,95	-0,00903525825545	-0,0242386666667	0,727752839506
25	-0,00930965825545	0,0157017777778	0,707088148148
25,05	-0,00738885825545	0,0519835555556	0,545497037037
25,1	-0,00354725825545	0,0751551111111	0,269149135802
25,15	0,000843141744545	0,080948	-0,0603002469136
25,2	0,00523354174455	0,0690573333333	-0,382804938272
25,25	0,00852634174455	0,0394831111111	-0,62383654321
25,3	0,00962394174455	-0,000457333333333	-0,703107654321
25,35	0,00825194174455	-0,037044	-0,624852839506
25,4	0,00578234174455	-0,0681426666667	-0,411938765432
25,45	0,000843141744545	-0,0843017777778	-0,0703785185185
25,5	-0,00382165825545	-0,0751551111111	0,278295802469
25,55	-0,00711445825545	-0,0525933333333	0,545666419753
25,6	-0,00958405825545	-0,0173786666667	0,716742962963
25,65	-0,00930965825545	0,0262204444444	0,718098024691
25,7	-0,00656565825545	0,0625022222222	0,529659753086
25,75	-0,00244965825545	0,0835395555556	0,219350617284
25,8	0,00221514174455	0,0900946666667	-0,197500246914
25,85	0,00825194174455	0,0625022222222	-0,572259506173
25,9	0,00907514174455	0,0202751111111	-0,698026172839
25,95	0,00962394174455	-0,0132626666667	-0,669400493827
26	0,00797754174455	-0,0487822222222	-0,551510123457
26,05	0,00441034174455	-0,0743928888889	-0,302602222222
26,1	-0,000254458255455	-0,0826248888889	0,0247298765432
26,15	-0,00464485825545	-0,071344	0,345540740741
26,2	-0,00793765825545	-0,0455808888889	0,599021975309
26,25	-0,00985845825545	-0,00579288888889	0,714795061728
26,3	-0,00848645825545	0,0339951111111	0,645178765432
26,35	-0,00601685825545	0,0640266666667	0,441665432099
26,4	-0,00162645825545	0,0817102222222	0,15176691358
26,45	0,00303834174455	0,0797284444444	-0,156763703704
26,5	0,00687994174455	0,0634168888889	-0,418205925926
26,55	0,00962394174455	0,0378062222222	-0,65085308642
26,6	0,0115447417445	-0,00487822222222	-0,785851111111
26,65	0,00934954174455	-0,0516786666667	-0,684475555556
26,7	0,00550794174455	-0,080948	-0,395169876543
26,75	0,000843141744545	-0,0963448888889	0,0175311111111
26,8	-0,00546805825545	-0,0815577777778	0,463769876543
26,85	-0,00848645825545	-0,0414648888889	0,729277283951
26,9	-0,00958405825545	0,00152444444444	0,766456790123
26,95	-0,00821205825545	0,0417697777778	0,62984962963
27	-0,00491925825545	0,0696671111111	0,36315654321
27,05	-0,000528858255455	0,0804906666667	0,0354009876543
27,1	0,00386154174455	0,0730208888889	-0,289305679012
27,15	0,00742874174455	0,0492395555556	-0,551594814815
27,2	0,00934954174455	0,0126528888889	-0,686592839506
27,25	0,00880074174455	-0,0266777777778	-0,651954074074
27,3	0,00633114174455	-0,0583862222222	-0,471900246914
27,35	0,00248954174455	-0,0778991111111	-0,188607654321
27,4	-0,00217525825545	-0,0797284444444	0,15134345679
27,45	-0,00629125825545	-0,0620448888889	0,469105432099
27,5	-0,00903525825545	-0,0286595555556	0,681765432099
27,55	-0,00958405825545	0,0138724444444	0,714456296296
27,6	-0,00738885825545	0,0510688888889	0,557692592593
27,65	-0,00382165825545	0,0736306666667	0,295996296296
27,7	0,000568741744545	0,0817102222222	-0,00957012345679
27,75	0,00495914174455	0,0728684444444	-0,324367901235
27,8	0,00825194174455	0,0513737777778	-0,64526345679
27,85	0,0115447417445	0,00259155555556	-0,819388888889
27,9	0,00852634174455	-0,046648	-0,668468888889
27,95	0,00550794174455	-0,0702768888889	-0,363918765432
28	0,00111754174455	-0,0815577777778	-0,0525086419753
28,05	-0,00327285825545	-0,0757648888889	0,258901481481
28,1	-0,00711445825545	-0,0544226666667	0,526102716049
28,15	-0,00930965825545	-0,019208	0,692182469136
28,2	-0,00930965825545	0,021952	0,690488641975
28,25	-0,00684005825545	0,0571666666667	0,516024444444
28,3	-0,00299845825545	0,078204	0,223923950617
28,35	0,00166634174455	0,0818626666667	-0,12348
28,4	0,00605674174455	0,0649413333333	-0,444968395062
28,45	0,00880074174455	0,0326231111111	-0,652292839506
28,5	0,00962394174455	-0,00731733333333	-0,688456049383
28,55	0,00797754174455	-0,0440564444444	-0,541855308642
28,6	0,00468474174455	-0,0678377777778	-0,264321728395
28,65	1,99417445452E-005	-0,0689048888889	0,000508148148148
28,7	-0,00244965825545	-0,0611302222222	0,166418518519
28,75	-0,00546805825545	-0,0580813333333	0,41888345679
28,8	-0,00985845825545	-0,024696	0,729192592593
28,85	-0,00903525825545	0,0286595555556	0,764593580247
28,9	-0,00601685825545	0,0655511111111	0,510011358025
28,95	-0,00162645825545	0,0829297777778	0,146431358025
29	0,00303834174455	0,0798808888889	-0,223246419753
29,05	0,00715434174455	0,0577764444444	-0,521275308642
29,1	0,00934954174455	0,0225617777778	-0,691420246914
29,15	0,00962394174455	-0,017836	-0,702091358025
29,2	0,00742874174455	-0,0545751111111	-0,546513333333
29,25	0,00358714174455	-0,0777466666667	-0,263813580247
29,3	-0,00107765825545	-0,0830822222222	0,0747824691358
29,35	-0,00546805825545	-0,0698195555556	0,402792098765
29,4	-0,00876085825545	-0,039788	0,657120246914
29,45	-0,00985845825545	0,00106711111111	0,780176790123
29,5	-0,00876085825545	0,0443613333333	0,736814814815
29,55	-0,00546805825545	0,0847591111111	0,467580987654
29,6	0,000843141744545	0,100156	0,0148209876543
29,65	0,00605674174455	0,0833871111111	-0,392120987654
29,7	0,00962394174455	0,0527457777778	-0,632305679012
29,75	0,0115447417445	0,0149395555556	-0,733511851852
29,8	0,0112703417445	-0,0253057777778	-0,708358518518
29,85	0,00880074174455	-0,0609777777778	-0,554474320988
29,9	0,00468474174455	-0,0846066666667	-0,290830123457
29,95	1,99417445452E-005	-0,0963448888889	0,105271358025
30	-0,00629125825545	-0,0777466666667	0,549477530864
30,05	-0,00903525825545	-0,032928	0,804398518518
30,1	-0,00985845825545	0,0182933333333	0,741896296296
30,15	-0,00601685825545	0,0486297777778	0,499848395062
30,2	-0,00437045825545	0,0640266666667	0,28854345679
30,25	1,99417445452E-005	0,0797284444444	0,0284562962963
30,3	0,00468474174455	0,0724111111111	-0,316745679012
30,35	0,00825194174455	0,0442088888889	-0,583438765432
30,4	0,00934954174455	0,00731733333333	-0,700228148148
30,45	0,00907514174455	-0,0317084444444	-0,661016049383
30,5	0,00605674174455	-0,0660084444444	-0,451404938272
30,55	0,00166634174455	-0,0821675555556	-0,120431111111
30,6	-0,00299845825545	-0,0783564444444	0,22680345679
30,65	-0,00684005825545	-0,0571666666667	0,518480493827
30,7	-0,00930965825545	-0,021952	0,69370691358
30,75	-0,00930965825545	0,0193604444444	0,698534320988
30,8	-0,00711445825545	0,0550324444444	0,532539259259
30,85	-0,00327285825545	0,0775942222222	0,243572345679
30,9	0,00139194174455	0,0818626666667	-0,10332345679
30,95	0,00578234174455	0,065856	-0,42015382716
31	0,00852634174455	0,0355195555556	-0,635185185185
31,05	0,00962394174455	-0,00243911111111	-0,72114691358
31,1	0,00852634174455	-0,0440564444444	-0,627732345679
31,15	0,00468474174455	-0,0733257777778	-0,354772098765
31,2	0,000294341744545	-0,0824724444444	-0,0078762962963
31,25	-0,00437045825545	-0,0721062222222	0,308361234568
31,3	-0,00738885825545	-0,0483248888889	0,548207160494
31,35	-0,00958405825545	-0,0147871111111	0,710475802469
31,4	-0,00930965825545	0,0280497777778	0,735459753086
31,45	-0,00656565825545	0,0660084444444	0,580559259259
31,5	-0,00244965825545	0,094668	0,234340987654
31,55	0,00413594174455	0,0955826666667	-0,231800246914
31,6	0,00852634174455	0,0660084444444	-0,588520246914
31,65	0,0109959417445	0,0269826666667	-0,735544444444
31,7	0,0112703417445	-0,0141773333333	-0,713101234568
31,75	0,00934954174455	-0,049392	-0,56167308642
31,8	0,00578234174455	-0,072716	-0,338003209877
31,85	0,00166634174455	-0,0844542222222	-0,0637725925926
31,9	-0,00299845825545	-0,0838444444444	0,297605432099
31,95	-0,00793765825545	-0,0568617777778	0,671517777778
32	-0,00985845825545	-0,00640266666667	0,826333580247
32,05	-0,00821205825545	0,0390257777778	0,696925185185
32,1	-0,00519365825545	0,0686	0,418290617284
32,15	-0,000803258255455	0,0826248888889	0,0792711111111
32,2	0,00386154174455	0,0771368888889	-0,267455308642
32,25	0,00770314174455	0,0530506666667	-0,544057283951
32,3	0,00962394174455	0,0173786666667	-0,691504938272
32,35	0,00962394174455	-0,0225617777778	-0,680579753086
32,4	0,00715434174455	-0,0573191111111	-0,508571604938
32,45	0,00331274174455	-0,078204	-0,216979259259
32,5	-0,00135205825545	-0,0818626666667	0,143721234568
32,55	-0,00574245825545	-0,0638742222222	0,494258765432
32,6	-0,00848645825545	-0,0283546666667	0,728853827161
32,65	-0,00930965825545	0,0202751111111	0,718775555556
32,7	-0,00574245825545	0,0553373333333	0,466734074074
32,75	-0,00244965825545	0,0647888888889	0,220875061728
32,8	0,000568741744545	0,072716	0,0348081481481
32,85	0,00495914174455	0,0724111111111	-0,21952
32,9	0,00852634174455	0,0564044444444	-0,554050864198
32,95	0,0120935417445	0,0111284444444	-0,765863950617
33	0,00934954174455	-0,0320133333333	-0,724026419753
33,05	0,00852634174455	-0,0667706666667	-0,523731358025
33,1	0,00248954174455	-0,0925337777778	-0,146431358025
33,15	-0,00244965825545	-0,0829297777778	0,261865679012
33,2	-0,00629125825545	-0,0594533333333	0,537281975309
33,25	-0,00876085825545	-0,024696	0,694045679012
33,3	-0,00903525825545	0,0153968888889	0,705055555556
33,35	-0,00711445825545	0,0524408888889	0,558116049383
33,4	-0,00327285825545	0,0769844444444	0,276686666667
33,45	0,00139194174455	0,0826248888889	-0,0669908641975
33,5	0,00578234174455	0,0689048888889	-0,385091604938
33,55	0,00880074174455	0,04116	-0,624344691358
33,6	0,0104471417445	0,001372	-0,729531358025
33,65	0,00907514174455	-0,0407026666667	-0,629680246914
33,7	0,00578234174455	-0,0690573333333	-0,36273308642
33,75	0,00139194174455	-0,0798808888889	-0,0265083950617
33,8	-0,00327285825545	-0,0675328888889	0,24568962963
33,85	-0,00519365825545	-0,0524408888889	0,454199753086
33,9	-0,00903525825545	-0,0248484444444	0,671517777778
33,95	-0,00876085825545	0,021952	0,722417283951
34	-0,00629125825545	0,0588435555556	0,532539259259
34,05	-0,00217525825545	0,0801857777778	0,21096617284
34,1	0,00248954174455	0,0817102222222	-0,159727901235
34,15	0,00687994174455	0,0623497777778	-0,482910123457
34,2	0,00934954174455	0,0278973333333	-0,675074814815
34,25	0,00989834174455	-0,0121955555556	-0,699211851852
34,3	0,00797754174455	-0,0489346666667	-0,557269135803
34,35	0,00441034174455	-0,0721062222222	-0,304380740741
34,4	0,000294341744545	-0,0820151111111	0,0139740740741
34,45	-0,00464485825545	-0,0718013333333	0,349097777778
34,5	-0,00766325825545	-0,0434466666667	0,599614814815
34,55	-0,00930965825545	-0,00625022222222	0,714202222222
34,6	-0,00848645825545	0,0347573333333	0,663302716049
34,65	-0,00546805825545	0,0669231111111	0,454961975309
34,7	-0,00107765825545	0,0835395555556	0,15820345679
34,75	0,00358714174455	0,0826248888889	-0,161506419753
34,8	0,00742874174455	0,0698195555556	-0,509249135803
34,85	0,0118191417445	0,0320133333333	-0,818796049383
34,9	0,0118191417445	-0,0277448888889	-0,815662469136
34,95	0,00742874174455	-0,060368	-0,567770864198
35	0,00550794174455	-0,0832346666667	-0,283800740741
35,05	-0,00107765825545	-0,0949728888889	0,117636296296
35,1	-0,00574245825545	-0,0718013333333	0,505522716049
35,15	-0,00876085825545	-0,0352146666667	0,708019753087
35,2	-0,00930965825545	0,00564044444444	0,743759506173
35,25	-0,00821205825545	0,0451235555556	0,621041728395
35,3	-0,00437045825545	0,0739355555556	0,354856790123
35,35	1,99417445452E-005	0,0835395555556	0,0156679012346
35,4	0,00468474174455	0,0751551111111	-0,318862962963
35,45	0,00825194174455	0,0492395555556	-0,588350864198
35,5	0,0101727417445	0,0105186666667	-0,718267407407
35,55	0,00934954174455	-0,0298791111111	-0,675074814815
35,6	0,00687994174455	-0,063112	-0,47850617284
35,65	0,00248954174455	-0,0824724444444	-0,164131851852
35,7	-0,00217525825545	-0,0821675555556	0,211982469136
35,75	-0,00656565825545	-0,0606728888889	0,561503703704
35,8	-0,00903525825545	-0,0210373333333	0,773147407407
35,85	-0,00930965825545	0,0292693333333	0,713524691358
35,9	-0,00519365825545	0,0621973333333	0,410837777778
35,95	-0,00162645825545	0,0666182222222	0,139825432099
36	0,00111754174455	0,0711915555556	-0,0560656790124
36,05	0,00578234174455	0,0660084444444	-0,321911851852
36,1	0,00880074174455	0,0394831111111	-0,577764444445
36,15	0,0101727417445	0,00198177777778	-0,699804691358
36,2	0,00907514174455	-0,0379586666667	-0,645009382716
36,25	0,00605674174455	-0,0696671111111	-0,419052839506
36,3	0,00139194174455	-0,0844542222222	-0,0845219753087
36,35	-0,00327285825545	-0,0783564444444	0,261272839506
36,4	-0,00711445825545	-0,0553373333333	0,539483950617
36,45	-0,00930965825545	-0,0198177777778	0,704123950617
36,5	-0,00930965825545	0,0207324444444	0,729023209877
36,55	-0,00711445825545	0,058996	0,601647407407
36,6	-0,00299845825545	0,0862835555556	0,330380987654
36,65	0,00194074174455	0,0996986666667	-0,0998511111111
36,7	0,00852634174455	0,0791186666667	-0,56810962963
36,75	0,0109959417445	0,0333853333333	-0,825486666667
36,8	0,0120935417445	-0,0176835555556	-0,776789135803
36,85	0,00852634174455	-0,05488	-0,497053580247
36,9	0,00523354174455	-0,0646364444444	-0,237305185185
36,95	0,00221514174455	-0,0728684444444	-0,0646195061728
37	-0,00217525825545	-0,0742404444444	0,163284938272
37,05	-0,00574245825545	-0,0621973333333	0,479437777778
37,1	-0,00958405825545	-0,0256106666667	0,759596790124
37,15	-0,00903525825545	0,0259155555556	0,783056296296
37,2	-0,00629125825545	0,0643315555556	0,545581728395
37,25	-0,00190085825545	0,0856737777778	0,17107654321
37,3	0,00331274174455	0,0821675555556	-0,22595654321
37,35	0,00715434174455	0,0586911111111	-0,526187407407
37,4	0,00962394174455	0,0234764444444	-0,683798024691
37,45	0,00962394174455	-0,0153968888889	-0,695146666667
37,5	0,00797754174455	-0,0513737777778	-0,566839259259
37,55	0,00413594174455	-0,0777466666667	-0,302009382716
37,6	-0,000528858255455	-0,0861311111111	0,0619940740741
37,65	-0,00546805825545	-0,0716488888889	0,425658765432
37,7	-0,00848645825545	-0,0385684444444	0,68041037037
37,75	-0,00958405825545	0,00289644444444	0,775857530864
37,8	-0,00821205825545	0,0448186666667	0,704970864198
37,85	-0,00519365825545	0,0832346666667	0,420661975309
37,9	0,00139194174455	0,0952777777778	-0,023967654321
37,95	0,00605674174455	0,072716	-0,340713333333
38	0,00797754174455	0,0550324444444	-0,537366666667
38,05	0,0120935417445	0,0237813333333	-0,766372098766
38,1	0,0115447417445	-0,0278973333333	-0,832516049383
38,15	0,00907514174455	-0,074088	-0,600546419753
38,2	0,00303834174455	-0,097412	-0,161760493827
38,25	-0,00217525825545	-0,0876555555556	0,251618024691
38,3	-0,00601685825545	-0,0660084444444	0,536435061728
38,35	-0,00930965825545	-0,0309462222222	0,720215308642
38,4	-0,00958405825545	0,0129577777778	0,735205679012
38,45	-0,00766325825545	0,0500017777778	0,579881728395
38,5	-0,00409605825545	0,0753075555556	0,313442716049
38,55	0,000568741744545	0,0832346666667	-0,000931604938273
38,6	0,00495914174455	0,074088	-0,29625037037
38,65	0,00852634174455	0,050764	-0,535757530864
38,7	0,0101727417445	0,0199702222222	-0,731733333333
38,75	0,0112703417445	-0,0250008888889	-0,823369382716
38,8	0,00825194174455	-0,0772893333333	-0,604357530864
38,85	0,00194074174455	-0,0978693333333	-0,131695061728
38,9	-0,00299845825545	-0,0867408888889	0,298621728395
38,95	-0,00711445825545	-0,0611302222222	0,588435555556
39	-0,00958405825545	-0,0236288888889	0,749941975309
39,05	-0,00985845825545	0,0208848888889	0,738847407407
39,1	-0,00711445825545	0,057624	0,554643703704
39,15	-0,00354725825545	0,0807955555556	0,256191358025
39,2	0,00166634174455	0,0861311111111	-0,107473333333
39,25	0,00605674174455	0,0687524444444	-0,440903209877
39,3	0,00907514174455	0,0373488888889	-0,664403703704
39,35	0,0101727417445	-0,00335377777778	-0,742827901235
39,4	0,00880074174455	-0,0445137777778	-0,639335061728
39,45	0,00523354174455	-0,0742404444444	-0,374843950617
39,5	0,000568741744545	-0,0852164444444	-0,0293032098765
39,55	-0,00409605825545	-0,0763746666667	0,306328641975
39,6	-0,00766325825545	-0,0519835555556	0,577679753086
39,65	-0,00985845825545	-0,0144822222222	0,744182962963
39,7	-0,00930965825545	0,0285071111111	0,758072345679
39,75	-0,00684005825545	0,0673804444444	0,606474814815
39,8	-0,00244965825545	0,0986315555556	0,245435555556
39,85	0,00441034174455	0,0995462222222	-0,263220740741
39,9	0,00907514174455	0,0664657777778	-0,657882469136
39,95	0,0112703417445	0,0239337777778	-0,832177283951
40	0,0118191417445	-0,0254582222222	-0,789154074074
40,05	0,00825194174455	-0,0640266666667	-0,539907407407
40,1	0,00441034174455	-0,0812528888889	-0,227819753086
40,15	-0,000254458255455	-0,0861311111111	0,0852841975309
40,2	-0,00491925825545	-0,0730208888889	0,392120987654
40,25	-0,00821205825545	-0,0445137777778	0,631628148148
40,3	-0,00985845825545	-0,00457333333333	0,741557530864
40,35	-0,00876085825545	0,0371964444444	0,673635061728
40,4	-0,00574245825545	0,0696671111111	0,444375555556
40,45	-0,00107765825545	0,0852164444444	0,126444197531
40,5	0,00358714174455	0,0821675555556	-0,203343950617
40,55	0,00770314174455	0,0629595555556	-0,494258765432
40,6	0,0101727417445	0,0332328888889	-0,746977777778
40,65	0,0123679417445	-0,019208	-0,819473580247
40,7	0,00797754174455	-0,0663133333333	-0,551594814815
40,75	0,00358714174455	-0,0743928888889	-0,233070617284
40,8	0,00111754174455	-0,0849115555556	0,0345540740741
40,85	-0,00546805825545	-0,0788137777778	0,41761308642
40,9	-0,00848645825545	-0,0400928888889	0,716573580247
40,95	-0,00958405825545	0,004116	0,783564444445
41	-0,00793765825545	0,0464955555556	0,648312345679
41,05	-0,00437045825545	0,0748502222222	0,362394320988
41,1	0,000294341744545	0,0852164444444	0,0116027160494
41,15	0,00495914174455	0,0756124444444	-0,331736049383
41,2	0,00852634174455	0,0492395555556	-0,601901481482
41,25	0,0104471417445	0,00990888888889	-0,735883209877
41,3	0,00962394174455	-0,0320133333333	-0,688456049383
41,35	0,00687994174455	-0,0655511111111	-0,47977654321
41,4	0,00248954174455	-0,0846066666667	-0,158372839506
41,45	-0,00244965825545	-0,0829297777778	0,200295061728
41,5	-0,00656565825545	-0,0625022222222	0,509757283951
41,55	-0,00930965825545	-0,0272875555556	0,704378024691
41,6	-0,00958405825545	0,0147871111111	0,733765925926
41,65	-0,00766325825545	0,0530506666667	0,594702716049
41,7	-0,00382165825545	0,0797284444444	0,325977037037
41,75	0,00111754174455	0,0881128888889	-0,00601308641976
41,8	0,00578234174455	0,0772893333333	-0,314882469136
41,85	0,00907514174455	0,0564044444444	-0,600885185185
41,9	0,0123679417445	0,0158542222222	-0,821844938272
41,95	0,0112703417445	-0,0367391111111	-0,798724197531
42	0,00797754174455	-0,0743928888889	-0,539992098765
42,05	0,00331274174455	-0,0978693333333	-0,122548395062
42,1	-0,00354725825545	-0,0853688888889	0,285918024691
42,15	-0,00546805825545	-0,06174	0,54795308642
42,2	-0,00985845825545	-0,0309462222222	0,766287407407
42,25	-0,00985845825545	0,0224093333333	0,80092617284
42,3	-0,00684005825545	0,0612826666667	0,580813333333
42,35	-0,00299845825545	0,0841493333333	0,250686419753
42,4	0,00221514174455	0,0885702222222	-0,1372
42,45	0,00687994174455	0,0695146666667	-0,491972098765
42,5	0,00989834174455	0,0333853333333	-0,709036049383
42,55	0,0104471417445	-0,00914666666667	-0,743759506173
42,6	0,00880074174455	-0,0477151111111	-0,611302222222
42,65	0,00523354174455	-0,0753075555556	-0,352146666667
42,7	0,000568741744545	-0,0858262222222	-0,0203259259259
42,75	-0,00409605825545	-0,0777466666667	0,320641481482
42,8	-0,00793765825545	-0,0516786666667	0,604442222222
42,85	-0,00985845825545	-0,0118906666667	0,753837777778
42,9	-0,00930965825545	0,0318608888889	0,711830864198
42,95	-0,00629125825545	0,0669231111111	0,490024197531
43	-0,00190085825545	0,0852164444444	0,15820345679
43,05	0,00303834174455	0,0835395555556	-0,199448148148
43,1	0,00715434174455	0,0638742222222	-0,517125432099
43,15	0,0101727417445	0,0272875555556	-0,720384691358
43,2	0,0101727417445	-0,0161591111111	-0,738847407407
43,25	0,00825194174455	-0,053508	-0,587503950617
43,3	0,00441034174455	-0,0800333333333	-0,305820493827
43,35	-0,000528858255455	-0,0875031111111	0,0552187654321
43,4	-0,00519365825545	-0,0743928888889	0,40990617284
43,45	-0,00876085825545	-0,042532	0,669146419753
43,5	-0,00985845825545	-0,000457333333333	0,762052839506
43,55	-0,00876085825545	0,0408551111111	0,679394074074
43,6	-0,00546805825545	0,0739355555556	0,444883703704
43,65	-0,000528858255455	0,0887226666667	0,123225925926
43,7	0,00413594174455	0,0852164444444	-0,198431851852
43,75	0,00825194174455	0,0704293333333	-0,534317777778
43,8	0,0123679417445	0,0310986666667	-0,820913333333
43,85	0,0120935417445	-0,0231715555556	-0,860040740741
43,9	0,00934954174455	-0,0650937777778	-0,658814074074
43,95	0,00523354174455	-0,0955826666667	-0,290321975309
44	-0,00135205825545	-0,0990888888889	0,179291604938
44,05	-0,00601685825545	-0,0731733333333	0,555914074074
44,1	-0,00903525825545	-0,0355195555556	0,754261234568
44,15	-0,00985845825545	0,00914666666667	0,776280987654
44,2	-0,00793765825545	0,0492395555556	0,62341308642
44,25	-0,00437045825545	0,0762222222222	0,349690617284
44,3	0,000294341744545	0,0871982222222	0,00313358024691
44,35	0,00523354174455	0,0771368888889	-0,351723209877
44,4	0,00880074174455	0,0483248888889	-0,620702962963
44,45	0,0104471417445	0,00929911111111	-0,748671604938
44,5	0,00989834174455	-0,0332328888889	-0,708443209877
44,55	0,00687994174455	-0,0692097777778	-0,487229382716
44,6	0,00221514174455	-0,0873506666667	-0,139232592593
44,65	-0,00272405825545	-0,0844542222222	0,242556049383
44,7	-0,00711445825545	-0,060368	0,562350617284
44,75	-0,00930965825545	-0,0227142222222	0,75375308642
44,8	-0,00958405825545	0,0210373333333	0,790678518519
44,85	-0,00711445825545	0,0621973333333	0,664827160494
44,9	-0,00327285825545	0,0968022222222	0,333175802469
44,95	0,00386154174455	0,103052444444	-0,147362962963
45	0,00852634174455	0,0771368888889	-0,539314567901
45,05	0,0118191417445	0,0410075555556	-0,76018962963
45,1	0,0129167417445	-0,00365866666667	-0,839460740741
45,15	0,0115447417445	-0,0487822222222	-0,754261234568
45,2	0,00797754174455	-0,0888751111111	-0,455470123457
45,25	0,00139194174455	-0,101832888889	-0,00177851851852
45,3	-0,00354725825545	-0,085064	0,386531358025
45,35	-0,00738885825545	-0,0571666666667	0,642045185185
45,4	-0,00985845825545	-0,0160066666667	0,765017037037
45,45	-0,00903525825545	0,0263728888889	0,718775555556
45,5	-0,00684005825545	0,0606728888889	0,542956296296
45,55	-0,00272405825545	0,0861311111111	0,236627654321
45,6	0,00276394174455	0,0887226666667	-0,158711604938
45,65	0,00715434174455	0,0681426666667	-0,508571604938
45,7	0,0101727417445	0,0321657777778	-0,725296790124
45,75	0,0107215417445	-0,0118906666667	-0,759935555556
45,8	0,00880074174455	-0,0516786666667	-0,608422716049
45,85	0,00495914174455	-0,0778991111111	-0,327670864198
45,9	0,000294341744545	-0,086436	0,010417037037
45,95	-0,00437045825545	-0,0771368888889	0,351807901235
46	-0,00821205825545	-0,0490871111111	0,631289382716
46,05	-0,00985845825545	-0,00777466666667	0,762391604938
46,1	-0,00903525825545	0,0350622222222	0,70658
46,15	-0,00601685825545	0,0696671111111	0,487737530864
46,2	-0,00135205825545	0,0881128888889	0,157187160494
46,25	0,00358714174455	0,0861311111111	-0,20452962963
46,3	0,00770314174455	0,0696671111111	-0,579119506173
46,35	0,0120935417445	0,0231715555556	-0,8232
46,4	0,0101727417445	-0,0275924444444	-0,761629382716
46,45	0,00825194174455	-0,058996	-0,540076790124
46,5	0,00413594174455	-0,0829297777778	-0,252210864198
46,55	-0,000803258255455	-0,0875031111111	0,101375555556
46,6	-0,00546805825545	-0,0724111111111	0,43861654321
46,65	-0,00876085825545	-0,039788	0,682781728395
46,7	-0,00985845825545	0,00259155555556	0,765101728395
46,75	-0,00848645825545	0,0445137777778	0,663218024691
46,8	-0,00491925825545	0,0750026666667	0,416342716049
46,85	-0,000254458255455	0,0887226666667	0,0979879012346
46,9	0,00468474174455	0,0841493333333	-0,222568888889
46,95	0,00852634174455	0,0670755555556	-0,541431851852
47	0,0123679417445	0,0289644444444	-0,807701481482
47,05	0,0120935417445	-0,0231715555556	-0,859363209877
47,1	0,00962394174455	-0,067228	-0,668638271605
47,15	0,00495914174455	-0,098784	-0,27397654321
47,2	-0,00162645825545	-0,0993937777778	0,218419012346
47,25	-0,00629125825545	-0,0708866666667	0,589028395062
47,3	-0,00903525825545	-0,031556	0,761714074074
47,35	-0,00958405825545	0,0118906666667	0,761375308642
47,4	-0,00766325825545	0,0504591111111	0,607999259259
47,45	-0,00409605825545	0,0777466666667	0,330719753086
47,5	0,000843141744545	0,0870457777778	-0,0266777777778
47,55	0,00550794174455	0,0750026666667	-0,380602962963
47,6	0,00907514174455	0,0451235555556	-0,64314617284
47,65	0,0104471417445	0,00457333333333	-0,755277530864
47,7	0,00962394174455	-0,0378062222222	-0,685915308642
47,75	0,00633114174455	-0,0714964444444	-0,441580740741
47,8	0,00166634174455	-0,0865884444444	-0,0889259259259
47,85	-0,00327285825545	-0,0798808888889	0,26754
47,9	-0,00684005825545	-0,0573191111111	0,56167308642
47,95	-0,00958405825545	-0,0214946666667	0,773316790124
48	-0,00985845825545	0,0303364444444	0,763153827161
48,05	-0,00546805825545	0,0632644444444	0,554559012346
48,1	-0,00327285825545	0,0870457777778	0,274061234568
48,15	0,00358714174455	0,0978693333333	-0,148887407407
48,2	0,00825194174455	0,0724111111111	-0,562604691358
48,25	0,0112703417445	0,0341475555556	-0,808887160494
48,3	0,0123679417445	-0,0185982222222	-0,822014320988
48,35	0,00880074174455	-0,058996	-0,591653827161
48,4	0,00550794174455	-0,0792711111111	-0,296419753086
48,45	0,000568741744545	-0,0884177777778	0,0131271604938
48,5	-0,00409605825545	-0,0788137777778	0,330465679012
48,55	-0,00793765825545	-0,0539653333333	0,603595308642
48,6	-0,0101328582555	-0,0141773333333	0,766456790124
48,65	-0,00958405825545	0,0304888888889	0,742573827161
48,7	-0,00684005825545	0,0687524444444	0,518903950617
48,75	-0,00190085825545	0,0884177777778	0,156255555556
48,8	0,00303834174455	0,0843017777778	-0,216471111111
48,85	0,00715434174455	0,0632644444444	-0,511705185185
48,9	0,00989834174455	0,028812	-0,689472345679
48,95	0,0104471417445	-0,0129577777778	-0,70099037037
49	0,00825194174455	-0,0487822222222	-0,54837654321
49,05	0,00468474174455	-0,0673804444444	-0,356889382716
49,1	0,00194074174455	-0,0871982222222	-0,089010617284
49,15	-0,00491925825545	-0,0859786666667	0,342830617284
49,2	-0,00848645825545	-0,0487822222222	0,686508148148
49,25	-0,00985845825545	-0,00579288888889	0,792626419753
49,3	-0,00903525825545	0,0378062222222	0,70742691358
49,35	-0,00574245825545	0,0716488888889	0,454877283951
49,4	-0,00107765825545	0,0873506666667	0,105440740741
49,45	0,00386154174455	0,0820151111111	-0,249331358025
49,5	0,00770314174455	0,0606728888889	-0,553542716049
49,55	0,0107215417445	0,0221044444444	-0,73918617284
49,6	0,0101727417445	-0,0222568888889	-0,723179506173
49,65	0,00797754174455	-0,0567093333333	-0,545497037037
49,7	0,00413594174455	-0,0806431111111	-0,261357530864
49,75	-0,000803258255455	-0,086436	0,100359259259
49,8	-0,00546805825545	-0,0701244444444	0,446577530864
49,85	-0,00848645825545	-0,0371964444444	0,685237777778
49,9	-0,00958405825545	0,00518311111111	0,76061308642
49,95	-0,00793765825545	0,0464955555556	0,657628395062
50	-0,00437045825545	0,0762222222222	0,417359012346
50,05	0,000294341744545	0,0903995555556	0,0968022222222
50,1	0,00495914174455	0,0914666666667	-0,325384197531
50,15	0,0109959417445	0,0600631111111	-0,751720493827
50,2	0,0123679417445	0,00152444444444	-0,879265679012
50,25	0,0101727417445	-0,0420746666667	-0,703531111111
50,3	0,00742874174455	-0,069972	-0,44547654321
50,35	0,00303834174455	-0,0887226666667	-0,125597283951
50,4	-0,00244965825545	-0,085064	0,233578765432
50,45	-0,00629125825545	-0,0621973333333	0,524832345679
50,5	-0,00903525825545	-0,0283546666667	0,709120740741
50,55	-0,00958405825545	0,0147871111111	0,739440246914
50,6	-0,00738885825545	0,0538128888889	0,581152098765
50,65	-0,00354725825545	0,078204	0,292354567901
50,7	0,00111754174455	0,0852164444444	-0,0551340740741
50,75	0,00578234174455	0,0724111111111	-0,392544444444
50,8	0,00907514174455	0,0423795555556	-0,638996296296
50,85	0,0104471417445	0,00198177777778	-0,723264197531
50,9	0,00934954174455	-0,0385684444444	-0,609862469136
50,95	0,00605674174455	-0,0667706666667	-0,33656345679
51	0,00139194174455	-0,0705817777778	-0,068515308642
51,05	-0,00107765825545	-0,0676853333333	0,11704345679
51,1	-0,00491925825545	-0,0663133333333	0,415241728395
51,15	-0,00958405825545	-0,0298791111111	0,742827901235
51,2	-0,00876085825545	0,0230191111111	0,775772839506
51,25	-0,00629125825545	0,0596057777778	0,54837654321
51,3	-0,00217525825545	0,0806431111111	0,219011851852
51,35	0,00248954174455	0,0824724444444	-0,140757037037
51,4	0,00687994174455	0,0650937777778	-0,459789382716
51,45	0,00962394174455	0,0323182222222	-0,674566666667
51,5	0,0104471417445	-0,00853688888889	-0,734697530864
51,55	0,00880074174455	-0,0490871111111	-0,607660493827
51,6	0,00495914174455	-0,0762222222222	-0,32284345679
51,65	0,000294341744545	-0,0833871111111	0,0190555555556
51,7	-0,00409605825545	-0,0724111111111	0,33055037037
51,75	-0,00738885825545	-0,0484773333333	0,586911111111
51,8	-0,00958405825545	-0,0103662222222	0,744098271605
51,85	-0,00876085825545	0,0341475555556	0,71216962963
51,9	-0,00574245825545	0,0692097777778	0,49349654321
51,95	-0,00107765825545	0,0875031111111	0,171415308642
52	0,00386154174455	0,0853688888889	-0,153799506173
52,05	0,00770314174455	0,0724111111111	-0,473509382716
52,1	0,0120935417445	0,0379586666667	-0,755277530864
52,15	0,0123679417445	-0,0131102222222	-0,822945925926
52,2	0,0101727417445	-0,0545751111111	-0,661185432099
52,25	0,00633114174455	-0,0824724444444	-0,383482469136
52,3	0,00166634174455	-0,0984791111111	0,0160913580247
52,35	-0,00491925825545	-0,0841493333333	0,461821975309
52,4	-0,00793765825545	-0,0440564444444	0,735459753087
52,45	-0,00930965825545	-0,000609777777778	0,784665432099
52,5	-0,00793765825545	0,0413124444444	0,654156049383
52,55	-0,00464485825545	0,0701244444444	0,38974962963
52,6	-0,000254458255455	0,0827773333333	0,0608930864198
52,65	0,00441034174455	0,0762222222222	-0,271520493827
52,7	0,00797754174455	0,0538128888889	-0,552357037037
52,75	0,0104471417445	0,0166164444444	-0,719791851852
52,8	0,00989834174455	-0,0262204444444	-0,700651604938
52,85	0,00742874174455	-0,0606728888889	-0,507470617284
52,9	0,00331274174455	-0,0818626666667	-0,191402469136
52,95	-0,00162645825545	-0,08232	0,18564345679
53	-0,00574245825545	-0,0620448888889	0,528728148148
53,05	-0,00848645825545	-0,0256106666667	0,759342716049
53,1	-0,00903525825545	0,0243911111111	0,748502222222
53,15	-0,00546805825545	0,0618924444444	0,471815555556
53,2	-0,00162645825545	0,0743928888889	0,119076049383
53,25	0,00276394174455	0,0681426666667	-0,144398765432
53,3	0,00523354174455	0,0559471111111	-0,323944444444
53,35	0,00852634174455	0,0378062222222	-0,511705185185
53,4	0,00989834174455	0,002744	-0,637725925926
53,45	0,00880074174455	-0,0332328888889	-0,605458518519
53,5	0,00633114174455	-0,0637217777778	-0,428284197531
53,55	0,00194074174455	-0,0814053333333	-0,125258518519
53,6	-0,00272405825545	-0,0780515555556	0,220112839506
53,65	-0,00656565825545	-0,0571666666667	0,51492345679
53,7	-0,00903525825545	-0,021952	0,695146666667
53,75	-0,00903525825545	0,0195128888889	0,704039259259
53,8	-0,00684005825545	0,0554897777778	0,543549135803
53,85	-0,00299845825545	0,0791186666667	0,258054567901
53,9	0,00194074174455	0,0833871111111	-0,0859617283951
53,95	0,00605674174455	0,0687524444444	-0,401521728395
54	0,00907514174455	0,0437515555556	-0,687524444445
54,05	0,0118191417445	-0,00670755555556	-0,800841481482
54,1	0,00825194174455	-0,0530506666667	-0,581321481482
54,15	0,00495914174455	-0,069972	-0,24137037037
54,2	0,000568741744545	-0,0707342222222	0,00982419753086
54,25	-0,00217525825545	-0,0647888888889	0,189369876543
54,3	-0,00574245825545	-0,0573191111111	0,443782716049
54,35	-0,00930965825545	-0,0228666666667	0,71174617284
54,4	-0,00876085825545	0,0257631111111	0,738085185185
54,45	-0,00601685825545	0,0620448888889	0,519581481482
54,5	-0,00190085825545	0,0821675555556	0,175395802469
54,55	0,00303834174455	0,0811004444444	-0,205969382716
54,6	0,00715434174455	0,0583862222222	-0,513060246914
54,65	0,00934954174455	0,0234764444444	-0,675074814815
54,7	0,00962394174455	-0,0152444444444	-0,683882716049
54,75	0,00770314174455	-0,0506115555556	-0,547614320988
54,8	0,00413594174455	-0,0751551111111	-0,287188395062
54,85	-0,000528858255455	-0,0824724444444	0,0475965432099
54,9	-0,00491925825545	-0,0702768888889	0,381873333333
54,95	-0,00821205825545	-0,0416173333333	0,649413333333
55	-0,00958405825545	-0,000457333333333	0,786698024691
55,05	-0,00848645825545	0,0449711111111	0,723857037037
55,1	-0,00491925825545	0,0830822222222	0,422271111111
55,15	0,00111754174455	0,0942106666667	-0,0201565432099
55,2	0,00605674174455	0,0733257777778	-0,338850123457
55,25	0,00797754174455	0,0539653333333	-0,531946419753
55,3	0,0118191417445	0,0240862222222	-0,744437037037
55,35	0,0115447417445	-0,0257631111111	-0,813799259259
55,4	0,00907514174455	-0,071344	-0,596227160494
55,45	0,00331274174455	-0,0942106666667	-0,183272098765
55,5	-0,00162645825545	-0,0881128888889	0,222145432099
55,55	-0,00601685825545	-0,0666182222222	0,517548888889
55,6	-0,00876085825545	-0,0323182222222	0,698534320988
55,65	-0,00958405825545	0,00868933333333	0,73444345679
55,7	-0,00793765825545	0,049392	0,585556049383
55,75	-0,00382165825545	0,0728684444444	0,305566419753
55,8	1,99417445452E-005	0,0800333333333	0,00321827160494
55,85	0,00468474174455	0,072716	-0,287781234568
55,9	0,00797754174455	0,0498493333333	-0,537366666667
55,95	0,0101727417445	0,0144822222222	-0,683035802469
56	0,00934954174455	-0,0217995555556	-0,719622469136
56,05	0,00852634174455	-0,0647888888889	-0,575139012346
56,1	0,00221514174455	-0,0920764444444	-0,174633580247
56,15	-0,00244965825545	-0,0833871111111	0,265592098765
56,2	-0,00656565825545	-0,0593008888889	0,580728641975
56,25	-0,00903525825545	-0,0199702222222	0,746723703704
56,3	-0,00903525825545	0,0268302222222	0,666775061728
56,35	-0,00519365825545	0,0530506666667	0,43861654321
56,4	-0,00327285825545	0,0675328888889	0,228581975309
56,45	0,00139194174455	0,0791186666667	-0,0463261728395
56,5	0,00578234174455	0,0666182222222	-0,374505185185
56,55	0,00880074174455	0,0375013333333	-0,614097037037
56,6	0,00989834174455	-0,00167688888889	-0,697772098766
56,65	0,00852634174455	-0,0388733333333	-0,615282716049
56,7	0,00578234174455	-0,0692097777778	-0,387378271605
56,75	0,000843141744545	-0,0820151111111	-0,0574207407407
56,8	-0,00327285825545	-0,0745453333333	0,272452098765
56,85	-0,00711445825545	-0,0528982222222	0,552018271605
56,9	-0,00930965825545	-0,0149395555556	0,71860617284
56,95	-0,00876085825545	0,0266777777778	0,710221728395
57	-0,00629125825545	0,0618924444444	0,552272345679
57,05	-0,00217525825545	0,0859786666667	0,277533580247
57,1	0,00276394174455	0,0957351111111	-0,119753580247
57,15	0,00880074174455	0,07546	-0,531353580247
57,2	0,0112703417445	0,0336902222222	-0,757394814815
57,25	0,0120935417445	-0,009604	-0,770691358025
57,3	0,0101727417445	-0,049392	-0,626123209877
57,35	0,00660554174455	-0,0763746666667	-0,369762469136
57,4	0,00194074174455	-0,0882653333333	-0,0534402469136
57,45	-0,00272405825545	-0,0847591111111	0,317592592593
57,5	-0,00766325825545	-0,0565568888889	0,663810864198
57,55	-0,00930965825545	-0,00884177777778	0,803720987654
57,6	-0,00821205825545	0,0343	0,706410617284
57,65	-0,00546805825545	0,0675328888889	0,454961975309
57,7	-0,000803258255455	0,0838444444444	0,104424444444
57,75	0,00386154174455	0,078204	-0,251956790123
57,8	0,00770314174455	0,0553373333333	-0,532454567901
57,85	0,00989834174455	0,0199702222222	-0,689218271605
57,9	0,00989834174455	-0,0199702222222	-0,689726419753
57,95	0,00770314174455	-0,0553373333333	-0,534741234568
58	0,00386154174455	-0,0783564444444	-0,255767901235
58,05	-0,000803258255455	-0,0844542222222	0,107558024691
58,1	-0,00546805825545	-0,0684475555556	0,477489876543
58,15	-0,00848645825545	-0,032928	0,736560740741
58,2	-0,00958405825545	0,0172262222222	0,737492345679
58,25	-0,00601685825545	0,0536604444444	0,478590864198
58,3	-0,00272405825545	0,0620448888889	0,233494074074
58,35	-0,000254458255455	0,0722586666667	0,0497985185185
58,4	0,00468474174455	0,074088	-0,244588641975
58,45	0,00852634174455	0,049392	-0,551510123457
58,5	0,0101727417445	0,0112808888889	-0,70488617284
58,55	0,00962394174455	-0,0285071111111	-0,681172592593
58,6	0,00715434174455	-0,063112	-0,495613827161
58,65	0,00276394174455	-0,0838444444444	-0,176496790123
58,7	-0,00217525825545	-0,0827773333333	0,189793333333
58,75	-0,00629125825545	-0,0625022222222	0,502981975309
58,8	-0,00903525825545	-0,02744	0,693960987654
58,85	-0,00930965825545	0,0140248888889	0,716319506173
58,9	-0,00738885825545	0,0506115555556	0,581067407407
58,95	-0,00382165825545	0,0763746666667	0,33529308642
59	0,000843141744545	0,0875031111111	0,00626716049383
59,05	0,00578234174455	0,0774417777778	-0,334361481482
59,1	0,00907514174455	0,0538128888889	-0,646449135803
59,15	0,0123679417445	0,00609777777778	-0,803212839506
59,2	0,00934954174455	-0,0371964444444	-0,72072345679
59,25	0,00825194174455	-0,0710391111111	-0,493327160494
59,3	0,00194074174455	-0,0937533333333	-0,108743703704
59,35	-0,00272405825545	-0,0829297777778	0,296335061728
59,4	-0,00684005825545	-0,0580813333333	0,579204197531
59,45	-0,00903525825545	-0,0199702222222	0,731309876543
59,5	-0,00903525825545	0,021952	0,711915555556
59,55	-0,00656565825545	0,0577764444444	0,53338617284
59,6	-0,00272405825545	0,0801857777778	0,23451037037
59,65	0,00221514174455	0,0839968888889	-0,126952345679
59,7	0,00660554174455	0,0660084444444	-0,454707901235
59,75	0,00934954174455	0,0339951111111	-0,670535358025
59,8	0,0104471417445	-0,00762222222222	-0,725186691357
59,85	0,00852634174455	-0,0472577777778	-0,589545012342
59,9	0,00495914174455	-0,0703378666665	-0,378697407398
59,95	0,000843141744545	-0,0810242222214	-0,227091407394
60	-0,00354725825545	-0,0856737777762	-0,140299703688
