0,05	0,00413594174455	-0,0173786666667	-0,15683145679
0,1	0,00358714174455	-0,025382	-0,14030817284
0,15	0,00194074174455	-0,0336597333333	-0,0911871851852
0,2	1,99417445452E-005	-0,0376537777778	0,0142027407407
0,25	-0,00217525825545	-0,0339951111111	0,158025604938
0,3	-0,00382165825545	-0,02058	0,275738123457
0,35	-0,00437045825545	-0,00320133333333	0,323859753086
0,4	-0,00409605825545	0,0140248888889	0,309462222222
0,45	-0,00299845825545	0,0304888888889	0,222992345679
0,5	-0,000803258255455	0,0403977777778	0,0517464197531
0,55	0,00166634174455	0,0368915555556	-0,144652839506
0,6	0,00331274174455	0,0231715555556	-0,284732345679
0,65	0,00413594174455	0,00487822222222	-0,340882716049
0,7	0,00386154174455	-0,0144822222222	-0,30912345679
0,75	0,00248954174455	-0,0292693333333	-0,201141975309
0,8	0,000568741744545	-0,0358244444444	-0,0580135802469
0,85	-0,00135205825545	-0,0352146666667	0,0919748148148
0,9	-0,00327285825545	-0,0265253333333	0,231884938272
0,95	-0,00437045825545	-0,00990888888889	0,318693580247
1	-0,00437045825545	0,00929911111111	0,316152839506
1,05	-0,00327285825545	0,0250008888889	0,234764444444
1,1	-0,00162645825545	0,0347573333333	0,10247654321
1,15	0,000568741744545	0,0358244444444	-0,048189382716
1,2	0,00221514174455	0,0297266666667	-0,192757530864
1,25	0,00386154174455	0,0158542222222	-0,310309135802
1,3	0,00413594174455	-0,00472577777778	-0,346472345679
1,35	0,00331274174455	-0,0237813333333	-0,272536790123
1,4	0,00139194174455	-0,0349097777778	-0,126782962963
1,45	-0,000528858255455	-0,0371964444444	0,041075308642
1,5	-0,00272405825545	-0,0300315555556	0,191402469136
1,55	-0,00382165825545	-0,0157017777778	0,286764938272
1,6	-0,00437045825545	0,00106711111111	0,318354814815
1,65	-0,00382165825545	0,0193604444444	0,271266419753
1,7	-0,00217525825545	0,0317084444444	0,146007901235
1,75	-0,000254458255455	0,0350622222222	-0,00762222222222
1,8	0,00166634174455	0,030184	-0,148040493827
1,85	0,00303834174455	0,0184457777778	-0,248060987654
1,9	0,00358714174455	0,00381111111111	-0,302856296296
1,95	0,00358714174455	-0,0138724444444	-0,299045185185
2	0,00221514174455	-0,0306413333333	-0,196229876543
2,05	1,99417445452E-005	-0,0367391111111	-0,0234595061728
2,1	-0,00190085825545	-0,0324706666667	0,143805925926
2,15	-0,00354725825545	-0,0201226666667	0,261611604938
2,2	-0,00409605825545	-0,00320133333333	0,305312345679
2,25	-0,00382165825545	0,0131102222222	0,27956617284
2,3	-0,00272405825545	0,0272875555556	0,190470864198
2,35	-0,000803258255455	0,0344524444444	0,0503066666667
2,4	0,00111754174455	0,0326231111111	-0,0986654320988
2,45	0,00276394174455	0,0231715555556	-0,21867308642
2,5	0,00358714174455	0,00914666666667	-0,29498
2,55	0,00386154174455	-0,00853688888889	-0,310986666667
2,6	0,00276394174455	-0,026068	-0,235526666667
2,65	0,000843141744545	-0,0350622222222	-0,0907044444444
2,7	-0,00107765825545	-0,0355195555556	0,0704632098765
2,75	-0,00299845825545	-0,0280497777778	0,225024938272
2,8	-0,00437045825545	-0,0105186666667	0,318778271605
2,85	-0,00409605825545	0,00853688888889	0,311071358025
2,9	-0,00327285825545	0,0231715555556	0,235696049383
2,95	-0,00162645825545	0,0333853333333	0,117805679012
3	0,000294341744545	0,0368915555556	-0,0418375308642
3,05	0,00248954174455	0,0303364444444	-0,215116049383
3,1	0,00386154174455	0,0126528888889	-0,325299506173
3,15	0,00386154174455	-0,00777466666667	-0,317677283951
3,2	0,00276394174455	-0,0224093333333	-0,229174814815
3,25	0,00139194174455	-0,0312511111111	-0,112046666667
3,3	-0,000528858255455	-0,0346048888889	0,0280328395062
3,35	-0,00244965825545	-0,0291168888889	0,174633580247
3,4	-0,00382165825545	-0,0152444444444	0,277533580247
3,45	-0,00409605825545	0,00198177777778	0,305481728395
3,5	-0,00354725825545	0,0179884444444	0,264829876543
3,55	-0,00217525825545	0,0306413333333	0,165317530864
3,6	-0,000254458255455	0,0368915555556	0,0130424691358
3,65	0,00194074174455	0,0332328888889	-0,160828888889
3,7	0,00358714174455	0,0184457777778	-0,283885432099
3,75	0,00386154174455	0,000762222222222	-0,317423209877
3,8	0,00358714174455	-0,0158542222222	-0,281175308642
3,85	0,00221514174455	-0,0298791111111	-0,179969135802
3,9	0,000294341744545	-0,0364342222222	-0,023882962963
3,95	-0,00190085825545	-0,0324706666667	0,137030617284
4	-0,00327285825545	-0,02058	0,252210864198
4,05	-0,00409605825545	-0,00472577777778	0,304888888889
4,1	-0,00382165825545	0,0126528888889	0,287188395062
4,15	-0,00272405825545	0,0271351111111	0,195552345679
4,2	-0,000803258255455	0,0344524444444	0,0526780246914
4,25	0,00111754174455	0,0326231111111	-0,0981572839506
4,3	0,00276394174455	0,0231715555556	-0,218588395062
4,35	0,00358714174455	0,00914666666667	-0,294810617284
4,4	0,00386154174455	-0,00853688888889	-0,30997037037
4,45	0,00276394174455	-0,026068	-0,230953333333
4,5	0,000843141744545	-0,0347573333333	-0,0815577777778
4,55	-0,00107765825545	-0,0346048888889	0,0811343209877
4,6	-0,00299845825545	-0,0253057777778	0,214777283951
4,65	-0,00382165825545	-0,0105186666667	0,28727308642
4,7	-0,00409605825545	0,00579288888889	0,297605432099
4,75	-0,00327285825545	0,0221044444444	0,237305185185
4,8	-0,00162645825545	0,0323182222222	0,112978271605
4,85	0,000294341744545	0,0346048888889	-0,0404824691358
4,9	0,00221514174455	0,0277448888889	-0,183356790123
4,95	0,00331274174455	0,0144822222222	-0,281005925926
5	0,00386154174455	-0,00304888888889	-0,310563209877
5,05	0,00303834174455	-0,0207324444444	-0,247637530864
5,1	0,00139194174455	-0,0303364444444	-0,123734074074
5,15	-0,000254458255455	-0,0332328888889	0,0131271604938
5,2	-0,00217525825545	-0,0292693333333	0,152529135802
5,25	-0,00354725825545	-0,0170737777778	0,264321728395
5,3	-0,00409605825545	0	0,309885679012
5,35	-0,00354725825545	0,0173786666667	0,273044938272
5,4	-0,00217525825545	0,030184	0,165825679012
5,45	-0,000254458255455	0,0361293333333	0,00982419753086
5,5	0,00194074174455	0,0309462222222	-0,144652839506
5,55	0,00303834174455	0,0198177777778	-0,257546419753
5,6	0,00413594174455	0,00350622222222	-0,320387407407
5,65	0,00358714174455	-0,0161591111111	-0,292354567901
5,7	0,00221514174455	-0,0295742222222	-0,178444691358
5,75	0,000294341744545	-0,0352146666667	-0,0289644444444
5,8	-0,00162645825545	-0,0324706666667	0,122887160494
5,85	-0,00327285825545	-0,021952	0,247468148148
5,9	-0,00409605825545	-0,00518311111111	0,310393827161
5,95	-0,00382165825545	0,0125004444444	0,292100493827
6	-0,00272405825545	0,0271351111111	0,199109382716
6,05	-0,000803258255455	0,0346048888889	0,0531861728395
6,1	0,00111754174455	0,0327755555556	-0,101883703704
6,15	0,00276394174455	0,0236288888889	-0,234340987654
6,2	0,00386154174455	0,00640266666667	-0,30014617284
6,25	0,00331274174455	-0,00990888888889	-0,284732345679
6,3	0,00276394174455	-0,0237813333333	-0,217741481481
6,35	0,000843141744545	-0,0341475555556	-0,0922288888889
6,4	-0,00107765825545	-0,0347573333333	0,0690234567901
6,45	-0,00299845825545	-0,0266777777778	0,216301728395
6,5	-0,00409605825545	-0,0105186666667	0,304041975309
6,55	-0,00409605825545	0,00731733333333	0,307175555556
6,6	-0,00327285825545	0,0230191111111	0,237898024691
6,65	-0,00162645825545	0,0338426666667	0,106202962963
6,7	0,000568741744545	0,0347573333333	-0,0508995061728
6,75	0,00221514174455	0,0269826666667	-0,177343703704
6,8	0,00331274174455	0,0160066666667	-0,273807160494
6,85	0,00413594174455	-0,00152444444444	-0,328517777778
6,9	0,00331274174455	-0,0213422222222	-0,283207901235
6,95	0,00166634174455	-0,0341475555556	-0,143805925926
7	-0,000528858255455	-0,037044	0,0304041975309
7,05	-0,00244965825545	-0,0300315555556	0,183356790123
7,1	-0,00382165825545	-0,0160066666667	0,276432592593
7,15	-0,00409605825545	0,000152444444444	0,305227654321
7,2	-0,00382165825545	0,016464	0,276347901235
7,25	-0,00244965825545	0,0312511111111	0,169128641975
7,3	-0,000254458255455	0,0362817777778	0,00262543209876
7,35	0,00166634174455	0,0306413333333	-0,15049654321
7,4	0,00303834174455	0,0185982222222	-0,249839506173
7,45	0,00358714174455	0,00396355555556	-0,30056962963
7,5	0,00358714174455	-0,0134151111111	-0,294810617284
7,55	0,00221514174455	-0,0292693333333	-0,204275555556
7,6	0,000294341744545	-0,0368915555556	-0,0463261728395
7,65	-0,00190085825545	-0,0344524444444	0,125936049383
7,7	-0,00354725825545	-0,0225617777778	0,259240246914
7,75	-0,00437045825545	-0,00533555555556	0,317677283951
7,8	-0,00409605825545	0,0125004444444	0,295149382716
7,85	-0,00299845825545	0,0271351111111	0,200803209877
7,9	-0,00107765825545	0,0346048888889	0,058437037037
7,95	0,000843141744545	0,0330804444444	-0,0898575308642
8	0,00248954174455	0,024696	-0,216301728395
8,05	0,00358714174455	0,00975644444444	-0,298113580247
8,1	0,00358714174455	-0,00792711111111	-0,310732592593
8,15	0,00276394174455	-0,024696	-0,243064197531
8,2	0,000843141744545	-0,0350622222222	-0,107134567901
8,25	-0,00107765825545	-0,0368915555556	0,0629256790123
8,3	-0,00327285825545	-0,0286595555556	0,225194320988
8,35	-0,00437045825545	-0,0111284444444	0,315051851852
8,4	-0,00437045825545	0,00701244444444	0,310563209877
8,45	-0,00354725825545	0,0225617777778	0,237220493827
8,5	-0,00190085825545	0,0326231111111	0,114248641975
8,55	1,99417445452E-005	0,0350622222222	-0,0339612345679
8,6	0,00194074174455	0,0292693333333	-0,179291604938
8,65	0,00331274174455	0,0152444444444	-0,279820246914
8,7	0,00358714174455	-0,00198177777778	-0,306074567901
8,75	0,00303834174455	-0,0179884444444	-0,265422716049
8,8	0,00166634174455	-0,0306413333333	-0,167604197531
8,85	-0,000254458255455	-0,037044	-0,0175311111111
8,9	-0,00244965825545	-0,0336902222222	0,156001481481
8,95	-0,00409605825545	-0,0198177777778	0,291507654321
9	-0,00464485825545	-0,000609777777778	0,339104197531
9,05	-0,00409605825545	0,0176835555556	0,299638024691
9,1	-0,00272405825545	0,0321657777778	0,188946419753
9,15	-0,000528858255455	0,0382635555556	0,034215308642
9,2	0,00139194174455	0,0364342222222	-0,137030617284
9,25	0,00358714174455	0,0239337777778	-0,286341481481
9,3	0,00413594174455	0,00381111111111	-0,347319259259
9,35	0,00386154174455	-0,0149395555556	-0,312426419753
9,4	0,00248954174455	-0,0300315555556	-0,208171358025
9,45	0,000568741744545	-0,0376537777778	-0,0563197530864
9,5	-0,00162645825545	-0,0365866666667	0,113401728395
9,55	-0,00354725825545	-0,0251533333333	0,254836296296
9,6	-0,00437045825545	-0,00792711111111	0,323436296296
9,65	-0,00437045825545	0,0103662222222	0,313188641975
9,7	-0,00327285825545	0,0266777777778	0,223923950617
9,75	-0,00135205825545	0,0350622222222	0,0794404938272
9,8	0,000568741744545	0,0350622222222	-0,0780854320988
9,85	0,00248954174455	0,0266777777778	-0,21824962963
9,9	0,00358714174455	0,0106711111111	-0,298791111111
9,95	0,00358714174455	-0,00670755555556	-0,300146172839
10	0,00276394174455	-0,0213422222222	-0,243995802469
10,05	0,00139194174455	-0,0330804444444	-0,134320493827
10,1	-0,000803258255455	-0,0378062222222	0,0347234567901
10,15	-0,00299845825545	-0,0297266666667	0,203428641975
10,2	-0,00409605825545	-0,0138724444444	0,299214567901
10,25	-0,00437045825545	0,00320133333333	0,320472098765
10,3	-0,00382165825545	0,02058	0,274992839506
10,35	-0,00217525825545	0,0339951111111	0,155408641975
10,4	1,99417445452E-005	0,0378062222222	-0,00423456790124
10,45	0,00194074174455	0,0330804444444	-0,15820345679
10,5	0,00358714174455	0,0211897777778	-0,286341481481
10,55	0,00441034174455	0,00198177777778	-0,349944691358
10,6	0,00386154174455	-0,0185982222222	-0,30742962963
10,65	0,00221514174455	-0,0323182222222	-0,181324197531
10,7	0,000294341744545	-0,0378062222222	-0,0220197530864
10,75	-0,00190085825545	-0,0346048888889	0,139063209877
10,8	-0,00354725825545	-0,0225617777778	0,266184938272
10,85	-0,00437045825545	-0,00518311111111	0,326400493827
10,9	-0,00409605825545	0,0131102222222	0,310309135802
10,95	-0,00299845825545	0,0292693333333	0,212998765432
11	-0,000803258255455	0,037044	0,0554728395062
11,05	0,00111754174455	0,0350622222222	-0,11060691358
11,1	0,00303834174455	0,024696	-0,246621234568
11,15	0,00386154174455	0,00777466666667	-0,318778271605
11,2	0,00386154174455	-0,0103662222222	-0,313188641975
11,25	0,00276394174455	-0,0268302222222	-0,228581975309
11,3	0,000843141744545	-0,0355195555556	-0,0874014814815
11,35	-0,00107765825545	-0,0365866666667	0,0768997530864
11,4	-0,00327285825545	-0,0272875555556	0,226549382716
11,45	-0,00409605825545	-0,010976	0,310478518519
11,5	-0,00437045825545	0,00640266666667	0,325214814815
11,55	-0,00354725825545	0,024696	0,260171851852
11,6	-0,00162645825545	0,0362817777778	0,111284444444
11,65	0,000568741744545	0,037044	-0,0655511111111
11,7	0,00248954174455	0,0280497777778	-0,209611111111
11,75	0,00358714174455	0,0132626666667	-0,289729135802
11,8	0,00386154174455	-0,00320133333333	-0,308954074074
11,85	0,00331274174455	-0,0201226666667	-0,263474814815
11,9	0,00166634174455	-0,0324706666667	-0,14964962963
11,95	-0,000254458255455	-0,037044	0,00863851851852
12	-0,00244965825545	-0,0318608888889	0,171245925926
12,05	-0,00382165825545	-0,017836	0,286510864198
12,1	-0,00437045825545	0	0,325722962963
12,15	-0,00382165825545	0,017836	0,286426172839
12,2	-0,00244965825545	0,0318608888889	0,17065308642
12,25	-0,000254458255455	0,037044	0,00575901234568
12,3	0,00166634174455	0,0323182222222	-0,157017777778
12,35	0,00331274174455	0,0195128888889	-0,27567037037
12,4	0,00386154174455	0,00121955555556	-0,313781481481
12,45	0,00331274174455	-0,015092	-0,274569382716
12,5	0,00221514174455	-0,0280497777778	-0,18394962963
12,55	0,000294341744545	-0,0352146666667	-0,0498832098765
12,6	-0,00162645825545	-0,0343	0,108743703704
12,65	-0,00354725825545	-0,0239337777778	0,25254962963
12,7	-0,00437045825545	-0,00579288888889	0,323097530864
12,75	-0,00409605825545	0,012348	0,302009382716
12,8	-0,00299845825545	0,0272875555556	0,208256049383
12,85	-0,00107765825545	0,0350622222222	0,0671602469136
12,9	0,000843141744545	0,0346048888889	-0,0874861728395
12,95	0,00276394174455	0,0253057777778	-0,219435308642
13	0,00358714174455	0,0103662222222	-0,297774814815
13,05	0,00386154174455	-0,00655511111111	-0,317677283951
13,1	0,00303834174455	-0,024696	-0,256699506173
13,15	0,00111754174455	-0,0362817777778	-0,107812098765
13,2	-0,00107765825545	-0,0368915555556	0,0731733333333
13,25	-0,00299845825545	-0,02744	0,222907654321
13,3	-0,00409605825545	-0,0112808888889	0,299807407407
13,35	-0,00409605825545	0,00533555555556	0,306159259259
13,4	-0,00354725825545	0,0211897777778	0,257207654321
13,45	-0,00190085825545	0,0341475555556	0,136522469136
13,5	0,000294341744545	0,0371964444444	-0,0336224691358
13,55	0,00221514174455	0,0307937777778	-0,200125679012
13,6	0,00386154174455	0,0140248888889	-0,299214567901
13,65	0,00358714174455	-0,00350622222222	-0,302517530864
13,7	0,00331274174455	-0,0175311111111	-0,258139259259
13,75	0,00194074174455	-0,031556	-0,15650962963
13,8	-0,000254458255455	-0,0362817777778	0,0055049382716
13,85	-0,00217525825545	-0,0304888888889	0,15947382716
13,9	-0,00354725825545	-0,0179884444444	0,264575802469
13,95	-0,00409605825545	-0,00182933333333	0,31039382716
14	-0,00382165825545	0,0157017777778	0,28684962963
14,05	-0,00244965825545	0,0307937777778	0,176242716049
14,1	-0,000254458255455	0,0353671111111	0,0177851851852
14,15	0,00139194174455	0,0321657777778	-0,136691851852
14,2	0,00331274174455	0,0202751111111	-0,256445432099
14,25	0,00358714174455	0,004116	-0,313950864198
14,3	0,00386154174455	-0,0144822222222	-0,291592345679
14,35	0,00194074174455	-0,028812	-0,184034320988
14,4	0,000568741744545	-0,0339951111111	-0,0424303703704
14,45	-0,00162645825545	-0,0335377777778	0,109929382716
14,5	-0,00327285825545	-0,0224093333333	0,242132592593
14,55	-0,00409605825545	-0,00594533333333	0,300315555556
14,6	-0,00382165825545	0,0105186666667	0,286934320988
14,65	-0,00299845825545	0,0251533333333	0,210542716049
14,7	-0,00107765825545	0,0341475555556	0,075375308642
14,75	0,000843141744545	0,0333853333333	-0,078762962963
14,8	0,00248954174455	0,0259155555556	-0,220112839506
14,85	0,00386154174455	0,00945155555556	-0,310224444444
14,9	0,00358714174455	-0,0100613333333	-0,295064691358
14,95	0,00248954174455	-0,0230191111111	-0,207747901235
15	0,00111754174455	-0,0312511111111	-0,0952777777778
15,05	-0,000803258255455	-0,0339951111111	0,0473424691358
15,1	-0,00272405825545	-0,0269826666667	0,193096296296
15,15	-0,00382165825545	-0,0125004444444	0,288882222222
15,2	-0,00409605825545	0,00518311111111	0,306921481481
15,25	-0,00327285825545	0,0217995555556	0,240015308642
15,3	-0,00162645825545	0,0318608888889	0,11060691358
15,35	0,000294341744545	0,0332328888889	-0,0343
15,4	0,00194074174455	0,0277448888889	-0,165571604938
15,45	0,00331274174455	0,0160066666667	-0,271351111111
15,5	0,00386154174455	-0,00213422222222	-0,310563209877
15,55	0,00303834174455	-0,019208	-0,257377037037
15,6	0,00166634174455	-0,0303364444444	-0,142027407407
15,65	-0,000254458255455	-0,0346048888889	0,00465802469135
15,7	-0,00217525825545	-0,0298791111111	0,150242469136
15,75	-0,00354725825545	-0,017836	0,255683209877
15,8	-0,00409605825545	-0,00198177777778	0,302602222222
15,85	-0,00382165825545	0,0152444444444	0,278465185185
15,9	-0,00244965825545	0,0292693333333	0,175734567901
15,95	-0,000528858255455	0,0349097777778	0,0237982716049
16	0,00139194174455	0,0318608888889	-0,133388888889
16,05	0,00303834174455	0,0199702222222	-0,252464938272
16,1	0,00358714174455	0,00335377777778	-0,297944197531
16,15	0,00331274174455	-0,0126528888889	-0,273468395062
16,2	0,00221514174455	-0,0259155555556	-0,194366666667
16,25	0,000568741744545	-0,0344524444444	-0,0605543209877
16,3	-0,00162645825545	-0,0336902222222	0,105610123457
16,35	-0,00327285825545	-0,0225617777778	0,242217283951
16,4	-0,00409605825545	-0,00594533333333	0,302602222222
16,45	-0,00382165825545	0,0105186666667	0,291846419753
16,5	-0,00299845825545	0,0254582222222	0,21994345679
16,55	-0,00107765825545	0,0350622222222	0,0870627160494
16,6	0,000843141744545	0,0361293333333	-0,0843525925926
16,65	0,00303834174455	0,0262204444444	-0,241878518519
16,7	0,00386154174455	0,00762222222222	-0,310309135802
16,75	0,00358714174455	-0,008232	-0,297351358025
16,8	0,00303834174455	-0,0234764444444	-0,236288888889
16,85	0,00111754174455	-0,0346048888889	-0,110776296296
16,9	-0,000803258255455	-0,0367391111111	0,0587758024691
16,95	-0,00299845825545	-0,0286595555556	0,222992345679
17	-0,00409605825545	-0,0111284444444	0,314459012346
17,05	-0,00409605825545	0,00701244444444	0,309885679012
17,1	-0,00327285825545	0,0225617777778	0,234425679012
17,15	-0,00162645825545	0,0324706666667	0,107303950617
17,2	0,000294341744545	0,0344524444444	-0,0443782716049
17,25	0,00221514174455	0,02744	-0,181832345679
17,3	0,00331274174455	0,01372	-0,263813580247
17,35	0,00358714174455	-0,00106711111111	-0,290321975309
17,4	0,00331274174455	-0,0175311111111	-0,257800493827
17,45	0,00166634174455	-0,0298791111111	-0,155239259259
17,5	1,99417445452E-005	-0,0349097777778	-0,00948543209877
17,55	-0,00217525825545	-0,0314035555556	0,147532345679
17,6	-0,00354725825545	-0,0182933333333	0,262797283951
17,65	-0,00409605825545	-0,00213422222222	0,307599012346
17,7	-0,00382165825545	0,0152444444444	0,281005925926
17,75	-0,00244965825545	0,0292693333333	0,177259012346
17,8	-0,000528858255455	0,0349097777778	0,0283716049383
17,85	0,00139194174455	0,0321657777778	-0,12475037037
17,9	0,00303834174455	0,0208848888889	-0,244080493827
17,95	0,00358714174455	0,00594533333333	-0,312680493827
18	0,00386154174455	-0,0131102222222	-0,309716296296
18,05	0,00221514174455	-0,0300315555556	-0,199956296296
18,1	0,000294341744545	-0,0353671111111	-0,0367560493827
18,15	-0,00162645825545	-0,0327755555556	0,115264938272
18,2	-0,00327285825545	-0,0225617777778	0,236034814815
18,25	-0,00409605825545	-0,00716488888889	0,30353382716
18,3	-0,00409605825545	0,0105186666667	0,302348148148
18,35	-0,00299845825545	0,0266777777778	0,217572098765
18,4	-0,00107765825545	0,0349097777778	0,0711407407407
18,45	0,000843141744545	0,0344524444444	-0,0919748148148
18,5	0,00276394174455	0,024696	-0,230445185185
18,55	0,00358714174455	0,00838444444444	-0,299722716049
18,6	0,00358714174455	-0,008232	-0,295657530864
18,65	0,00276394174455	-0,0240862222222	-0,22121382716
18,7	0,000843141744545	-0,0326231111111	-0,0923982716049
18,75	-0,000803258255455	-0,0335377777778	0,0477659259259
18,8	-0,00272405825545	-0,0282022222222	0,189623950617
18,85	-0,00409605825545	-0,0129577777778	0,289729135802
18,9	-0,00409605825545	0,00457333333333	0,305397037037
18,95	-0,00354725825545	0,0204275555556	0,249585432099
19	-0,00190085825545	0,0320133333333	0,132626666667
19,05	1,99417445452E-005	0,0350622222222	-0,0162607407407
19,1	0,00194074174455	0,0300315555556	-0,158965679012
19,15	0,00331274174455	0,0176835555556	-0,266184938272
19,2	0,00386154174455	0,001372	-0,318778271605
19,25	0,00358714174455	-0,0173786666667	-0,293624938272
19,3	0,00194074174455	-0,0318608888889	-0,180223209877
19,35	1,99417445452E-005	-0,0375013333333	-0,0156679012346
19,4	-0,00217525825545	-0,0338426666667	0,157102469136
19,45	-0,00382165825545	-0,0199702222222	0,286087407407
19,5	-0,00437045825545	-0,00121955555556	0,325722962963
19,55	-0,00382165825545	0,0157017777778	0,286934320988
19,6	-0,00272405825545	0,0298791111111	0,185304691358
19,65	-0,000528858255455	0,0365866666667	0,0323520987654
19,7	0,00139194174455	0,0330804444444	-0,121870864198
19,75	0,00303834174455	0,0227142222222	-0,2401
19,8	0,00386154174455	0,00716488888889	-0,308445925926
19,85	0,00386154174455	-0,0106711111111	-0,310817283951
19,9	0,00276394174455	-0,0272875555556	-0,23324
19,95	0,000843141744545	-0,037044	-0,085707654321
20	-0,00135205825545	-0,037044	0,0898575308642
20,05	-0,00327285825545	-0,0271351111111	0,243741728395
20,1	-0,00437045825545	-0,00990888888889	0,331481975309
20,15	-0,00437045825545	0,00975644444444	0,330635061728
20,2	-0,00327285825545	0,0268302222222	0,241624444444
20,25	-0,00135205825545	0,0359768888889	0,0981572839506
20,3	0,000568741744545	0,0381111111111	-0,075629382716
20,35	0,00303834174455	0,0277448888889	-0,230868641975
20,4	0,00358714174455	0,0112808888889	-0,306413333333
20,45	0,00413594174455	-0,00564044444444	-0,313188641975
20,5	0,00303834174455	-0,0224093333333	-0,255598518519
20,55	0,00166634174455	-0,0335377777778	-0,139317283951
20,6	-0,000528858255455	-0,0385684444444	0,0245604938272
20,65	-0,00272405825545	-0,0317084444444	0,197076790123
20,7	-0,00409605825545	-0,0158542222222	0,304973580247
20,75	-0,00437045825545	0,00243911111111	0,328094320988
20,8	-0,00382165825545	0,0199702222222	0,273637777778
20,85	-0,00217525825545	0,0324706666667	0,153206666667
20,9	-0,000254458255455	0,037044	-0,00728345679013
20,95	0,00194074174455	0,0318608888889	-0,167773580247
21	0,00331274174455	0,0179884444444	-0,276771358025
21,05	0,00386154174455	0,000762222222222	-0,308445925926
21,1	0,00331274174455	-0,0153968888889	-0,274061234568
21,15	0,00221514174455	-0,0285071111111	-0,18691382716
21,2	0,000294341744545	-0,0365866666667	-0,0442935802469
21,25	-0,00190085825545	-0,0343	0,12432691358
21,3	-0,00354725825545	-0,0225617777778	0,258139259259
21,35	-0,00437045825545	-0,00533555555556	0,320218024691
21,4	-0,00409605825545	0,0126528888889	0,303025679012
21,45	-0,00299845825545	0,0277448888889	0,215708888889
21,5	-0,00107765825545	0,0367391111111	0,0695316049383
21,55	0,00111754174455	0,0355195555556	-0,0979032098765
21,6	0,00276394174455	0,0263728888889	-0,248484444444
21,65	0,00413594174455	0,00868933333333	-0,343592839506
21,7	0,00386154174455	-0,0131102222222	-0,326146419753
21,75	0,00248954174455	-0,0285071111111	-0,207832592593
21,8	0,000568741744545	-0,0343	-0,0647888888889
21,85	-0,00107765825545	-0,0347573333333	0,0778313580247
21,9	-0,00327285825545	-0,0266777777778	0,214184444444
21,95	-0,00409605825545	-0,010976	0,296335061728
22	-0,00437045825545	0,00579288888889	0,310224444444
22,05	-0,00354725825545	0,0227142222222	0,254751604938
22,1	-0,00190085825545	0,0344524444444	0,126444197531
22,15	0,000294341744545	0,037044	-0,0394661728395
22,2	0,00221514174455	0,0298791111111	-0,192164691358
22,25	0,00358714174455	0,0153968888889	-0,289983209877
22,3	0,00386154174455	-0,00213422222222	-0,315814074074
22,35	0,00331274174455	-0,0185982222222	-0,275924444444
22,4	0,00194074174455	-0,0324706666667	-0,167942962963
22,45	-0,000254458255455	-0,038416	0,00287950617284
22,5	-0,00244965825545	-0,0323182222222	0,176073333333
22,55	-0,00382165825545	-0,0179884444444	0,289220987654
22,6	-0,00437045825545	-0,000152444444444	0,325214814815
22,65	-0,00382165825545	0,0175311111111	0,284054814815
22,7	-0,00244965825545	0,0307937777778	0,177682469136
22,75	-0,000528858255455	0,0379586666667	0,0159219753086
22,8	0,00194074174455	0,0326231111111	-0,150327160494
22,85	0,00303834174455	0,0196653333333	-0,253142469136
22,9	0,00386154174455	0,00564044444444	-0,308191851852
22,95	0,00386154174455	-0,0129577777778	-0,308191851852
23	0,00248954174455	-0,0292693333333	-0,217487407407
23,05	0,000568741744545	-0,0375013333333	-0,0621634567901
23,1	-0,00162645825545	-0,0364342222222	0,11492617284
23,15	-0,00354725825545	-0,024696	0,260002469136
23,2	-0,00437045825545	-0,00655511111111	0,320556790123
23,25	-0,00409605825545	0,0105186666667	0,302348148148
23,3	-0,00327285825545	0,0257631111111	0,224093333333
23,35	-0,00135205825545	0,0359768888889	0,0791017283951
23,4	0,000843141744545	0,0349097777778	-0,0917207407407
23,45	0,00248954174455	0,0251533333333	-0,227904444444
23,5	0,00358714174455	0,009604	-0,302856296296
23,55	0,00358714174455	-0,00868933333333	-0,295742222222
23,6	0,00248954174455	-0,0227142222222	-0,22121382716
23,65	0,00111754174455	-0,0317084444444	-0,113317037037
23,7	-0,000803258255455	-0,0359768888889	0,0345540740741
23,75	-0,00299845825545	-0,0291168888889	0,193519753086
23,8	-0,00409605825545	-0,01372	0,292269876543
23,85	-0,00437045825545	0,00320133333333	0,316915061728
23,9	-0,00382165825545	0,02058	0,270419506173
23,95	-0,00217525825545	0,0338426666667	0,14278962963
24	1,99417445452E-005	0,0368915555556	-0,0285409876543
24,05	0,00194074174455	0,0300315555556	-0,181662962963
24,1	0,00331274174455	0,0160066666667	-0,276009135802
24,15	0,00358714174455	-0,000152444444444	-0,305312345679
24,2	0,00331274174455	-0,016464	-0,277279506173
24,25	0,00194074174455	-0,0312511111111	-0,17319382716
24,3	-0,000254458255455	-0,0365866666667	-0,00940074074074
24,35	-0,00217525825545	-0,0314035555556	0,14490691358
24,4	-0,00354725825545	-0,0208848888889	0,26754
24,45	-0,00464485825545	-0,00243911111111	0,330296296296
24,5	-0,00382165825545	0,0166164444444	0,292015802469
24,55	-0,00272405825545	0,0300315555556	0,175988641975
24,6	-0,000528858255455	0,0361293333333	0,0143975308642
24,65	0,00139194174455	0,0309462222222	-0,138131604938
24,7	0,00276394174455	0,0201226666667	-0,242132592593
24,75	0,00358714174455	0,00472577777778	-0,293032098765
24,8	0,00331274174455	-0,0120431111111	-0,27482345679
24,85	0,00221514174455	-0,0253057777778	-0,194197283951
24,9	0,000568741744545	-0,0330804444444	-0,0702938271605
24,95	-0,00135205825545	-0,0338426666667	0,0845219753086
25	-0,00327285825545	-0,0243911111111	0,228751358025
25,05	-0,00409605825545	-0,00792711111111	0,304973580247
25,1	-0,00409605825545	0,00975644444444	0,296419753086
25,15	-0,00299845825545	0,024696	0,213676296296
25,2	-0,00135205825545	0,032928	0,0842679012346
25,25	0,000568741744545	0,0341475555556	-0,0683459259259
25,3	0,00248954174455	0,0254582222222	-0,204868395062
25,35	0,00331274174455	0,0115857777778	-0,290321975309
25,4	0,00386154174455	-0,00670755555556	-0,301924691358
25,45	0,00248954174455	-0,0221044444444	-0,231461481481
25,5	0,00139194174455	-0,0314035555556	-0,115688395062
25,55	-0,000803258255455	-0,0355195555556	0,0392967901235
25,6	-0,00272405825545	-0,0275924444444	0,192334074074
25,65	-0,00382165825545	-0,0132626666667	0,281598765432
25,7	-0,00409605825545	0,00320133333333	0,304380740741
25,75	-0,00354725825545	0,0199702222222	0,255175061728
25,8	-0,00190085825545	0,0318608888889	0,133897037037
25,85	1,99417445452E-005	0,0349097777778	-0,024137037037
25,9	0,00194074174455	0,0292693333333	-0,177428395062
25,95	0,00331274174455	0,015092	-0,280243703704
26	0,00358714174455	-0,00228666666667	-0,301077777778
26,05	0,00303834174455	-0,0185982222222	-0,240692839506
26,1	0,00139194174455	-0,0280497777778	-0,134574567901
26,15	1,99417445452E-005	-0,0318608888889	-0,0199871604938
26,2	-0,00190085825545	-0,0312511111111	0,116789382716
26,25	-0,00354725825545	-0,0208848888889	0,255852592593
26,3	-0,00437045825545	-0,00259155555556	0,325045432099
26,35	-0,00382165825545	0,016464	0,28769654321
26,4	-0,00244965825545	0,0295742222222	0,169128641975
26,45	-0,000528858255455	0,0346048888889	0,017277037037
26,5	0,00139194174455	0,0306413333333	-0,123564691358
26,55	0,00276394174455	0,02058	-0,227057530864
26,6	0,00358714174455	0,00655511111111	-0,289898518519
26,65	0,00358714174455	-0,0106711111111	-0,292439259259
26,7	0,00248954174455	-0,0265253333333	-0,209526419753
26,75	0,000568741744545	-0,0344524444444	-0,0624175308642
26,8	-0,00135205825545	-0,032928	0,0939227160494
26,85	-0,00299845825545	-0,0240862222222	0,22553308642
26,9	-0,00409605825545	-0,00792711111111	0,297605432099
26,95	-0,00382165825545	0,00929911111111	0,28684962963
27	-0,00299845825545	0,0231715555556	0,212829382716
27,05	-0,00135205825545	0,0324706666667	0,0899422222222
27,1	0,000568741744545	0,0338426666667	-0,0664827160494
27,15	0,00248954174455	0,0251533333333	-0,207239753086
27,2	0,00331274174455	0,0103662222222	-0,285748641975
27,25	0,00358714174455	-0,00609777777778	-0,295318765432
27,3	0,00276394174455	-0,0228666666667	-0,221721975309
27,35	0,000843141744545	-0,0304888888889	-0,0950237037037
27,4	-0,000528858255455	-0,0317084444444	0,0297266666667
27,45	-0,00244965825545	-0,0282022222222	0,163454320988
27,5	-0,00382165825545	-0,0147871111111	0,274484691358
27,55	-0,00409605825545	0,00259155555556	0,310139753086
27,6	-0,00354725825545	0,0198177777778	0,26110345679
27,65	-0,00190085825545	0,0318608888889	0,136522469136
27,7	1,99417445452E-005	0,0349097777778	-0,0237135802469
27,75	0,00194074174455	0,0292693333333	-0,178444691358
27,8	0,00331274174455	0,015092	-0,285325185185
27,85	0,00358714174455	-0,00259155555556	-0,312426419753
27,9	0,00303834174455	-0,0196653333333	-0,255429135802
27,95	0,00139194174455	-0,0312511111111	-0,127460493827
28	-0,000528858255455	-0,0330804444444	0,020495308642
28,05	-0,00217525825545	-0,0280497777778	0,147701728395
28,1	-0,00354725825545	-0,0172262222222	0,24526617284
28,15	-0,00409605825545	-0,00182933333333	0,295657530864
28,2	-0,00382165825545	0,0152444444444	0,27567037037
28,25	-0,00244965825545	0,0292693333333	0,175141728395
28,3	-0,000528858255455	0,0349097777778	0,0236288888889
28,35	0,00139194174455	0,0318608888889	-0,133812345679
28,4	0,00303834174455	0,0199702222222	-0,25424345679
28,45	0,00358714174455	0,00320133333333	-0,300230864198
28,5	0,00331274174455	-0,0129577777778	-0,274315308642
28,55	0,00221514174455	-0,0268302222222	-0,184542469136
28,6	0,000294341744545	-0,0330804444444	-0,0531014814815
28,65	-0,00135205825545	-0,0324706666667	0,0878249382716
28,7	-0,00327285825545	-0,0240862222222	0,218927160494
28,75	-0,00409605825545	-0,008232	0,295149382716
28,8	-0,00409605825545	0,00838444444444	0,299638024691
28,85	-0,00327285825545	0,024696	0,230445185185
28,9	-0,00135205825545	0,0344524444444	0,0919748148148
28,95	0,000568741744545	0,0349097777778	-0,0710560493827
29	0,00248954174455	0,0266777777778	-0,217063950617
29,05	0,00358714174455	0,0105186666667	-0,299892098765
29,1	0,00358714174455	-0,00701244444444	-0,298028888889
29,15	0,00276394174455	-0,0221044444444	-0,226634074074
29,2	0,00111754174455	-0,0310986666667	-0,113571111111
29,25	-0,000528858255455	-0,0346048888889	0,0269318518519
29,3	-0,00272405825545	-0,0291168888889	0,17708962963
29,35	-0,00382165825545	-0,015092	0,284732345679
29,4	-0,00437045825545	0,00259155555556	0,31725382716
29,45	-0,00354725825545	0,0199702222222	0,267794074074
29,5	-0,00217525825545	0,0323182222222	0,147278271605
29,55	1,99417445452E-005	0,0365866666667	-0,0162607407407
29,6	0,00194074174455	0,0303364444444	-0,173363209877
29,65	0,00331274174455	0,0172262222222	-0,282784444444
29,7	0,00386154174455	-0,000609777777778	-0,323097530864
29,75	0,00331274174455	-0,0190555555556	-0,271605185185
29,8	0,00166634174455	-0,0312511111111	-0,142535555556
29,85	-0,000254458255455	-0,0336902222222	0,00423456790123
29,9	-0,00190085825545	-0,0300315555556	0,136522469136
29,95	-0,00354725825545	-0,0193604444444	0,245520246914
30	-0,00409605825545	-0,00304888888889	0,296335061728
30,05	-0,00382165825545	0,0131102222222	0,278888641975
30,1	-0,00272405825545	0,02744	0,196060493827
30,15	-0,000803258255455	0,0350622222222	0,0573360493827
30,2	0,00111754174455	0,0343	-0,105271358025
30,25	0,00303834174455	0,0239337777778	-0,249077283951
30,3	0,00386154174455	0,00594533333333	-0,315644691358
30,35	0,00358714174455	-0,0117382222222	-0,289729135802
30,4	0,00248954174455	-0,0253057777778	-0,202835802469
30,45	0,000843141744545	-0,0332328888889	-0,0795251851852
30,5	-0,00107765825545	-0,0344524444444	0,068769382716
30,55	-0,00299845825545	-0,0265253333333	0,214184444444
30,6	-0,00409605825545	-0,0105186666667	0,302856296296
30,65	-0,00409605825545	0,00731733333333	0,30954691358
30,7	-0,00327285825545	0,0231715555556	0,244588641975
30,75	-0,00162645825545	0,0344524444444	0,115519012346
30,8	0,000568741744545	0,0365866666667	-0,0533555555556
30,85	0,00248954174455	0,0282022222222	-0,204190864198
30,9	0,00358714174455	0,0140248888889	-0,301924691358
30,95	0,00413594174455	-0,00503066666667	-0,32411382716
31	0,00303834174455	-0,0228666666667	-0,248484444444
31,05	0,00139194174455	-0,031556	-0,126105432099
31,1	-0,000254458255455	-0,0355195555556	0,00838444444444
31,15	-0,00244965825545	-0,0317084444444	0,158288148148
31,2	-0,00382165825545	-0,0190555555556	0,285240493827
31,25	-0,00464485825545	0	0,338511358025
31,3	-0,00382165825545	0,019208	0,291422962963
31,35	-0,00244965825545	0,0323182222222	0,167604197531
31,4	-0,000254458255455	0,0373488888889	0,00635185185185
31,45	0,00166634174455	0,0327755555556	-0,151174074074
31,5	0,00331274174455	0,0210373333333	-0,274315308642
31,55	0,00413594174455	0,00182933333333	-0,318778271605
31,6	0,00331274174455	-0,0146346666667	-0,276601975309
31,65	0,00248954174455	-0,0269826666667	-0,192249382716
31,7	0,000568741744545	-0,0361293333333	-0,0558116049383
31,75	-0,00162645825545	-0,0343	0,112131358025
31,8	-0,00327285825545	-0,0231715555556	0,245350864198
31,85	-0,00409605825545	-0,00716488888889	0,316999753086
31,9	-0,00409605825545	0,0111284444444	0,317761975309
31,95	-0,00299845825545	0,0286595555556	0,225787160494
32	-0,000803258255455	0,0368915555556	0,0630950617284
32,05	0,00111754174455	0,0350622222222	-0,106795802469
32,1	0,00303834174455	0,024696	-0,241878518519
32,15	0,00386154174455	0,00807955555556	-0,311325432099
32,2	0,00386154174455	-0,009604	-0,304719506173
32,25	0,00276394174455	-0,0243911111111	-0,238999012346
32,3	0,00139194174455	-0,0364342222222	-0,105525432099
32,35	-0,00135205825545	-0,0378062222222	0,0815577777778
32,4	-0,00299845825545	-0,0263728888889	0,231630864198
32,45	-0,00409605825545	-0,0108235555556	0,301331851852
32,5	-0,00409605825545	0,00594533333333	0,30827654321
32,55	-0,00354725825545	0,0225617777778	0,248484444444
32,6	-0,00162645825545	0,0339951111111	0,118313827161
32,65	0,000294341744545	0,0355195555556	-0,0401437037037
32,7	0,00221514174455	0,0294217777778	-0,187167901235
32,75	0,00358714174455	0,015092	-0,291168888889
32,8	0,00386154174455	-0,002744	-0,320472098765
32,85	0,00331274174455	-0,0202751111111	-0,268302222222
32,9	0,00166634174455	-0,0332328888889	-0,135167407407
32,95	-0,000528858255455	-0,0350622222222	0,0282022222222
33	-0,00217525825545	-0,0286595555556	0,160574814815
33,05	-0,00354725825545	-0,0173786666667	0,253311851852
33,1	-0,00409605825545	-0,00182933333333	0,30141654321
33,15	-0,00382165825545	0,0153968888889	0,283716049383
33,2	-0,00244965825545	0,0298791111111	0,187930123457
33,25	-0,000528858255455	0,0368915555556	0,030742962963
33,3	0,00166634174455	0,0338426666667	-0,144398765432
33,35	0,00331274174455	0,0204275555556	-0,274484691358
33,4	0,00386154174455	0,002744	-0,320472098765
33,45	0,00358714174455	-0,0149395555556	-0,284901728395
33,5	0,00221514174455	-0,028812	-0,177343703704
33,55	0,000294341744545	-0,0336902222222	-0,0398049382716
33,6	-0,00135205825545	-0,0326231111111	0,0981572839506
33,65	-0,00327285825545	-0,0239337777778	0,229259506173
33,7	-0,00409605825545	-0,00762222222222	0,308530617284
33,75	-0,00409605825545	0,0103662222222	0,30742962963
33,8	-0,00299845825545	0,0266777777778	0,222653580247
33,85	-0,00107765825545	0,0350622222222	0,0785935802469
33,9	0,000843141744545	0,0350622222222	-0,0815577777778
33,95	0,00276394174455	0,0265253333333	-0,228412592593
34	0,00386154174455	0,00990888888889	-0,317846666667
34,05	0,00386154174455	-0,00929911111111	-0,314882469136
34,1	0,00276394174455	-0,0250008888889	-0,229090123457
34,15	0,00111754174455	-0,0344524444444	-0,0882483950617
34,2	-0,00107765825545	-0,0346048888889	0,0702938271605
34,25	-0,00272405825545	-0,0259155555556	0,197754320988
34,3	-0,00382165825545	-0,0126528888889	0,274145925926
34,35	-0,00409605825545	0,00335377777778	0,298198271605
34,4	-0,00354725825545	0,0199702222222	0,253565925926
34,45	-0,00190085825545	0,0318608888889	0,138639753086
34,5	1,99417445452E-005	0,0352146666667	-0,0112639506173
34,55	0,00194074174455	0,0303364444444	-0,155323950617
34,6	0,00331274174455	0,0187506666667	-0,271351111111
34,65	0,00413594174455	0,000457333333333	-0,320895555556
34,7	0,00331274174455	-0,0172262222222	-0,281005925926
34,75	0,00221514174455	-0,0303364444444	-0,173024444444
34,8	1,99417445452E-005	-0,0365866666667	-0,0167688888889
34,85	-0,00190085825545	-0,0323182222222	0,14448345679
34,9	-0,00354725825545	-0,0201226666667	0,261018765432
34,95	-0,00409605825545	-0,00320133333333	0,30785308642
35	-0,00382165825545	0,0132626666667	0,286764938272
35,05	-0,00272405825545	0,0278973333333	0,201988888889
35,1	-0,000803258255455	0,0364342222222	0,0518311111111
35,15	0,00139194174455	0,0343	-0,12305654321
35,2	0,00303834174455	0,0224093333333	-0,259240246914
35,25	0,00386154174455	0,00503066666667	-0,317931358025
35,3	0,00358714174455	-0,0134151111111	-0,284647654321
35,35	0,00221514174455	-0,0257631111111	-0,190470864198
35,4	0,000843141744545	-0,0332328888889	-0,0688540740741
35,45	-0,00135205825545	-0,0339951111111	0,078932345679
35,5	-0,00299845825545	-0,0250008888889	0,214692592593
35,55	-0,00409605825545	-0,0100613333333	0,295234074074
35,6	-0,00409605825545	0,00746977777778	0,304296049383
35,65	-0,00327285825545	0,0231715555556	0,241285679012
35,7	-0,00162645825545	0,0344524444444	0,110860987654
35,75	0,000568741744545	0,0362817777778	-0,0608930864198
35,8	0,00248954174455	0,02744	-0,21308345679
35,85	0,00358714174455	0,0115857777778	-0,29328617284
35,9	0,00358714174455	-0,00426844444444	-0,308107160494
35,95	0,00331274174455	-0,021952	-0,252888395062
36	0,00111754174455	-0,0333853333333	-0,11619654321
36,05	-0,000528858255455	-0,0339951111111	0,0370948148148
36,1	-0,00244965825545	-0,0289644444444	0,176073333333
36,15	-0,00382165825545	-0,015092	0,278634567901
36,2	-0,00409605825545	0,00213422222222	0,305820493827
36,25	-0,00354725825545	0,0182933333333	0,262373827161
36,3	-0,00217525825545	0,0314035555556	0,147362962963
36,35	1,99417445452E-005	0,0349097777778	-0,0100782716049
36,4	0,00166634174455	0,0298791111111	-0,158118765432
36,45	0,00331274174455	0,0173786666667	-0,265253333333
36,5	0,00358714174455	0,000457333333333	-0,303025679012
36,55	0,00331274174455	-0,0157017777778	-0,270842962963
36,6	0,00194074174455	-0,0294217777778	-0,17065308642
36,65	1,99417445452E-005	-0,0349097777778	-0,0213422222222
36,7	-0,00190085825545	-0,0318608888889	0,134405185185
36,75	-0,00354725825545	-0,0199702222222	0,254836296296
36,8	-0,00409605825545	-0,00320133333333	0,302517530864
36,85	-0,00382165825545	0,0131102222222	0,278973333333
36,9	-0,00272405825545	0,0272875555556	0,190216790123
36,95	-0,000803258255455	0,0344524444444	0,0492056790123
37	0,00111754174455	0,0326231111111	-0,103916296296
37,05	0,00276394174455	0,0228666666667	-0,231122716049
37,1	0,00358714174455	0,00807955555556	-0,31471308642
37,15	0,00386154174455	-0,0120431111111	-0,314797777778
37,2	0,00221514174455	-0,0283546666667	-0,208001975309
37,25	0,000568741744545	-0,0349097777778	-0,0503913580247
37,3	-0,00162645825545	-0,0327755555556	0,101121481481
37,35	-0,00299845825545	-0,0231715555556	0,216047654321
37,4	-0,00409605825545	-0,00945155555556	0,285155802469
37,45	-0,00409605825545	0,00762222222222	0,294895308642
37,5	-0,00327285825545	0,0230191111111	0,232477777778
37,55	-0,00162645825545	0,0338426666667	0,104085679012
37,6	0,000568741744545	0,0347573333333	-0,0555575308642
37,65	0,00221514174455	0,0266777777778	-0,185982222222
37,7	0,00331274174455	0,015092	-0,282191604938
37,75	0,00413594174455	-0,004116	-0,313781481482
37,8	0,00276394174455	-0,0208848888889	-0,24696
37,85	0,00166634174455	-0,0300315555556	-0,138131604938
37,9	-0,000254458255455	-0,0361293333333	0,00711407407407
37,95	-0,00244965825545	-0,0309462222222	0,175988641975
38	-0,00382165825545	-0,0158542222222	0,287103703704
38,05	-0,00409605825545	0,00182933333333	0,309038765432
38,1	-0,00354725825545	0,017836	0,257885185185
38,15	-0,00217525825545	0,0298791111111	0,148463950617
38,2	-0,000254458255455	0,0344524444444	-0,000338765432102
38,25	0,00166634174455	0,0298791111111	-0,149819012346
38,3	0,00303834174455	0,0176835555556	-0,257885185185
38,35	0,00358714174455	0,00167688888889	-0,305058271605
38,4	0,00331274174455	-0,0163115555556	-0,270334814815
38,45	0,00166634174455	-0,0282022222222	-0,166164444444
38,5	0,000294341744545	-0,0344524444444	-0,0236288888889
38,55	-0,00217525825545	-0,0314035555556	0,133812345679
38,6	-0,00327285825545	-0,0189031111111	0,245181481482
38,65	-0,00409605825545	-0,00426844444444	0,294387160494
38,7	-0,00382165825545	0,0128053333333	0,281429382716
38,75	-0,00272405825545	0,0271351111111	0,192418765432
38,8	-0,000803258255455	0,0344524444444	0,0487822222222
38,85	0,00111754174455	0,0324706666667	-0,107981481481
38,9	0,00276394174455	0,0224093333333	-0,235865432099
38,95	0,00358714174455	0,00670755555556	-0,307344938272
39	0,00358714174455	-0,0118906666667	-0,294810617284
39,05	0,00221514174455	-0,0265253333333	-0,197584938272
39,1	0,000568741744545	-0,0330804444444	-0,0608083950617
39,15	-0,00135205825545	-0,0326231111111	0,0810496296296
39,2	-0,00299845825545	-0,0245435555556	0,208171358025
39,25	-0,00409605825545	-0,00990888888889	0,28769654321
39,3	-0,00409605825545	0,00731733333333	0,294641234568
39,35	-0,00327285825545	0,0225617777778	0,228412592593
39,4	-0,00162645825545	0,0324706666667	0,104932592593
39,45	0,000294341744545	0,0344524444444	-0,0503913580247
39,5	0,00221514174455	0,0271351111111	-0,19724617284
39,55	0,00331274174455	0,0125004444444	-0,291592345679
39,6	0,00358714174455	-0,00518311111111	-0,309631604938
39,65	0,00276394174455	-0,021952	-0,244249876543
39,7	0,00111754174455	-0,0323182222222	-0,114248641975
39,75	-0,000803258255455	-0,0344524444444	0,04116
39,8	-0,00272405825545	-0,02744	0,179460987654
39,85	-0,00382165825545	-0,0138724444444	0,261442222222
39,9	-0,00409605825545	0,000762222222222	0,289559753086
39,95	-0,00382165825545	0,0166164444444	0,268217530864
40	-0,00244965825545	0,0312511111111	0,165656296296
40,05	-0,000254458255455	0,0362817777778	-0,000338765432102
40,1	0,00166634174455	0,0304888888889	-0,155578024691
40,15	0,00303834174455	0,0181408888889	-0,256953580247
40,2	0,00358714174455	0,00243911111111	-0,297690123457
40,25	0,00331274174455	-0,01372	-0,279650864198
40,3	0,00221514174455	-0,028812	-0,18649037037
40,35	1,99417445452E-005	-0,0349097777778	-0,0367560493827
40,4	-0,00162645825545	-0,0324706666667	0,116365925926
40,45	-0,00354725825545	-0,0221044444444	0,241539753086
40,5	-0,00409605825545	-0,00564044444444	0,303025679012
40,55	-0,00409605825545	0,010976	0,29455654321
40,6	-0,00299845825545	0,0268302222222	0,212405925926
40,65	-0,00107765825545	0,0349097777778	0,0683459259259
40,7	0,000843141744545	0,0344524444444	-0,0944308641975
40,75	0,00276394174455	0,0245435555556	-0,233917530864
40,8	0,00358714174455	0,00807955555556	-0,305566419753
40,85	0,00358714174455	-0,00945155555556	-0,296673827161
40,9	0,00248954174455	-0,0237813333333	-0,226125925926
40,95	0,00111754174455	-0,0344524444444	-0,0979032098766
41	-0,00135205825545	-0,0358244444444	0,0733427160494
41,05	-0,00299845825545	-0,0257631111111	0,216555802469
41,1	-0,00409605825545	-0,0108235555556	0,289220987654
41,15	-0,00409605825545	0,005488	0,299468641975
41,2	-0,00354725825545	0,0211897777778	0,250093580247
41,25	-0,00190085825545	0,0338426666667	0,126190123457
41,3	0,000294341744545	0,0362817777778	-0,0476812345679
41,35	0,00221514174455	0,0278973333333	-0,199194074074
41,4	0,00331274174455	0,0132626666667	-0,283461975309
41,45	0,00358714174455	-0,00304888888889	-0,300823703704
41,5	0,00303834174455	-0,0195128888889	-0,250601728395
41,55	0,00139194174455	-0,0304888888889	-0,141942716049
41,6	-0,000254458255455	-0,0350622222222	0,000846913580245
41,65	-0,00244965825545	-0,0312511111111	0,157949382716
41,7	-0,00382165825545	-0,0176835555556	0,276686666667
41,75	-0,00437045825545	-0,000152444444444	0,317761975309
41,8	-0,00382165825545	0,0173786666667	0,278295802469
41,85	-0,00244965825545	0,0303364444444	0,171669382716
41,9	-0,000528858255455	0,0365866666667	0,0187167901235
41,95	0,00166634174455	0,0324706666667	-0,139486666667
42	0,00303834174455	0,02058	-0,253311851852
42,05	0,00386154174455	0,00472577777778	-0,30785308642
42,1	0,00358714174455	-0,0128053333333	-0,29455654321
42,15	0,00248954174455	-0,0277448888889	-0,207747901235
42,2	0,000568741744545	-0,0364342222222	-0,0575054320988
42,25	-0,00162645825545	-0,0344524444444	0,113232345679
42,3	-0,00327285825545	-0,0231715555556	0,243657037037
42,35	-0,00409605825545	-0,00731733333333	0,307683703704
42,4	-0,00409605825545	0,0103662222222	0,30056962963
42,45	-0,00299845825545	0,0262204444444	0,213337530864
42,5	-0,00107765825545	0,0335377777778	0,0785935802469
42,55	0,000568741744545	0,0346048888889	-0,072072345679
42,6	0,00276394174455	0,0265253333333	-0,220705679012
42,65	0,00358714174455	0,0102137777778	-0,313442716049
42,7	0,00386154174455	-0,008232	-0,324876049383
42,75	0,00276394174455	-0,0262204444444	-0,243572345679
42,8	0,000843141744545	-0,0353671111111	-0,0954471604938
42,85	-0,00107765825545	-0,0365866666667	0,0732580246914
42,9	-0,00327285825545	-0,0272875555556	0,222484197531
42,95	-0,00409605825545	-0,0111284444444	0,30014617284
43	-0,00437045825545	0,00564044444444	0,305651111111
43,05	-0,00354725825545	0,0221044444444	0,243233580247
43,1	-0,00190085825545	0,0324706666667	0,122124938272
43,15	1,99417445452E-005	0,0352146666667	-0,0224432098765
43,2	0,00194074174455	0,0300315555556	-0,163708395062
43,25	0,00331274174455	0,0175311111111	-0,271266419753
43,3	0,00386154174455	0,000914666666667	-0,324198518519
43,35	0,00358714174455	-0,0187506666667	-0,288628148148
43,4	0,00166634174455	-0,0318608888889	-0,165317530864
43,45	1,99417445452E-005	-0,0361293333333	-0,0129577777778
43,5	-0,00217525825545	-0,0335377777778	0,146685432099
43,55	-0,00382165825545	-0,0202751111111	0,273891851852
43,6	-0,00437045825545	-0,002744	0,323859753086
43,65	-0,00409605825545	0,0152444444444	0,295911604938
43,7	-0,00272405825545	0,0298791111111	0,192418765432
43,75	-0,000803258255455	0,0368915555556	0,034384691358
43,8	0,00139194174455	0,0339951111111	-0,136945925926
43,85	0,00303834174455	0,0210373333333	-0,262204444444
43,9	0,00358714174455	0,00472577777778	-0,315051851852
43,95	0,00358714174455	-0,0131102222222	-0,297181975309
44	0,00221514174455	-0,0286595555556	-0,195552345679
44,05	0,000294341744545	-0,0349097777778	-0,0427691358025
44,1	-0,00162645825545	-0,0326231111111	0,107812098765
44,15	-0,00327285825545	-0,0227142222222	0,226295308642
44,2	-0,00409605825545	-0,00777466666667	0,290321975309
44,25	-0,00409605825545	0,00853688888889	0,295149382716
44,3	-0,00327285825545	0,024696	0,228158518519
44,35	-0,00135205825545	0,0344524444444	0,0914666666667
44,4	0,000568741744545	0,0349097777778	-0,0713101234568
44,45	0,00248954174455	0,0266777777778	-0,218164938272
44,5	0,00358714174455	0,0105186666667	-0,304973580247
44,55	0,00358714174455	-0,00731733333333	-0,309462222222
44,6	0,00276394174455	-0,0231715555556	-0,241963209877
44,65	0,00111754174455	-0,0343	-0,109251851852
44,7	-0,00107765825545	-0,0359768888889	0,0604696296296
44,75	-0,00299845825545	-0,0265253333333	0,197500246914
44,8	-0,00382165825545	-0,0132626666667	0,271012345679
44,85	-0,00437045825545	0,00182933333333	0,30099308642
44,9	-0,00382165825545	0,0195128888889	0,264152345679
44,95	-0,00217525825545	0,0318608888889	0,148972098765
45	-0,000254458255455	0,035672	-0,000592839506175
45,05	0,00166634174455	0,0318608888889	-0,151936296296
45,1	0,00331274174455	0,0193604444444	-0,271605185185
45,15	0,00386154174455	0,00121955555556	-0,313781481482
45,2	0,00331274174455	-0,0152444444444	-0,278634567901
45,25	0,00221514174455	-0,0285071111111	-0,189200493827
45,3	0,000294341744545	-0,0365866666667	-0,044717037037
45,35	-0,00190085825545	-0,0343	0,12475037037
45,4	-0,00354725825545	-0,0225617777778	0,260425925926
45,45	-0,00437045825545	-0,00518311111111	0,324621975309
45,5	-0,00409605825545	0,0131102222222	0,307260246914
45,55	-0,00299845825545	0,0291168888889	0,205545925926
45,6	-0,000803258255455	0,0364342222222	0,0426844444444
45,65	0,00111754174455	0,0330804444444	-0,118398518519
45,7	0,00276394174455	0,0227142222222	-0,23925308642
45,75	0,00358714174455	0,00716488888889	-0,307175555556
45,8	0,00358714174455	-0,0106711111111	-0,305058271605
45,85	0,00248954174455	-0,0269826666667	-0,218419012346
45,9	0,000568741744545	-0,0358244444444	-0,0608083950617
45,95	-0,00162645825545	-0,0330804444444	0,101799012346
46	-0,00299845825545	-0,023324	0,21782617284
46,05	-0,00409605825545	-0,00945155555556	0,284647654321
46,1	-0,00409605825545	0,00746977777778	0,290576049383
46,15	-0,00327285825545	0,0225617777778	0,226210617284
46,2	-0,00162645825545	0,0324706666667	0,104424444444
46,25	0,000294341744545	0,0344524444444	-0,0503066666667
46,3	0,00221514174455	0,0271351111111	-0,196229876543
46,35	0,00331274174455	0,0125004444444	-0,287019012346
46,4	0,00358714174455	-0,00487822222222	-0,300654320988
46,45	0,00276394174455	-0,0210373333333	-0,234595061728
46,5	0,00111754174455	-0,0295742222222	-0,128984938272
46,55	-0,000254458255455	-0,0347573333333	0,00110098765432
46,6	-0,00272405825545	-0,0310986666667	0,158118765432
46,65	-0,00382165825545	-0,0175311111111	0,27998962963
46,7	-0,00464485825545	0,000304888888889	0,324960740741
46,75	-0,00382165825545	0,0189031111111	0,277618271605
46,8	-0,00244965825545	0,0307937777778	0,160998271605
46,85	-0,000528858255455	0,0365866666667	0,00558962962963
46,9	0,00166634174455	0,0318608888889	-0,157525925926
46,95	0,00303834174455	0,0184457777778	-0,26881037037
47	0,00358714174455	0,00213422222222	-0,311833580247
47,05	0,00331274174455	-0,0153968888889	-0,283716049383
47,1	0,00194074174455	-0,0295742222222	-0,177682469136
47,15	1,99417445452E-005	-0,0358244444444	-0,0162607407407
47,2	-0,00217525825545	-0,0306413333333	0,13677654321
47,25	-0,00327285825545	-0,019208	0,231630864198
47,3	-0,00409605825545	-0,00609777777778	0,284478271605
47,35	-0,00409605825545	0,0108235555556	0,287865925926
47,4	-0,00299845825545	0,0265253333333	0,207239753086
47,45	-0,00107765825545	0,0344524444444	0,061824691358
47,5	0,000843141744545	0,032928	-0,0946002469136
47,55	0,00248954174455	0,0240862222222	-0,228412592593
47,6	0,00358714174455	0,00777466666667	-0,305058271605
47,65	0,00331274174455	-0,00990888888889	-0,299553333333
47,7	0,00248954174455	-0,0251533333333	-0,21994345679
47,75	0,000568741744545	-0,0344524444444	-0,0794404938272
47,8	-0,00135205825545	-0,0343	0,0863004938272
47,85	-0,00327285825545	-0,024696	0,225702469136
47,9	-0,00409605825545	-0,00853688888889	0,294048395062
47,95	-0,00409605825545	0,00777466666667	0,287442469136
48	-0,00327285825545	0,0225617777778	0,219350617284
48,05	-0,00162645825545	0,0320133333333	0,0973950617284
48,1	0,000294341744545	0,0330804444444	-0,0451404938272
48,15	0,00194074174455	0,0271351111111	-0,178614074074
48,2	0,00331274174455	0,0140248888889	-0,277364197531
48,25	0,00358714174455	-0,00396355555556	-0,300484938272
48,3	0,00276394174455	-0,0195128888889	-0,243233580247
48,35	0,00139194174455	-0,0295742222222	-0,142112098765
48,4	-0,000254458255455	-0,0358244444444	0,00465802469136
48,45	-0,00272405825545	-0,0306413333333	0,173956049383
48,5	-0,00382165825545	-0,0149395555556	0,273891851852
48,55	-0,00409605825545	0,000304888888889	0,29413308642
48,6	-0,00382165825545	0,0160066666667	0,263305432099
48,65	-0,00244965825545	0,0294217777778	0,16591037037
48,7	-0,000528858255455	0,0349097777778	0,0176158024691
48,75	0,00139194174455	0,0317084444444	-0,141603950617
48,8	0,00303834174455	0,0193604444444	-0,265930864198
48,85	0,00358714174455	0,001372	-0,308361234568
48,9	0,00303834174455	-0,0147871111111	-0,272113333333
48,95	0,00194074174455	-0,0271351111111	-0,189115802469
49	0,000294341744545	-0,0362817777778	-0,0481893827161
49,05	-0,00217525825545	-0,0346048888889	0,1372
49,1	-0,00382165825545	-0,0196653333333	0,265507407407
49,15	-0,00409605825545	-0,00350622222222	0,298621728395
49,2	-0,00409605825545	0,0117382222222	0,278888641975
49,25	-0,00299845825545	0,0268302222222	0,196399259259
49,3	-0,00107765825545	0,0343	0,0532708641975
49,35	0,000843141744545	0,0324706666667	-0,0985807407408
49,4	0,00248954174455	0,0228666666667	-0,218334320988
49,45	0,00331274174455	0,008232	-0,281514074074
49,5	0,00331274174455	-0,00701244444444	-0,292693333333
49,55	0,00276394174455	-0,0240862222222	-0,230783950617
49,6	0,000568741744545	-0,0338426666667	-0,0889259259259
49,65	-0,00107765825545	-0,0333853333333	0,0682612345679
49,7	-0,00299845825545	-0,0262204444444	0,206477530864
49,75	-0,00409605825545	-0,0105186666667	0,289644444444
49,8	-0,00409605825545	0,00655511111111	0,287950617284
49,85	-0,00327285825545	0,02058	0,226041234568
49,9	-0,00190085825545	0,0306413333333	0,120600493827
49,95	1,99417445452E-005	0,0344524444444	-0,0247298765432
50	0,00194074174455	0,0289644444444	-0,182001728395
50,05	0,00331274174455	0,0144822222222	-0,295996296296
50,1	0,00358714174455	-0,00457333333333	-0,320133333333
50,15	0,00276394174455	-0,0216471111111	-0,249839506173
50,2	0,00111754174455	-0,0320133333333	-0,118737283951
50,25	-0,000803258255455	-0,0336902222222	0,0249839506173
50,3	-0,00244965825545	-0,0292693333333	0,160828888889
50,35	-0,00409605825545	-0,0167688888889	0,269403209877
50,4	-0,00437045825545	0,00106711111111	0,30268691358
50,45	-0,00382165825545	0,0163115555556	0,265422716049
50,5	-0,00272405825545	0,0298791111111	0,168535802469
50,55	-0,000528858255455	0,0359768888889	0,0130424691358
50,6	0,00139194174455	0,0309462222222	-0,140418271605
50,65	0,00276394174455	0,0199702222222	-0,251956790123
50,7	0,00358714174455	0,00396355555556	-0,312002962963
50,75	0,00331274174455	-0,0146346666667	-0,289559753086
50,8	0,00194074174455	-0,0289644444444	-0,179291604938
50,85	1,99417445452E-005	-0,0344524444444	-0,0242217283951
50,9	-0,00190085825545	-0,0306413333333	0,120261728395
50,95	-0,00327285825545	-0,02058	0,224178024691
51	-0,00409605825545	-0,00670755555556	0,285240493827
51,05	-0,00409605825545	0,0102137777778	0,287188395062
51,1	-0,00299845825545	0,0251533333333	0,215116049383
51,15	-0,00135205825545	0,0344524444444	0,0801180246914
51,2	0,000843141744545	0,0344524444444	-0,0843525925926
51,25	0,00248954174455	0,0250008888889	-0,22595654321
51,3	0,00358714174455	0,00945155555556	-0,30912345679
51,35	0,00358714174455	-0,00945155555556	-0,30742962963
51,4	0,00248954174455	-0,0248484444444	-0,222060740741
51,45	0,000843141744545	-0,0339951111111	-0,0818118518519
51,5	-0,00135205825545	-0,0332328888889	0,0681765432099
51,55	-0,00272405825545	-0,0257631111111	0,189793333333
51,6	-0,00409605825545	-0,0134151111111	0,281852839506
51,65	-0,00437045825545	0,00487822222222	0,311071358025
51,7	-0,00354725825545	0,0217995555556	0,249331358025
51,75	-0,00190085825545	0,0324706666667	0,122971851852
51,8	1,99417445452E-005	0,0350622222222	-0,0303195061728
51,85	0,00194074174455	0,0292693333333	-0,176920246914
51,9	0,00331274174455	0,0153968888889	-0,277872345679
51,95	0,00358714174455	-0,00167688888889	-0,30700617284
52	0,00303834174455	-0,0172262222222	-0,277533580247
52,05	0,00194074174455	-0,0323182222222	-0,175903950617
52,1	-0,000528858255455	-0,0391782222222	0,0100782716049
52,15	-0,00272405825545	-0,0307937777778	0,186659753086
52,2	-0,00382165825545	-0,0163115555556	0,280497777778
52,25	-0,00437045825545	0	0,304719506173
52,3	-0,00382165825545	0,0160066666667	0,272367407407
52,35	-0,00272405825545	0,0298791111111	0,176158024691
52,4	-0,000528858255455	0,0364342222222	0,020410617284
52,45	0,00139194174455	0,0323182222222	-0,14406
52,5	0,00303834174455	0,0199702222222	-0,262712592593
52,55	0,00358714174455	0,00289644444444	-0,308022469136
52,6	0,00331274174455	-0,0141773333333	-0,274061234568
52,65	0,00194074174455	-0,0263728888889	-0,187252592593
52,7	0,000568741744545	-0,0346048888889	-0,0578441975309
52,75	-0,00190085825545	-0,0338426666667	0,1029
52,8	-0,00327285825545	-0,0230191111111	0,234933827161
52,85	-0,00437045825545	-0,00746977777778	0,302178765432
52,9	-0,00409605825545	0,0100613333333	0,297351358025
52,95	-0,00327285825545	0,0251533333333	0,220959753086
53	-0,00135205825545	0,0346048888889	0,0863851851852
53,05	0,000568741744545	0,0349097777778	-0,0741896296296
53,1	0,00248954174455	0,0266777777778	-0,220875061728
53,15	0,00358714174455	0,0103662222222	-0,309208148148
53,2	0,00358714174455	-0,00777466666667	-0,313019259259
53,25	0,00276394174455	-0,0243911111111	-0,234595061728
53,3	0,000843141744545	-0,0339951111111	-0,0930758024691
53,35	-0,00107765825545	-0,0336902222222	0,0550493827161
53,4	-0,00272405825545	-0,02744	0,181324197531
53,45	-0,00409605825545	-0,0144822222222	0,274484691358
53,5	-0,00437045825545	0,00259155555556	0,304465432099
53,55	-0,00382165825545	0,0193604444444	0,256953580247
53,6	-0,00217525825545	0,0306413333333	0,148718024691
53,65	-0,000528858255455	0,0355195555556	0,00491209876543
53,7	0,00166634174455	0,0326231111111	-0,163454320988
53,75	0,00331274174455	0,0176835555556	-0,294387160494
53,8	0,00358714174455	-0,001372	-0,327332098765
53,85	0,00303834174455	-0,0182933333333	-0,277702962963
53,9	0,00166634174455	-0,0318608888889	-0,159135061728
53,95	-0,000528858255455	-0,0364342222222	0,0065212345679
54	-0,00244965825545	-0,0304888888889	0,158372839506
54,05	-0,00382165825545	-0,0181408888889	0,258054567901
54,1	-0,00437045825545	-0,00243911111111	0,30014617284
54,15	-0,00409605825545	0,0138724444444	0,284732345679
54,2	-0,00299845825545	0,0292693333333	0,194112592593
54,25	-0,000803258255455	0,0364342222222	0,0362479012346
54,3	0,00111754174455	0,032928	-0,126359506173
54,35	0,00276394174455	0,0221044444444	-0,251109876543
54,4	0,00358714174455	0,00518311111111	-0,310309135803
54,45	0,00331274174455	-0,012348	-0,288204691358
54,5	0,00221514174455	-0,0266777777778	-0,194959506173
54,55	0,000294341744545	-0,0332328888889	-0,0634338271605
54,6	-0,00135205825545	-0,0330804444444	0,0744437037037
54,65	-0,00327285825545	-0,026068	0,211135555556
54,7	-0,00437045825545	-0,0102137777778	0,302856296296
54,75	-0,00437045825545	0,00777466666667	0,312511111111
54,8	-0,00354725825545	0,0245435555556	0,238490864198
54,85	-0,00162645825545	0,0344524444444	0,0977338271605
54,9	0,000294341744545	0,0350622222222	-0,0631797530864
54,95	0,00221514174455	0,0272875555556	-0,205291851852
55	0,00331274174455	0,0125004444444	-0,297436049383
55,05	0,00358714174455	-0,00533555555556	-0,318185432099
55,1	0,00276394174455	-0,0225617777778	-0,259324938272
55,15	0,00111754174455	-0,0344524444444	-0,125936049383
55,2	-0,00107765825545	-0,0368915555556	0,0463261728395
55,25	-0,00299845825545	-0,0292693333333	0,204275555556
55,3	-0,00437045825545	-0,0134151111111	0,294810617284
55,35	-0,00437045825545	0,00396355555556	0,300654320988
55,4	-0,00382165825545	0,0185982222222	0,250347654321
55,45	-0,00244965825545	0,0306413333333	0,152783209877
55,5	-0,000528858255455	0,0364342222222	0,00194790123457
55,55	0,00166634174455	0,0317084444444	-0,163623703704
55,6	0,00303834174455	0,017836	-0,28041308642
55,65	0,00358714174455	0,000152444444444	-0,315898765432
55,7	0,00303834174455	-0,0170737777778	-0,271351111111
55,75	0,00166634174455	-0,0295742222222	-0,162861481482
55,8	-0,000254458255455	-0,0341475555556	-0,027270617284
55,85	-0,00190085825545	-0,0332328888889	0,124157530864
55,9	-0,00409605825545	-0,0214946666667	0,26110345679
55,95	-0,00437045825545	-0,002744	0,307768395062
56	-0,00409605825545	0,0120431111111	0,283716049383
56,05	-0,00327285825545	0,02744	0,205207160494
56,1	-0,00107765825545	0,0359768888889	0,0553881481482
56,15	0,000843141744545	0,0333853333333	-0,106033580247
56,2	0,00248954174455	0,0240862222222	-0,23882962963
56,25	0,00358714174455	0,00731733333333	-0,31513654321
56,3	0,00331274174455	-0,0114333333333	-0,30014617284
56,35	0,00221514174455	-0,0256106666667	-0,212914074074
56,4	0,000568741744545	-0,0346048888889	-0,0772385185185
56,45	-0,00162645825545	-0,0344524444444	0,0813037037037
56,5	-0,00327285825545	-0,0253057777778	0,214015061728
56,55	-0,00437045825545	-0,0105186666667	0,28939037037
56,6	-0,00437045825545	0,00594533333333	0,30311037037
56,65	-0,00382165825545	0,0225617777778	0,247298765432
56,7	-0,00190085825545	0,0339951111111	0,117720987654
56,75	1,99417445452E-005	0,0355195555556	-0,0419222222222
56,8	0,00194074174455	0,0292693333333	-0,189623950617
56,85	0,00331274174455	0,0147871111111	-0,293032098765
56,9	0,00358714174455	-0,00365866666667	-0,315221234568
56,95	0,00276394174455	-0,019208	-0,269911358025
57	0,00166634174455	-0,032928	-0,163030864198
57,05	-0,000803258255455	-0,0393306666667	0,0180392592593
57,1	-0,00299845825545	-0,0307937777778	0,191910617284
57,15	-0,00409605825545	-0,0161591111111	0,286172098765
57,2	-0,00464485825545	0,000457333333333	0,312511111111
57,25	-0,00409605825545	0,0175311111111	0,272367407407
57,3	-0,00272405825545	0,0303364444444	0,168366419753
57,35	-0,000803258255455	0,0365866666667	0,0146516049383
57,4	0,00139194174455	0,0323182222222	-0,149819012346
57,45	0,00276394174455	0,0198177777778	-0,273044938272
57,5	0,00358714174455	0,00213422222222	-0,325892345679
57,55	0,00303834174455	-0,0166164444444	-0,288797530864
57,6	0,00166634174455	-0,0298791111111	-0,176158024691
57,65	-0,000254458255455	-0,0355195555556	-0,02744
57,7	-0,00217525825545	-0,0333853333333	0,133812345679
57,75	-0,00409605825545	-0,02058	0,257885185185
57,8	-0,00437045825545	-0,00381111111111	0,300061481482
57,85	-0,00437045825545	0,0115857777778	0,281852839506
57,9	-0,00327285825545	0,0268302222222	0,200887901235
57,95	-0,00135205825545	0,0344524444444	0,0601308641975
58	0,000568741744545	0,0330804444444	-0,0904503703704
58,05	0,00221514174455	0,0245435555556	-0,22079037037
58,1	0,00331274174455	0,00929911111111	-0,304550123457
58,15	0,00331274174455	-0,00945155555556	-0,305142962963
58,2	0,00221514174455	-0,0248484444444	-0,221552592593
58,25	0,000568741744545	-0,0339951111111	-0,0817271604938
58,3	-0,00162645825545	-0,0332328888889	0,0681765432099
58,35	-0,00299845825545	-0,0257631111111	0,189793333333
58,4	-0,00437045825545	-0,0134151111111	0,281852839506
58,45	-0,00464485825545	0,00487822222222	0,311071358025
58,5	-0,00382165825545	0,0217995555556	0,249331358025
58,55	-0,00217525825545	0,0324706666667	0,122887160494
58,6	-0,000254458255455	0,0350622222222	-0,030827654321
58,65	0,00166634174455	0,0292693333333	-0,179122222222
58,7	0,00303834174455	0,0152444444444	-0,281852839506
58,75	0,00331274174455	-0,00213422222222	-0,309462222222
58,8	0,00276394174455	-0,0184457777778	-0,265083950617
58,85	0,00139194174455	-0,0317084444444	-0,148294567901
58,9	-0,000803258255455	-0,0358244444444	0,0199871604938
58,95	-0,00272405825545	-0,0285071111111	0,166164444444
59	-0,00382165825545	-0,0161591111111	0,250347654321
59,05	-0,00437045825545	-0,00182933333333	0,28727308642
59,1	-0,00409605825545	0,0140248888889	0,276686666667
59,15	-0,00299845825545	0,0292693333333	0,188353580247
59,2	-0,000803258255455	0,0362817777778	0,0282022222222
59,25	0,00111754174455	0,0323182222222	-0,139232592593
59,3	0,00276394174455	0,0201226666667	-0,258816790123
59,35	0,00331274174455	0,00320133333333	-0,302517530864
59,4	0,00303834174455	-0,0129577777778	-0,27482345679
59,45	0,00194074174455	-0,0268302222222	-0,184542469136
59,5	1,99417445452E-005	-0,0330804444444	-0,0525933333333
59,55	-0,00162645825545	-0,0324706666667	0,0901116049383
59,6	-0,00354725825545	-0,0239337777778	0,223500493827
59,65	-0,00437045825545	-0,00777466666667	0,300484938272
59,7	-0,00437045825545	0,00975644444444	0,29455654321
59,75	-0,00327285825545	0,024696	0,215691950617
59,8	-0,00162645825545	0,0330804444444	0,0920933827158
59,85	0,000294341744545	0,0344524444444	-0,0423287407414
59,9	0,00221514174455	0,0277143999999	-0,145940148149
59,95	0,00331274174455	0,0163115555554	-0,186210888887
60	0,00331274174455	0,00701244444437	-0,192486518514
