0,05	-0,00382165825545	-0,218605333333	1,13403422222
0,1	-0,0161696582555	-0,172186	1,39552725926
0,15	-0,0249504582555	-0,0917410666667	1,68850007407
0,2	-0,0260480582555	0,00365866666667	1,8321874321
0,25	-0,0244016582555	0,102137777778	1,71677004938
0,3	-0,0158952582555	0,193452	1,17922553086
0,35	-0,00299845825545	0,237508444444	0,263390123457
0,4	0,0104471417445	0,222111555556	-0,723433580247
0,45	0,0211487417445	0,157170222222	-1,53003407407
0,5	0,0277343417445	0,0547275555556	-1,98126962963
0,55	0,0271855417445	-0,0608253333333	-1,95730197531
0,6	0,0208743417445	-0,159152	-1,48989037037
0,65	0,00989834174455	-0,223026222222	-0,695485432099
0,7	-0,00354725825545	-0,235526666667	0,26025654321
0,75	-0,0158952582555	-0,194061777778	1,14765259259
0,8	-0,0246760582555	-0,110064888889	1,77648592593
0,85	-0,0279688582555	-0,000304888888889	2,01209728395
0,9	-0,0246760582555	0,109302666667	1,80130049383
0,95	-0,0161696582555	0,196348444444	1,18872790123
1	-0,00327285825545	0,240709777778	0,283038518519
1,05	0,0104471417445	0,226075111111	-0,679309382716
1,1	0,0208743417445	0,167841333333	-1,51555185185
1,15	0,0291063417445	0,0660084444444	-2,08992864198
1,2	0,0291063417445	-0,0666182222222	-2,08882765432
1,25	0,0208743417445	-0,169060888889	-1,50318691358
1,3	0,0101727417445	-0,225617777778	-0,655765185185
1,35	-0,00327285825545	-0,237813333333	0,287611851852
1,4	-0,0158952582555	-0,195433777778	1,17280592593
1,45	-0,0246760582555	-0,109150222222	1,78419283951
1,5	-0,0276944582555	-0,000304888888889	1,9952437037
1,55	-0,0246760582555	0,108083111111	1,77191259259
1,6	-0,0158952582555	0,19208	1,17475382716
1,65	-0,00382165825545	0,235984	0,321064938272
1,7	0,00989834174455	0,227142222222	-0,61867037037
1,75	0,0205999417445	0,171957333333	-1,4849782716
1,8	0,0291063417445	0,0704293333333	-2,09873654321
1,85	0,0293807417445	-0,0643315555556	-2,1187237037
1,9	0,0211487417445	-0,169518222222	-1,5192782716
1,95	0,0101727417445	-0,225160444444	-0,653393827161
2	-0,00299845825545	-0,235679111111	0,271351111111
2,05	-0,0153464582555	-0,196958222222	1,14409555556
2,1	-0,0246760582555	-0,112351555556	1,78393876543
2,15	-0,0276944582555	-0,00121955555556	2,0131982716
2,2	-0,0246760582555	0,108083111111	1,78300716049
2,25	-0,0158952582555	0,192994666667	1,16374395062
2,3	-0,00354725825545	0,234307111111	0,297605432099
2,35	0,00962394174455	0,224550666667	-0,630188395062
2,4	0,0205999417445	0,169060888889	-1,47904987654
2,45	0,0285575417445	0,0675328888889	-2,06087950617
2,5	0,0288319417445	-0,0626546666667	-2,06714666667
2,55	0,0208743417445	-0,165249777778	-1,49217703704
2,6	0,0101727417445	-0,220434666667	-0,661608888889
2,65	-0,00272405825545	-0,232782666667	0,236712345679
2,7	-0,0150720582555	-0,195891111111	1,09345012346
2,75	-0,0241272582555	-0,115857777778	1,7476908642
2,8	-0,0279688582555	-0,00564044444444	2,03208444444
2,85	-0,0246760582555	0,106253777778	1,85897530864
2,9	-0,0164440582555	0,196043555556	1,27900888889
2,95	-0,00382165825545	0,250161333333	0,336055308642
3	0,0115447417445	0,237051111111	-0,754007160494
3,05	0,0225207417445	0,163115555556	-1,60278395062
3,1	0,0288319417445	0,0596057777778	-2,04699012346
3,15	0,0291063417445	-0,0582337777778	-2,0521562963
3,2	0,0227951417445	-0,166774222222	-1,5588291358
3,25	0,0104471417445	-0,230800888889	-0,683120493827
3,3	-0,00272405825545	-0,237660888889	0,284308888889
3,35	-0,0150720582555	-0,197872888889	1,1514637037
3,4	-0,0244016582555	-0,113113777778	1,77335234568
3,45	-0,0274200582555	-0,00381111111111	1,99185604938
3,5	-0,0246760582555	0,103967111111	1,77419925926
3,55	-0,0161696582555	0,189793333333	1,16408271605
3,6	-0,00382165825545	0,230953333333	0,300484938272
3,65	0,00907514174455	0,221044444444	-0,611132839506
3,7	0,0200511417445	0,164792444444	-1,40409802469
3,75	0,0269111417445	0,0733257777778	-1,96805777778
3,8	0,0291063417445	-0,0512213333333	-2,0674854321
3,85	0,0211487417445	-0,161591111111	-1,55366296296
3,9	0,0104471417445	-0,21952	-0,70742691358
3,95	-0,00244965825545	-0,23324	0,210203950617
4	-0,0147976582555	-0,197415555556	1,08421876543
4,05	-0,0241272582555	-0,11662	1,74040740741
4,1	-0,0276944582555	-0,00670755555556	2,00244246914
4,15	-0,0246760582555	0,101985333333	1,82018666667
4,2	-0,0167184582555	0,191165333333	1,24276098765
4,25	-0,00382165825545	0,237965777778	0,374420493827
4,3	0,00907514174455	0,234307111111	-0,623582469136
4,35	0,0219719417445	0,173481777778	-1,54180617284
4,4	0,0285575417445	0,064484	-2,08103604938
4,45	0,0291063417445	-0,0600631111111	-2,04351777778
4,5	0,0214231417445	-0,161591111111	-1,49505654321
4,55	0,0109959417445	-0,218300444444	-0,69328345679
4,6	-0,00190085825545	-0,234002222222	0,201819506173
4,65	-0,0145232582555	-0,198025333333	1,07159975309
4,7	-0,0235784582555	-0,117839555556	1,71694790123
4,75	-0,0274200582555	-0,0105186666667	1,98499604938
4,8	-0,0246760582555	0,0984791111111	1,82077950617
4,85	-0,0167184582555	0,187201777778	1,26613580247
4,9	-0,00437045825545	0,236441333333	0,423710864198
4,95	0,00880074174455	0,237051111111	-0,57793382716
5	0,0219719417445	0,176835555556	-1,51055506173
5,05	0,0285575417445	0,0684475555556	-2,03919851852
5,1	0,0291063417445	-0,0490871111111	-2,04885333333
5,15	0,0233439417445	-0,15778	-1,55671185185
5,2	0,0109959417445	-0,216318666667	-0,760274320988
5,25	0,000294341744545	-0,235374222222	0,115942469136
5,3	-0,0142488582555	-0,208696444444	1,04178839506
5,35	-0,0233040582555	-0,122870222222	1,75107851852
5,4	-0,0274200582555	-0,01372	2,01091160494
5,45	-0,0246760582555	0,0971071111111	1,80985432099
5,5	-0,0167184582555	0,183390666667	1,20871506173
5,55	-0,00464485825545	0,228209333333	0,358244444444
5,6	0,00825194174455	0,221806666667	-0,56252
5,65	0,0195023417445	0,166316888889	-1,35692493827
5,7	0,0260879417445	0,0777466666667	-1,91012888889
5,75	0,0288319417445	-0,0414648888889	-2,04173925926
5,8	0,0216975417445	-0,153511555556	-1,58034074074
5,85	0,0109959417445	-0,214032	-0,759850864198
5,9	-0,00135205825545	-0,230953333333	0,145923209877
5,95	-0,0139744582555	-0,199092444444	1,02654395062
6	-0,0233040582555	-0,120126222222	1,69170987654
6,05	-0,0271456582555	-0,0134151111111	1,96754962963
6,1	-0,0246760582555	0,0949728888889	1,80477283951
6,15	-0,0167184582555	0,182171111111	1,26096962963
6,2	-0,00491925825545	0,230953333333	0,452251851852
6,25	0,00797754174455	0,235984	-0,539653333333
6,3	0,0214231417445	0,177597777778	-1,50242469136
6,35	0,0280087417445	0,0684475555556	-2,06409777778
6,4	0,0288319417445	-0,0550324444444	-2,0358108642
6,45	0,0214231417445	-0,156408	-1,50064617284
6,5	0,0112703417445	-0,213574666667	-0,715896049383
6,55	-0,00135205825545	-0,231258222222	0,164894074074
6,6	-0,0139744582555	-0,197568	1,03171012346
6,65	-0,0230296582555	-0,118906666667	1,67341654321
6,7	-0,0268712582555	-0,0147871111111	1,94409012346
6,75	-0,0246760582555	0,0931435555556	1,78309185185
6,8	-0,0167184582555	0,180341777778	1,21608320988
6,85	-0,00491925825545	0,225922666667	0,379840740741
6,9	0,00797754174455	0,221349333333	-0,538806419753
6,95	0,0192279417445	0,166621777778	-1,33727654321
7	0,0258135417445	0,0794235555556	-1,89725580247
7,05	0,0288319417445	-0,0402453333333	-2,03098345679
7,1	0,0214231417445	-0,15092	-1,57000839506
7,15	0,0112703417445	-0,210525777778	-0,770521975309
7,2	-0,00107765825545	-0,229886222222	0,122040246914
7,25	-0,0137000582555	-0,19894	1,00638740741
7,3	-0,0230296582555	-0,120736	1,67231555556
7,35	-0,0268712582555	-0,0153968888889	1,95069604938
7,4	-0,0246760582555	0,0928386666667	1,78080518519
7,45	-0,0167184582555	0,179579555556	1,20431111111
7,5	-0,00491925825545	0,223636	0,374420493827
7,55	0,00770314174455	0,218605333333	-0,51492345679
7,6	0,0186791417445	0,167841333333	-1,30356938272
7,65	0,0258135417445	0,08232	-1,89251308642
7,7	0,0288319417445	-0,0400928888889	-2,03250790123
7,75	0,0211487417445	-0,149090666667	-1,56204740741
7,8	0,0115447417445	-0,208391555556	-0,772131111111
7,85	-0,00107765825545	-0,228514222222	0,112554814815
7,9	-0,0134256582555	-0,196653333333	0,970732345679
7,95	-0,0224808582555	-0,123022666667	1,6173508642
8	-0,0268712582555	-0,0213422222222	1,92825283951
8,05	-0,0249504582555	0,0876555555556	1,80545037037
8,1	-0,0172672582555	0,176530666667	1,26435728395
8,15	-0,00574245825545	0,226684888889	0,424811851852
8,2	0,00770314174455	0,223178666667	-0,518565185185
8,25	0,0186791417445	0,167993777778	-1,31906790123
8,3	0,0255391417445	0,0824724444444	-1,87269530864
8,35	0,0285575417445	-0,0353671111111	-2,01743283951
8,4	0,0216975417445	-0,145279555556	-1,58762419753
8,45	0,0118191417445	-0,208544	-0,802535308642
8,5	-0,000803258255455	-0,228819111111	0,0984113580247
8,55	-0,0131512582555	-0,197263111111	0,961162222222
8,6	-0,0222064582555	-0,124547111111	1,61438666667
8,65	-0,0268712582555	-0,021952	1,92325604938
8,7	-0,0246760582555	0,0865884444444	1,78410814815
8,75	-0,0172672582555	0,173329333333	1,23928864198
8,8	-0,00574245825545	0,221044444444	0,43302691358
8,85	0,00687994174455	0,219824888889	-0,462245432099
8,9	0,0181303417445	0,170737777778	-1,26495012346
8,95	0,0252647417445	0,0865884444444	-1,85973753086
9	0,0285575417445	-0,0324706666667	-2,02920493827
9,05	0,0216975417445	-0,143907555556	-1,59626271605
9,1	0,0118191417445	-0,206409777778	-0,806177037037
9,15	-0,000528858255455	-0,226837333333	0,0837597530864
9,2	-0,0128768582555	-0,196805777778	0,937956790123
9,25	-0,0219320582555	-0,125156888889	1,58940271605
9,3	-0,0265968582555	-0,0243911111111	1,90665654321
9,35	-0,0246760582555	0,0832346666667	1,79223851852
9,4	-0,0175416582555	0,172567111111	1,25360148148
9,45	-0,00574245825545	0,221501777778	0,410075555556
9,5	0,00687994174455	0,216623555556	-0,513144938272
9,55	0,0178559417445	0,163877777778	-1,29298296296
9,6	0,0247159417445	0,0753075555556	-1,77767160494
9,65	0,0260879417445	-0,0300315555556	-1,86600469136
9,7	0,0214231417445	-0,128358222222	-1,53816444444
9,75	0,0120935417445	-0,198177777778	-0,862920246914
9,8	-0,000254458255455	-0,223026222222	0,0142281481482
9,85	-0,0123280582555	-0,196500888889	0,888242962963
9,9	-0,0216576582555	-0,126528888889	1,57153283951
9,95	-0,0263224582555	-0,0250008888889	1,90267604938
10	-0,0244016582555	0,0824724444444	1,78444691358
10,05	-0,0172672582555	0,170585333333	1,2517382716
10,1	-0,00574245825545	0,21952	0,434805432099
10,15	0,00687994174455	0,217080888889	-0,46520962963
10,2	0,0178559417445	0,166926666667	-1,23437654321
10,25	0,0247159417445	0,0858262222222	-1,78241432099
10,3	0,0280087417445	-0,0272875555556	-1,93892395062
10,35	0,0214231417445	-0,129577777778	-1,59905753086
10,4	0,0137399417445	-0,200921777778	-0,910432098765
10,45	-0,000254458255455	-0,230800888889	0,0150750617284
10,5	-0,0120536582555	-0,198787555556	0,925083703704
10,55	-0,0216576582555	-0,127443555556	1,58711604938
10,6	-0,0260480582555	-0,0257631111111	1,89446098765
10,65	-0,0244016582555	0,0798808888889	1,76649234568
10,7	-0,0172672582555	0,166621777778	1,25148419753
10,75	-0,00629125825545	0,217080888889	0,44632345679
10,8	0,00660554174455	0,215861333333	-0,466649382716
10,85	0,0173071417445	0,165554666667	-1,26444197531
10,9	0,0247159417445	0,0774417777778	-1,77055753086
10,95	0,0258135417445	-0,028812	-1,85990691358
11	0,0214231417445	-0,125919111111	-1,52706987654
11,05	0,0120935417445	-0,195281333333	-0,856060246914
11,1	1,99417445452E-005	-0,219215111111	0,00372641975309
11,15	-0,0117792582555	-0,194976444444	0,862496790123
11,2	-0,0213832582555	-0,125309333333	1,5334217284
11,25	-0,0254992582555	-0,0266777777778	1,8485582716
11,3	-0,0241272582555	0,0756124444444	1,76183432099
11,35	-0,0175416582555	0,165707111111	1,27477432099
11,4	-0,00601685825545	0,217843111111	0,45191308642
11,45	0,00660554174455	0,215404	-0,477913333333
11,5	0,0175815417445	0,162963111111	-1,25749728395
11,55	0,0241671417445	0,0774417777778	-1,74049209877
11,6	0,0260879417445	-0,0259155555556	-1,84982864198
11,65	0,0214231417445	-0,124852	-1,53994296296
11,7	0,0123679417445	-0,194366666667	-0,879096296296
11,75	0,000294341744545	-0,221654222222	-0,0071987654321
11,8	-0,0120536582555	-0,195586222222	0,873845432099
11,85	-0,0211088582555	-0,124699555556	1,53426864198
11,9	-0,0254992582555	-0,0283546666667	1,85414790123
11,95	-0,0244016582555	0,0774417777778	1,76302
12	-0,0169928582555	0,164944888889	1,26850716049
12,05	-0,00629125825545	0,214946666667	0,504929876543
12,1	0,00633114174455	0,219215111111	-0,369254320988
12,15	0,0173071417445	0,17836	-1,22040246914
12,2	0,0263623417445	0,0893324444444	-1,84932049383
12,25	0,0277343417445	-0,0310986666667	-1,94519111111
12,3	0,0216975417445	-0,124699555556	-1,5719562963
12,35	0,0145631417445	-0,196958222222	-0,930927407407
12,4	0,000568741744545	-0,229886222222	-0,0286256790123
12,45	-0,0112304582555	-0,200769333333	0,884685925926
12,5	-0,0211088582555	-0,130644888889	1,55993012346
12,55	-0,0254992582555	-0,0304888888889	1,88243481481
12,6	-0,0244016582555	0,0751551111111	1,77369111111
12,65	-0,0172672582555	0,163268	1,26605111111
12,7	-0,00656565825545	0,214184444444	0,463177037037
12,75	0,00633114174455	0,213574666667	-0,437346172839
12,8	0,0167583417445	0,164792444444	-1,21218740741
12,85	0,0241671417445	0,0815577777778	-1,71906518519
12,9	0,0258135417445	-0,0224093333333	-1,84686444444
12,95	0,0216975417445	-0,120736	-1,55044469136
13	0,0126423417445	-0,192384888889	-0,894848888889
13,05	0,000568741744545	-0,218605333333	-0,0349775308642
13,1	-0,0112304582555	-0,195738666667	0,82489382716
13,15	-0,0208344582555	-0,128358222222	1,49759728395
13,2	-0,0252248582555	-0,0323182222222	1,83593925926
13,25	-0,0244016582555	0,0716488888889	1,76928716049
13,3	-0,0175416582555	0,161743555556	1,29323703704
13,35	-0,00656565825545	0,213574666667	0,510519506173
13,4	0,00578234174455	0,216623555556	-0,380348888889
13,45	0,0167583417445	0,175311111111	-1,23039604938
13,5	0,0258135417445	0,0817102222222	-1,79266197531
13,55	0,0255391417445	-0,0285071111111	-1,82916395062
13,6	0,0214231417445	-0,112504	-1,53807975309
13,65	0,0145631417445	-0,191470222222	-0,976152592593
13,7	0,000568741744545	-0,227599555556	-0,065127654321
13,75	-0,0112304582555	-0,198635111111	0,860718271605
13,8	-0,0208344582555	-0,129120444444	1,52808617284
13,85	-0,0252248582555	-0,0314035555556	1,84093604938
13,9	-0,0241272582555	0,0702768888889	1,76234246914
13,95	-0,0178160582555	0,160371555556	1,30356938272
14	-0,00656565825545	0,214489333333	0,517972345679
14,05	0,00578234174455	0,216776	-0,388987407407
14,1	0,0167583417445	0,174853777778	-1,24708024691
14,15	0,0258135417445	0,079576	-1,80324839506
14,2	0,0252647417445	-0,0307937777778	-1,81696839506
14,25	0,0211487417445	-0,113723555556	-1,50056148148
14,3	0,0140143417445	-0,189031111111	-0,934992592593
14,35	0,000568741744545	-0,222416444444	-0,0612318518519
14,4	-0,0109560582555	-0,196043555556	0,832431358025
14,45	-0,0205600582555	-0,129425333333	1,51292641975
14,5	-0,0252248582555	-0,0307937777778	1,84788074074
14,55	-0,0238528582555	0,0730208888889	1,7519254321
14,6	-0,0172672582555	0,160676444444	1,2585982716
14,65	-0,00629125825545	0,211592888889	0,462922962963
14,7	0,00605674174455	0,211135555556	-0,434127901235
14,75	0,0167583417445	0,163115555556	-1,21396592593
14,8	0,0238927417445	0,0780515555556	-1,71017259259
14,85	0,0252647417445	-0,0242386666667	-1,81053185185
14,9	0,0211487417445	-0,119211555556	-1,51207950617
14,95	0,0123679417445	-0,189488444444	-0,873337283951
15	0,000294341744545	-0,214641777778	-0,0360785185185
15,05	-0,0109560582555	-0,193299555556	0,809310617284
15,1	-0,0208344582555	-0,127900888889	1,49954518519
15,15	-0,0252248582555	-0,028812	1,84059728395
15,2	-0,0238528582555	0,0748502222222	1,73964518519
15,25	-0,0169928582555	0,160828888889	1,25292395062
15,3	-0,00629125825545	0,211288	0,484095802469
15,35	0,00605674174455	0,213727111111	-0,401606419753
15,4	0,0167583417445	0,171804888889	-1,26207061728
15,45	0,0258135417445	0,0756124444444	-1,82747012346
15,5	0,0249903417445	-0,037044	-1,83212814815
15,55	0,0205999417445	-0,122870222222	-1,44695185185
15,6	0,0120935417445	-0,188726222222	-0,835226172839
15,65	0,000294341744545	-0,216166222222	-0,0121108641975
15,7	-0,0117792582555	-0,192232444444	0,845981975309
15,75	-0,0208344582555	-0,122565333333	1,50267876543
15,8	-0,0249504582555	-0,0282022222222	1,82298148148
15,85	-0,0241272582555	0,0759173333333	1,73998395062
15,9	-0,0167184582555	0,163572888889	1,23962740741
15,95	-0,00601685825545	0,211440444444	0,454877283951
16	0,00633114174455	0,211745333333	-0,415919259259
16,05	0,0167583417445	0,169213333333	-1,24115185185
16,1	0,0255391417445	0,0771368888889	-1,79647308642
16,15	0,0252647417445	-0,0333853333333	-1,84381555556
16,2	0,0211487417445	-0,124547111111	-1,47024197531
16,25	0,0118191417445	-0,189945777778	-0,827942716049
16,3	0,000568741744545	-0,214489333333	-0,0127883950617
16,35	-0,0115048582555	-0,193299555556	0,832770123457
16,4	-0,0208344582555	-0,123937333333	1,5013237037
16,45	-0,0249504582555	-0,0280497777778	1,81451234568
16,5	-0,0238528582555	0,0737831111111	1,72685679012
16,55	-0,0169928582555	0,160371555556	1,25521061728
16,6	-0,00629125825545	0,211135555556	0,493411851852
16,65	0,00605674174455	0,214032	-0,385260987654
16,7	0,0167583417445	0,173024444444	-1,23937333333
16,75	0,0258135417445	0,0794235555556	-1,82188049383
16,8	0,0255391417445	-0,0338426666667	-1,86600469136
16,85	0,0211487417445	-0,124089777778	-1,49073728395
16,9	0,0123679417445	-0,19208	-0,849454320988
16,95	0,000294341744545	-0,217843111111	-0,00838444444444
17	-0,0115048582555	-0,194366666667	0,851825679012
17,05	-0,0211088582555	-0,124242222222	1,51639876543
17,1	-0,0249504582555	-0,0278973333333	1,82831703704
17,15	-0,0241272582555	0,0742404444444	1,75158666667
17,2	-0,0169928582555	0,162963111111	1,28688518519
17,25	-0,00629125825545	0,214794222222	0,521275308642
17,3	0,00605674174455	0,223636	-0,427521975309
17,35	0,0186791417445	0,172567111111	-1,34168049383
17,4	0,0258135417445	0,0693622222222	-1,82713135802
17,45	0,0252647417445	-0,0344524444444	-1,78309185185
17,5	0,0211487417445	-0,115857777778	-1,48252222222
17,55	0,0140143417445	-0,192384888889	-0,915852345679
17,6	1,99417445452E-005	-0,224093333333	-0,0224432098765
17,65	-0,0112304582555	-0,194214222222	0,868933333333
17,7	-0,0208344582555	-0,125766666667	1,51716098765
17,75	-0,0249504582555	-0,0286595555556	1,82069481481
17,8	-0,0238528582555	0,0721062222222	1,72728024691
17,85	-0,0172672582555	0,159914222222	1,24835061728
17,9	-0,00629125825545	0,209916	0,464362716049
17,95	0,00578234174455	0,210678222222	-0,425658765432
18	0,0167583417445	0,162963111111	-1,2126108642
18,05	0,0236183417445	0,0777466666667	-1,715
18,1	0,0252647417445	-0,0250008888889	-1,81781530864
18,15	0,0208743417445	-0,121650666667	-1,49819012346
18,2	0,0118191417445	-0,188421333333	-0,845643209877
18,25	0,000294341744545	-0,21266	-0,0245604938272
18,3	-0,0112304582555	-0,191775111111	0,811427901235
18,35	-0,0208344582555	-0,125004444444	1,48065901235
18,4	-0,0249504582555	-0,0289644444444	1,80240148148
18,45	-0,0238528582555	0,0716488888889	1,72304567901
18,5	-0,0172672582555	0,158542222222	1,26638987654
18,55	-0,00656565825545	0,210830666667	0,504591111111
18,6	0,00578234174455	0,214641777778	-0,395000493827
18,65	0,0167583417445	0,171042666667	-1,25665037037
18,7	0,0252647417445	0,0762222222222	-1,81061654321
18,75	0,0249903417445	-0,0343	-1,83212814815
18,8	0,0205999417445	-0,122260444444	-1,46346666667
18,85	0,0120935417445	-0,189488444444	-0,838783209877
18,9	1,99417445452E-005	-0,215251555556	-0,0106711111111
18,95	-0,0115048582555	-0,19208	0,838529135802
19	-0,0211088582555	-0,123327555556	1,4986982716
19,05	-0,0249504582555	-0,0269826666667	1,80290962963
19,1	-0,0238528582555	0,0722586666667	1,72787308642
19,15	-0,0172672582555	0,159761777778	1,29408395062
19,2	-0,00656565825545	0,214184444444	0,54752962963
19,25	0,00578234174455	0,224855555556	-0,412955061728
19,3	0,0186791417445	0,173176888889	-1,33812345679
19,35	0,0255391417445	0,069972	-1,81883160494
19,4	0,0252647417445	-0,0326231111111	-1,77614716049
19,45	0,0211487417445	-0,114485777778	-1,48006617284
19,5	0,0140143417445	-0,189488444444	-0,931096790123
19,55	0,000568741744545	-0,224093333333	-0,0551340740741
19,6	-0,0112304582555	-0,196958222222	0,860548888889
19,65	-0,0208344582555	-0,126528888889	1,53232074074
19,7	-0,0249504582555	-0,0285071111111	1,83517703704
19,75	-0,0238528582555	0,0734782222222	1,72677209877
19,8	-0,0169928582555	0,159914222222	1,23403777778
19,85	-0,00629125825545	0,208544	0,460128148148
19,9	0,00578234174455	0,210220888889	-0,416935555556
19,95	0,0167583417445	0,162963111111	-1,19838271605
20	0,0236183417445	0,0785088888889	-1,69594444444
20,05	0,0252647417445	-0,0225617777778	-1,80722888889
20,1	0,0211487417445	-0,118449333333	-1,51902419753
20,15	0,0123679417445	-0,188421333333	-0,890021481481
20,2	0,000568741744545	-0,216013777778	-0,0545412345679
20,25	-0,0112304582555	-0,194976444444	0,80431382716
20,3	-0,0208344582555	-0,128205777778	1,48480888889
20,35	-0,0252248582555	-0,0324706666667	1,82679259259
20,4	-0,0244016582555	0,0711915555556	1,75810790123
20,45	-0,0175416582555	0,160066666667	1,28612296296
20,5	-0,00684005825545	0,212507555556	0,506708395062
20,55	0,00578234174455	0,214641777778	-0,38373654321
20,6	0,0162095417445	0,173634222222	-1,23310617284
20,65	0,0255391417445	0,0811004444444	-1,81603679012
20,7	0,0252647417445	-0,0327755555556	-1,85821308642
20,75	0,0208743417445	-0,121803111111	-1,47964271605
20,8	0,0123679417445	-0,189336	-0,848014567901
20,85	0,000294341744545	-0,215099111111	-0,0242217283951
20,9	-0,0112304582555	-0,19208	0,802535308642
20,95	-0,0205600582555	-0,127748444444	1,4595708642
21	-0,0252248582555	-0,0338426666667	1,80968493827
21,05	-0,0244016582555	0,0701244444444	1,75057037037
21,1	-0,0175416582555	0,158084888889	1,28730864198
21,15	-0,00711445825545	0,210983111111	0,524239506173
21,2	0,00550794174455	0,215404	-0,363834074074
21,25	0,0162095417445	0,173939111111	-1,20498864198
21,3	0,0252647417445	0,0824724444444	-1,75311111111
21,35	0,0249903417445	-0,0245435555556	-1,80062296296
21,4	0,0214231417445	-0,107930666667	-1,53892666667
21,45	0,0145631417445	-0,188268888889	-0,996901975309
21,5	0,000843141744545	-0,225465333333	-0,0975644444444
21,55	-0,0109560582555	-0,198787555556	0,82362345679
21,6	-0,0205600582555	-0,131407111111	1,50064617284
21,65	-0,0252248582555	-0,0350622222222	1,8352617284
21,7	-0,0244016582555	0,0684475555556	1,7614108642
21,75	-0,0178160582555	0,157627555556	1,28756271605
21,8	-0,00711445825545	0,210068444444	0,506539012346
21,85	0,00523354174455	0,213117333333	-0,391528148148
21,9	0,0162095417445	0,167079111111	-1,19457160494
21,95	0,0236183417445	0,0814053333333	-1,70559925926
22	0,0249903417445	-0,0207324444444	-1,8073982716
22,05	0,0211487417445	-0,114790666667	-1,52173432099
22,1	0,0126423417445	-0,185982222222	-0,908992345679
22,15	0,000843141744545	-0,215251555556	-0,0737661728395
22,2	-0,0109560582555	-0,194824	0,790847901235
22,25	-0,0205600582555	-0,128358222222	1,4712582716
22,3	-0,0249504582555	-0,0332328888889	1,80773703704
22,35	-0,0241272582555	0,0684475555556	1,75184074074
22,4	-0,0175416582555	0,156865333333	1,3203382716
22,45	-0,00711445825545	0,212355111111	0,583608148148
22,5	0,00523354174455	0,225465333333	-0,369508395062
22,55	0,0181303417445	0,176988	-1,30992123457
22,6	0,0255391417445	0,0742404444444	-1,82204987654
22,65	0,0252647417445	-0,0304888888889	-1,79003654321
22,7	0,0211487417445	-0,111436888889	-1,5033562963
22,75	0,0145631417445	-0,189336	-0,966074320988
22,8	0,000568741744545	-0,226532444444	-0,0693622222222
22,85	-0,0112304582555	-0,197110666667	0,849200246914
22,9	-0,0205600582555	-0,128968	1,50581234568
22,95	-0,0252248582555	-0,0327755555556	1,8189162963
23	-0,0241272582555	0,0693622222222	1,7277037037
23,05	-0,0175416582555	0,154426222222	1,28061802469
23,1	-0,00738885825545	0,207934222222	0,562011851852
23,15	0,00495914174455	0,217233333333	-0,313950864198
23,2	0,0162095417445	0,178969777778	-1,19999185185
23,25	0,0255391417445	0,0847591111111	-1,79342419753
23,3	0,0252647417445	-0,026068	-1,8400891358
23,35	0,0214231417445	-0,111284444444	-1,54324592593
23,4	0,0142887417445	-0,189336	-0,977846419753
23,45	0,000843141744545	-0,225617777778	-0,0795251851852
23,5	-0,0112304582555	-0,198330222222	0,842255555556
23,55	-0,0205600582555	-0,129577777778	1,51673753086
23,6	-0,0252248582555	-0,0333853333333	1,85372444444
23,65	-0,0244016582555	0,0725635555556	1,77369111111
23,7	-0,0172672582555	0,161743555556	1,27324987654
23,75	-0,00656565825545	0,211592888889	0,486890617284
23,8	0,00578234174455	0,214641777778	-0,402622716049
23,85	0,0170327417445	0,166926666667	-1,18805037037
23,9	0,0238927417445	0,0838444444444	-1,68908444444
23,95	0,0260879417445	-0,016464	-1,82831703704
24	0,0222463417445	-0,115400444444	-1,56382592593
24,05	0,0134655417445	-0,188116444444	-0,934060987654
24,1	0,00166634174455	-0,217995555556	-0,0830822222222
24,15	-0,0104072582555	-0,197568	0,79448962963
24,2	-0,0200112582555	-0,130797333333	1,48650271605
24,25	-0,0246760582555	-0,0347573333333	1,83695555556
24,3	-0,0238528582555	0,0698195555556	1,7793654321
24,35	-0,0169928582555	0,158847111111	1,33465111111
24,4	-0,00656565825545	0,213727111111	0,61054
24,45	0,00578234174455	0,229276444444	-0,32157308642
24,5	0,0189535417445	0,184305333333	-1,2707091358
24,55	0,0266367417445	0,0868933333333	-1,87294938272
24,6	0,0282831417445	-0,0283546666667	-1,92164691358
24,65	0,0225207417445	-0,120736	-1,56314839506
24,7	0,0156607417445	-0,193604444444	-0,940497530864
24,75	0,00166634174455	-0,227294666667	-0,0555575308642
24,8	-0,00985845825545	-0,199549777778	0,83564962963
24,85	-0,0197368582555	-0,133388888889	1,5013237037
24,9	-0,0244016582555	-0,0368915555556	1,8469491358
24,95	-0,0238528582555	0,0681426666667	1,77750222222
25	-0,0169928582555	0,158542222222	1,29035753086
25,05	-0,00629125825545	0,209153777778	0,510688888889
25,1	0,00578234174455	0,213422222222	-0,367899259259
25,15	0,0170327417445	0,169213333333	-1,16128790123
25,2	0,0244415417445	0,0852164444444	-1,67384
25,25	0,0260879417445	-0,0146346666667	-1,80045358025
25,3	0,0225207417445	-0,106558666667	-1,59668617284
25,35	0,0153863417445	-0,189183555556	-1,0279837037
25,4	0,00166634174455	-0,226227555556	-0,109082469136
25,45	-0,0101328582555	-0,199549777778	0,814053333333
25,5	-0,0197368582555	-0,133388888889	1,49243111111
25,55	-0,0246760582555	-0,0371964444444	1,83737901235
25,6	-0,0238528582555	0,067228	1,76869432099
25,65	-0,0172672582555	0,155645777778	1,31474864198
25,7	-0,00684005825545	0,209916	0,574546172839
25,75	0,00550794174455	0,218605333333	-0,308361234568
25,8	0,0167583417445	0,181561333333	-1,20507333333
25,85	0,0263623417445	0,0873506666667	-1,83136592593
25,9	0,0263623417445	-0,0277448888889	-1,89344469136
25,95	0,0222463417445	-0,119211555556	-1,52698518519
26	0,0137399417445	-0,189336	-0,898405925926
26,05	0,00166634174455	-0,217843111111	-0,0689387654321
26,1	-0,0101328582555	-0,197110666667	0,776196296296
26,15	-0,0197368582555	-0,133998666667	1,46778592593
26,2	-0,0249504582555	-0,0375013333333	1,84415432099
26,25	-0,0238528582555	0,0678377777778	1,80341777778
26,3	-0,0175416582555	0,159152	1,35887283951
26,35	-0,00656565825545	0,216318666667	0,593262962963
26,4	0,00578234174455	0,228209333333	-0,378824444444
26,45	0,0189535417445	0,178512444444	-1,31161506173
26,5	0,0260879417445	0,076832	-1,81476641975
26,55	0,0263623417445	-0,0268302222222	-1,79732
26,6	0,0222463417445	-0,109912444444	-1,52283530864
26,65	0,0156607417445	-0,187811555556	-0,995208148148
26,7	0,00194074174455	-0,227294666667	-0,115264938272
26,75	-0,0101328582555	-0,201379111111	0,811597283951
26,8	-0,0197368582555	-0,134456	1,49802074074
26,85	-0,0246760582555	-0,0385684444444	1,85279283951
26,9	-0,0241272582555	0,0676853333333	1,78800395062
26,95	-0,0172672582555	0,158389777778	1,29654
27	-0,00656565825545	0,209153777778	0,51492345679
27,05	0,00550794174455	0,213574666667	-0,365697283951
27,1	0,0167583417445	0,169670666667	-1,16848666667
27,15	0,0241671417445	0,0856737777778	-1,70119530864
27,2	0,0260879417445	-0,0170737777778	-1,8358545679
27,25	0,0222463417445	-0,115095555556	-1,55315481481
27,3	0,0134655417445	-0,186287111111	-0,927624444444
27,35	0,00194074174455	-0,216166222222	-0,0975644444444
27,4	-0,0101328582555	-0,197568	0,764678271605
27,45	-0,0197368582555	-0,132931555556	1,46168814815
27,5	-0,0246760582555	-0,0376537777778	1,82814765432
27,55	-0,0238528582555	0,0663133333333	1,79317012346
27,6	-0,0175416582555	0,158084888889	1,35421481481
27,65	-0,00656565825545	0,214336888889	0,594787407407
27,7	0,00550794174455	0,226684888889	-0,364257530864
27,75	0,0186791417445	0,179427111111	-1,31246197531
27,8	0,0260879417445	0,0762222222222	-1,84415432099
27,85	0,0260879417445	-0,0295742222222	-1,83373728395
27,9	0,0222463417445	-0,118449333333	-1,49437901235
27,95	0,0137399417445	-0,188726222222	-0,890444938272
28	0,00166634174455	-0,217538222222	-0,0701244444444
28,05	-0,0101328582555	-0,196805777778	0,773570864198
28,1	-0,0197368582555	-0,133084	1,45093234568
28,15	-0,0246760582555	-0,0391782222222	1,81849283951
28,2	-0,0241272582555	0,0652462222222	1,78698765432
28,25	-0,0175416582555	0,155950666667	1,35455358025
28,3	-0,00711445825545	0,212507555556	0,615198024691
28,35	0,00523354174455	0,226837333333	-0,329534074074
28,4	0,0181303417445	0,181713777778	-1,27350395062
28,45	0,0260879417445	0,0807955555556	-1,81696839506
28,5	0,0260879417445	-0,0253057777778	-1,8162908642
28,55	0,0222463417445	-0,108540444444	-1,54239901235
28,6	0,0156607417445	-0,188726222222	-1,00367728395
28,65	0,00166634174455	-0,227142222222	-0,107303950617
28,7	-0,0101328582555	-0,200007111111	0,808463703704
28,75	-0,0197368582555	-0,134303555556	1,47786419753
28,8	-0,0246760582555	-0,0396355555556	1,82543753086
28,85	-0,0241272582555	0,0638742222222	1,77784098765
28,9	-0,0178160582555	0,155036	1,32491160494
28,95	-0,00711445825545	0,209916	0,551510123457
29	0,00523354174455	0,215404	-0,348674320988
29,05	0,0164839417445	0,171042666667	-1,15764617284
29,1	0,0238927417445	0,0882653333333	-1,69213333333
29,15	0,0260879417445	-0,0135675555556	-1,84686444444
29,2	0,0225207417445	-0,114028444444	-1,57729185185
29,25	0,0134655417445	-0,186134666667	-0,948712592593
29,3	0,00221514174455	-0,216776	-0,120346419753
29,35	-0,0101328582555	-0,199854666667	0,745622716049
29,4	-0,0197368582555	-0,135828	1,4533037037
29,45	-0,0249504582555	-0,0413124444444	1,83873407407
29,5	-0,0244016582555	0,0650937777778	1,8120562963
29,55	-0,0178160582555	0,157322666667	1,36488592593
29,6	-0,00711445825545	0,213117333333	0,613165432099
29,65	0,00495914174455	0,227294666667	-0,332667654321
29,7	0,0181303417445	0,182933333333	-1,29484617284
29,75	0,0260879417445	0,0791186666667	-1,85143777778
29,8	0,0258135417445	-0,02744	-1,85431728395
29,85	0,0225207417445	-0,118144444444	-1,51673753086
29,9	0,0134655417445	-0,189793333333	-0,895865185185
29,95	0,00166634174455	-0,216928444444	-0,0714795061728
30	-0,0101328582555	-0,197872888889	0,772046419753
30,05	-0,0200112582555	-0,133084	1,45338839506
30,1	-0,0246760582555	-0,0385684444444	1,80113111111
30,15	-0,0241272582555	0,0632644444444	1,75277234568
30,2	-0,0178160582555	0,151987111111	1,32220148148
30,25	-0,00766325825545	0,208391555556	0,580643950617
30,3	0,00495914174455	0,217690666667	-0,328602469136
30,35	0,0164839417445	0,171957333333	-1,15705333333
30,4	0,0236183417445	0,08918	-1,6917945679
30,45	0,0260879417445	-0,0118906666667	-1,85762024691
30,5	0,0225207417445	-0,113266222222	-1,60905111111
30,55	0,0137399417445	-0,189336	-0,971409876543
30,6	0,00166634174455	-0,220129777778	-0,101883703704
30,65	-0,0104072582555	-0,199397333333	0,775264691358
30,7	-0,0200112582555	-0,135065777778	1,46990320988
30,75	-0,0252248582555	-0,0393306666667	1,83873407407
30,8	-0,0244016582555	0,0666182222222	1,78021234568
30,85	-0,0178160582555	0,155645777778	1,31203851852
30,9	-0,00738885825545	0,209306222222	0,556676296296
30,95	0,00495914174455	0,217080888889	-0,334700246914
31	0,0164839417445	0,173176888889	-1,15646049383
31,05	0,0238927417445	0,0900946666667	-1,70644617284
31,1	0,0263623417445	-0,0140248888889	-1,85906
31,15	0,0222463417445	-0,113113777778	-1,5899108642
31,2	0,0140143417445	-0,186896888889	-0,974458765432
31,25	0,00194074174455	-0,220129777778	-0,130085925926
31,3	-0,0101328582555	-0,202141333333	0,758919259259
31,35	-0,0202856582555	-0,136437777778	1,46609209877
31,4	-0,0249504582555	-0,0410075555556	1,82916395062
31,45	-0,0246760582555	0,0620448888889	1,80655135802
31,5	-0,0183648582555	0,155340888889	1,39596765432
31,55	-0,00766325825545	0,213574666667	0,678631851852
31,6	0,00441034174455	0,232477777778	-0,249585432099
31,65	0,0181303417445	0,19208	-1,22133407407
31,7	0,0260879417445	0,0961924444444	-1,87100148148
31,75	0,0282831417445	-0,0163115555556	-2,02378469136
31,8	0,0244415417445	-0,126833777778	-1,67680419753
31,85	0,0140143417445	-0,200769333333	-0,931435555556
31,9	0,00221514174455	-0,224550666667	-0,0493750617284
31,95	-0,0101328582555	-0,203818222222	0,798216049383
32	-0,0200112582555	-0,138419555556	1,47777950617
32,05	-0,0252248582555	-0,0429893333333	1,8358545679
32,1	-0,0246760582555	0,0614351111111	1,79520271605
32,15	-0,0186392582555	0,153816444444	1,34227333333
32,2	-0,00766325825545	0,208391555556	0,582930617284
32,25	0,00413594174455	0,215861333333	-0,283885432099
32,3	0,0156607417445	0,178512444444	-1,10615382716
32,35	0,0238927417445	0,0966497777778	-1,70382074074
32,4	0,0263623417445	-0,00914666666667	-1,89327530864
32,45	0,0227951417445	-0,111741777778	-1,62971580247
32,5	0,0140143417445	-0,186744444444	-1,00156
32,55	0,00248954174455	-0,220739555556	-0,154307654321
32,6	-0,0101328582555	-0,204428	0,738678024691
32,65	-0,0200112582555	-0,139334222222	1,45245679012
32,7	-0,0252248582555	-0,0449711111111	1,8263691358
32,75	-0,0249504582555	0,0599106666667	1,79486395062
32,8	-0,0186392582555	0,150615111111	1,37157654321
32,85	-0,00848645825545	0,208391555556	0,657035555556
32,9	0,00386154174455	0,222873777778	-0,222907654321
32,95	0,0156607417445	0,189640888889	-1,14231703704
33	0,0255391417445	0,0981742222222	-1,80265555556
33,05	0,0263623417445	-0,0152444444444	-1,92588148148
33,1	0,0230695417445	-0,112351555556	-1,60752666667
33,15	0,0142887417445	-0,186744444444	-0,989957283951
33,2	0,00276394174455	-0,219824888889	-0,167011358025
33,25	-0,00958405825545	-0,206409777778	0,711068641975
33,3	-0,0200112582555	-0,142992888889	1,44593555556
33,35	-0,0252248582555	-0,0469528888889	1,83509234568
33,4	-0,0249504582555	0,0567093333333	1,82950271605
33,45	-0,0191880582555	0,151224888889	1,44026123457
33,5	-0,00848645825545	0,213117333333	0,733088395062
33,55	0,00358714174455	0,234764444444	-0,202581728395
33,6	0,0175815417445	0,196653333333	-1,19126864198
33,65	0,0258135417445	0,100918222222	-1,85355506173
33,7	0,0280087417445	-0,00884177777778	-2,03631901235
33,75	0,0252647417445	-0,122565333333	-1,72897407407
33,8	0,0142887417445	-0,201836444444	-0,966667160494
33,85	0,00248954174455	-0,223788444444	-0,0663980246914
33,9	-0,00958405825545	-0,204428	0,765101728395
33,95	-0,0197368582555	-0,141316	1,43450222222
34	-0,0249504582555	-0,0487822222222	1,80223209877
34,05	-0,0249504582555	0,0532031111111	1,80960024691
34,1	-0,0194624582555	0,148480888889	1,41688641975
34,15	-0,00876085825545	0,210830666667	0,658305925926
34,2	0,00386154174455	0,221044444444	-0,262627901235
34,25	0,0153863417445	0,180951555556	-1,10750888889
34,3	0,0236183417445	0,0998511111111	-1,69628320988
34,35	0,0263623417445	-0,00472577777778	-1,89302123457
34,4	0,0230695417445	-0,107625777778	-1,65021111111
34,45	0,0145631417445	-0,185372444444	-1,02832246914
34,5	0,00276394174455	-0,220129777778	-0,173532592593
34,55	-0,00958405825545	-0,203665777778	0,70700345679
34,6	-0,0194624582555	-0,141773333333	1,40985703704
34,65	-0,0249504582555	-0,0500017777778	1,80426469136
34,7	-0,0249504582555	0,0536604444444	1,82628444444
34,75	-0,0191880582555	0,148023555556	1,46160345679
34,8	-0,00903525825545	0,213574666667	0,75544691358
34,85	0,00386154174455	0,235374222222	-0,20664691358
34,9	0,0173071417445	0,193756888889	-1,17441506173
34,95	0,0252647417445	0,103357333333	-1,81806938272
35	0,0282831417445	-0,00594533333333	-2,02200617284
35,05	0,0249903417445	-0,119211555556	-1,73210765432
35,1	0,0148375417445	-0,197872888889	-1,00833530864
35,15	0,00303834174455	-0,226227555556	-0,113317037037
35,2	-0,00958405825545	-0,207934222222	0,761121234568
35,25	-0,0197368582555	-0,142535555556	1,44729061728
35,3	-0,0249504582555	-0,049392	1,80477283951
35,35	-0,0249504582555	0,052136	1,80460345679
35,4	-0,0194624582555	0,145279555556	1,44602024691
35,45	-0,00930965825545	0,210678222222	0,753922469136
35,5	0,00358714174455	0,228666666667	-0,136522469136
35,55	0,0153863417445	0,199244888889	-1,06643358025
35,6	0,0258135417445	0,115857777778	-1,81654493827
35,65	0,0285575417445	-0,00243911111111	-2,09289283951
35,7	0,0255391417445	-0,119668888889	-1,77614716049
35,75	0,0148375417445	-0,19894	-1,01384024691
35,8	0,00331274174455	-0,224245777778	-0,127121728395
35,85	-0,00903525825545	-0,209001333333	0,714540987654
35,9	-0,0194624582555	-0,148176	1,41874962963
35,95	-0,0252248582555	-0,0551848888889	1,82603037037
36	-0,0254992582555	0,0506115555556	1,84161358025
36,05	-0,0197368582555	0,145889333333	1,44627432099
36,1	-0,00958405825545	0,208848888889	0,720045925926
36,15	0,00303834174455	0,225160444444	-0,177682469136
36,2	0,0151119417445	0,189945777778	-1,04839432099
36,25	0,0238927417445	0,109455111111	-1,6722308642
36,3	0,0266367417445	0,0102137777778	-1,96187530864
36,35	0,0258135417445	-0,103967111111	-1,81552864198
36,4	0,0153863417445	-0,196196	-1,12639506173
36,45	0,00331274174455	-0,226989777778	-0,177343703704
36,5	-0,00903525825545	-0,210983111111	0,735036296296
36,55	-0,0197368582555	-0,147261333333	1,4738837037
36,6	-0,0254992582555	-0,0460382222222	1,81518987654
36,65	-0,0238528582555	0,0510688888889	1,75649876543
36,7	-0,0200112582555	0,138114666667	1,43416345679
36,75	-0,00958405825545	0,208086666667	0,787714320988
36,8	0,00303834174455	0,227294666667	-0,0977338271605
36,85	0,0148375417445	0,201074222222	-1,03628345679
36,9	0,0255391417445	0,119211555556	-1,82188049383
36,95	0,0288319417445	-0,00503066666667	-2,07315975309
37	0,0241671417445	-0,115095555556	-1,72389259259
37,05	0,0156607417445	-0,189183555556	-1,04458320988
37,1	0,00386154174455	-0,224855555556	-0,20495308642
37,15	-0,00876085825545	-0,212355111111	0,678547160494
37,2	-0,0194624582555	-0,151224888889	1,41493851852
37,25	-0,0252248582555	-0,0570142222222	1,82679259259
37,3	-0,0254992582555	0,0471053333333	1,85067555556
37,35	-0,0202856582555	0,143755111111	1,48633333333
37,4	-0,00985845825545	0,210068444444	0,78076962963
37,45	0,00276394174455	0,228056888889	-0,0923135802469
37,5	0,0145631417445	0,202293777778	-0,990465432099
37,55	0,0252647417445	0,124089777778	-1,73930641975
37,6	0,0285575417445	0,00990888888889	-2,05664493827
37,65	0,0260879417445	-0,1029	-1,8616854321
37,7	0,0175815417445	-0,196348444444	-1,18508617284
37,75	0,00413594174455	-0,235069333333	-0,201565432099
37,8	-0,00848645825545	-0,214946666667	0,756209135803
37,85	-0,0194624582555	-0,144974666667	1,41654765432
37,9	-0,0233040582555	-0,0593008888889	1,7408308642
37,95	-0,0257736582555	0,0362817777778	1,81984790123
38	-0,0202856582555	0,138572	1,51216419753
38,05	-0,0104072582555	0,206562222222	0,786020493827
38,1	0,00248954174455	0,225312888889	-0,140841728395
38,15	0,0142887417445	0,190555555556	-1,03137135802
38,2	0,0233439417445	0,112046666667	-1,67468691358
38,25	0,0266367417445	0,00640266666667	-1,91681950617
38,3	0,0238927417445	-0,0980217777778	-1,71372962963
38,35	0,0159351417445	-0,180494222222	-1,12808888889
38,4	0,00413594174455	-0,221196888889	-0,289475061728
38,45	-0,00821205825545	-0,212355111111	0,615960246914
38,5	-0,0191880582555	-0,153664	1,37902938272
38,55	-0,0249504582555	-0,0609777777778	1,82086419753
38,6	-0,0257736582555	0,0443613333333	1,86837604938
38,65	-0,0202856582555	0,142688	1,50665925926
38,7	-0,0101328582555	0,209001333333	0,805838271605
38,75	0,00248954174455	0,229733777778	-0,0700397530864
38,8	0,0145631417445	0,204428	-0,98656962963
38,85	0,0252647417445	0,125919111111	-1,74845308642
38,9	0,0288319417445	0,00975644444445	-2,05833876543
38,95	0,0258135417445	-0,101070666667	-1,85855185185
39	0,0181303417445	-0,193756888889	-1,22099530864
39,05	0,00441034174455	-0,237813333333	-0,257207654321
39,1	-0,00848645825545	-0,218148	0,697433333333
39,15	-0,0189136582555	-0,157475111111	1,42408518519
39,2	-0,0254992582555	-0,064484	1,8548254321
39,25	-0,0260480582555	0,0434466666667	1,89607012346
39,3	-0,0208344582555	0,142840444444	1,51470493827
39,35	-0,0104072582555	0,209611111111	0,78762962963
39,4	0,00221514174455	0,227599555556	-0,09604
39,45	0,0142887417445	0,197263111111	-0,936093580247
39,5	0,0233439417445	0,128968	-1,63208716049
39,55	0,0288319417445	0,023324	-2,03174567901
39,6	0,0263623417445	-0,0955826666667	-1,92494987654
39,65	0,0184047417445	-0,193147111111	-1,27646814815
39,7	0,00468474174455	-0,237356	-0,296758518519
39,75	-0,00793765825545	-0,220434666667	0,664403703704
39,8	-0,0189136582555	-0,161438666667	1,41265185185
39,85	-0,0254992582555	-0,0676853333333	1,8606691358
39,9	-0,0263224582555	0,0407026666667	1,90885851852
39,95	-0,0211088582555	0,140706222222	1,53604716049
40	-0,0109560582555	0,209153777778	0,813799259259
40,05	0,00194074174455	0,228209333333	-0,0694469135803
40,1	0,0137399417445	0,199702222222	-0,914836049383
40,15	0,0233439417445	0,132626666667	-1,63174839506
40,2	0,0288319417445	0,0250008888889	-2,03936790123
40,25	0,0263623417445	-0,093296	-1,92994666667
40,3	0,0186791417445	-0,191165333333	-1,29061160494
40,35	0,00495914174455	-0,236746222222	-0,31640691358
40,4	-0,00766325825545	-0,220587111111	0,641791111111
40,45	-0,0186392582555	-0,162658222222	1,38368740741
40,5	-0,0252248582555	-0,0716488888889	1,84296864198
40,55	-0,0265968582555	0,0365866666667	1,92325604938
40,6	-0,0213832582555	0,139029333333	1,57297259259
40,65	-0,0112304582555	0,208544	0,869272098766
40,7	0,00139194174455	0,231563111111	-0,000592839506176
40,75	0,0134655417445	0,211440444444	-0,923898024691
40,8	0,0249903417445	0,135675555556	-1,72431604938
40,85	0,0288319417445	0,0195128888889	-2,0795962963
40,9	0,0266367417445	-0,0939057777778	-1,91588790123
40,95	0,0189535417445	-0,191470222222	-1,2818037037
41	0,00523354174455	-0,236746222222	-0,316576296296
41,05	-0,00738885825545	-0,221044444444	0,630781234568
41,1	-0,0183648582555	-0,164335111111	1,37386320988
41,15	-0,0252248582555	-0,0728684444444	1,83255160494
41,2	-0,0263224582555	0,0339951111111	1,91055234568
41,25	-0,0216576582555	0,135675555556	1,56518098765
41,3	-0,0115048582555	0,206714666667	0,838867901235
41,35	0,00111754174455	0,227904444444	-0,0872320987654
41,4	0,0134655417445	0,196196	-0,978100493827
41,45	0,0225207417445	0,120431111111	-1,6353054321
41,5	0,0266367417445	0,0173786666667	-1,91707358025
41,55	0,0244415417445	-0,0896373333333	-1,75531308642
41,6	0,0167583417445	-0,174853777778	-1,19236962963
41,65	0,00523354174455	-0,219062666667	-0,37560617284
41,7	-0,00711445825545	-0,214794222222	0,507978765432
41,75	-0,0180904582555	-0,164487555556	1,29315234568
41,8	-0,0252248582555	-0,0746977777778	1,80824518519
41,85	-0,0263224582555	0,0330804444444	1,92088469136
41,9	-0,0216576582555	0,135523111111	1,59177407407
41,95	-0,0115048582555	0,206714666667	0,900353827161
42	0,000568741744545	0,237203555556	-0,0519158024691
42,05	0,0151119417445	0,202293777778	-1,01799012346
42,1	0,0225207417445	0,123175111111	-1,70483703704
42,15	0,0285575417445	0,016464	-2,00430567901
42,2	0,0247159417445	-0,0998511111111	-1,77978888889
42,25	0,0167583417445	-0,17836	-1,15027802469
42,3	0,00550794174455	-0,221349333333	-0,332413580247
42,35	-0,00738885825545	-0,214336888889	0,549477530864
42,4	-0,0178160582555	-0,161438666667	1,3060254321
42,45	-0,0249504582555	-0,0733257777778	1,79875975309
42,5	-0,0260480582555	0,0349097777778	1,88954888889
42,55	-0,0211088582555	0,134608444444	1,53350641975
42,6	-0,0112304582555	0,202446222222	0,837428148148
42,65	0,00111754174455	0,223788444444	-0,0108404938272
42,7	0,0129167417445	0,199702222222	-0,838105679012
42,75	0,0225207417445	0,137047555556	-1,55874444444
42,8	0,0285575417445	0,0327755555556	-1,98846839506
42,85	0,0263623417445	-0,0843017777778	-1,90462395062
42,9	0,0189535417445	-0,176683111111	-1,35607802469
42,95	0,00742874174455	-0,234154666667	-0,463346419753
43	-0,00711445825545	-0,229886222222	0,572428888889
43,05	-0,0180904582555	-0,167231555556	1,40130320988
43,1	-0,0249504582555	-0,0736306666667	1,85618049383
43,15	-0,0260480582555	0,0346048888889	1,90106691358
43,2	-0,0211088582555	0,133084	1,53520024691
43,25	-0,0115048582555	0,201531555556	0,840222962963
43,3	0,000843141744545	0,225312888889	-0,0497985185185
43,35	0,0131911417445	0,196958222222	-0,941175061729
43,4	0,0225207417445	0,121650666667	-1,60803481482
43,45	0,0263623417445	0,0204275555556	-1,89793333333
43,5	0,0247159417445	-0,0847591111111	-1,77199728395
43,55	0,0173071417445	-0,173939111111	-1,23327555556
43,6	0,00550794174455	-0,220587111111	-0,398049382716
43,65	-0,00684005825545	-0,216623555556	0,516617283951
43,7	-0,0180904582555	-0,16464	1,32753703704
43,75	-0,0249504582555	-0,0722586666667	1,84517061728
43,8	-0,0260480582555	0,0365866666667	1,94883283951
43,85	-0,0213832582555	0,144822222222	1,54697234568
43,9	-0,00930965825545	0,205342666667	0,799571111111
43,95	0,000568741744545	0,227599555556	-0,0518311111111
44	0,0153863417445	0,201531555556	-0,921950123457
44,05	0,0227951417445	0,127138666667	-1,59456888889
44,1	0,0288319417445	0,0306413333333	-1,96898938272
44,15	0,0269111417445	-0,086436	-1,91698888889
44,2	0,0195023417445	-0,184762666667	-1,32999308642
44,25	0,00633114174455	-0,235526666667	-0,380264197531
44,3	-0,00684005825545	-0,222416444444	0,593601728395
44,35	-0,0175416582555	-0,165859555556	1,3487945679
44,4	-0,0246760582555	-0,0766795555556	1,81849283951
44,45	-0,0260480582555	0,0307937777778	1,91080641975
44,5	-0,0213832582555	0,132474222222	1,57127876543
44,55	-0,0115048582555	0,203208444444	0,865715061728
44,6	0,000843141744545	0,227447111111	-0,041244691358
44,65	0,0134655417445	0,198330222222	-0,930927407408
44,7	0,0225207417445	0,124242222222	-1,58220395062
44,75	0,0269111417445	0,0251533333333	-1,87472790123
44,8	0,0252647417445	-0,0801857777778	-1,75734567901
44,85	0,0178559417445	-0,163268	-1,29704814815
44,9	0,00825194174455	-0,222416444444	-0,530506666667
44,95	-0,00656565825545	-0,229124	0,483333580247
45	-0,0178160582555	-0,167536444444	1,35641679012
45,05	-0,0244016582555	-0,0750026666667	1,82789358025
45,1	-0,0257736582555	0,0310986666667	1,89463037037
45,15	-0,0211088582555	0,130644888889	1,55222320988
45,2	-0,0115048582555	0,200769333333	0,863428395062
45,25	0,000843141744545	0,225465333333	-0,0277787654321
45,3	0,0131911417445	0,198025333333	-0,918562469136
45,35	0,0225207417445	0,125004444444	-1,59956567901
45,4	0,0269111417445	0,0227142222222	-1,90894320988
45,45	0,0249903417445	-0,0844542222222	-1,77182790123
45,5	0,0175815417445	-0,170890222222	-1,23336024691
45,55	0,00633114174455	-0,218757777778	-0,423033333333
45,6	-0,00629125825545	-0,217538222222	0,489007901235
45,65	-0,0175416582555	-0,165554666667	1,29518493827
45,7	-0,0244016582555	-0,0756124444444	1,80502691358
45,75	-0,0257736582555	0,0310986666667	1,92139283951
45,8	-0,0211088582555	0,133541333333	1,61760493827
45,85	-0,0112304582555	0,207172	0,952015555556
45,9	0,00111754174455	0,240404888889	0,0193096296296
45,95	0,0153863417445	0,213422222222	-0,985722716049
46	0,0249903417445	0,129272888889	-1,71254395062
46,05	0,0291063417445	0,0224093333333	-1,99160197531
46,1	0,0271855417445	-0,0862835555556	-1,84872765432
46,15	0,0197767417445	-0,176225777778	-1,33642962963
46,2	0,00852634174455	-0,235526666667	-0,474356296296
46,25	-0,00656565825545	-0,232172888889	0,559301728395
46,3	-0,0172672582555	-0,169365777778	1,38648222222
46,35	-0,0244016582555	-0,0786613333333	1,8632945679
46,4	-0,0260480582555	0,0323182222222	1,94222691358
46,45	-0,0208344582555	0,134303555556	1,57212567901
46,5	-0,0112304582555	0,203818222222	0,855213333333
46,55	0,00139194174455	0,227599555556	-0,0521698765432
46,6	0,0137399417445	0,198177777778	-0,946934074074
46,65	0,0230695417445	0,12348	-1,6157417284
46,7	0,0271855417445	0,0216471111111	-1,91825925926
46,75	0,0255391417445	-0,0865884444444	-1,78080518519
46,8	0,0175815417445	-0,173176888889	-1,23818765432
46,85	0,00660554174455	-0,220587111111	-0,434805432099
46,9	-0,00629125825545	-0,221654222222	0,483587654321
46,95	-0,0178160582555	-0,169365777778	1,31923728395
47	-0,0249504582555	-0,0763746666667	1,84169827161
47,05	-0,0260480582555	0,0324706666667	1,94273506173
47,1	-0,0213832582555	0,134760888889	1,61743555556
47,15	-0,0115048582555	0,208696444444	0,929657037037
47,2	0,00111754174455	0,240862222222	-0,0435313580247
47,25	0,0156607417445	0,204275555556	-1,01739728395
47,3	0,0230695417445	0,126681333333	-1,70788592593
47,35	0,0296551417445	0,0181408888889	-2,01167382716
47,4	0,0252647417445	-0,0972595555556	-1,79173037037
47,45	0,0181303417445	-0,175920888889	-1,19821333333
47,5	0,00660554174455	-0,224093333333	-0,401013580247
47,55	-0,00629125825545	-0,221959111111	0,516871358025
47,6	-0,0178160582555	-0,168298666667	1,32906148148
47,65	-0,0246760582555	-0,0762222222222	1,8421217284
47,7	-0,0260480582555	0,0318608888889	1,96280691358
47,75	-0,0213832582555	0,136895111111	1,66130567901
47,8	-0,0112304582555	0,213727111111	0,969546666667
47,85	0,00166634174455	0,24696	-0,0177004938272
47,9	0,0162095417445	0,215708888889	-1,06135209877
47,95	0,0258135417445	0,126833777778	-1,78808864198
48	0,0299295417445	0,012348	-1,98381037037
48,05	0,0260879417445	-0,0882653333333	-1,75844666667
48,1	0,0203255417445	-0,168908444444	-1,30898962963
48,15	0,00907514174455	-0,234154666667	-0,525594567901
48,2	-0,00601685825545	-0,235221777778	0,514754074074
48,25	-0,0172672582555	-0,173634222222	1,37970691358
48,3	-0,0244016582555	-0,0807955555556	1,87591358025
48,35	-0,0260480582555	0,0292693333333	1,97034444444
48,4	-0,0213832582555	0,134456	1,61963753086
48,45	-0,0112304582555	0,207324444444	0,889767407408
48,5	0,00139194174455	0,231258222222	-0,0337071604938
48,55	0,0140143417445	0,203056	-0,93812617284
48,6	0,0236183417445	0,128205777778	-1,61599580247
48,65	0,0280087417445	0,0257631111111	-1,92020716049
48,7	0,0263623417445	-0,0820151111111	-1,79223851852
48,75	0,0186791417445	-0,166012	-1,32160864198
48,8	0,00907514174455	-0,225922666667	-0,555914074074
48,85	-0,00601685825545	-0,234612	0,464023950617
48,9	-0,0175416582555	-0,174396444444	1,37005209877
48,95	-0,0246760582555	-0,0803382222222	1,89361407407
49	-0,0263224582555	0,0324706666667	1,98160839506
49,05	-0,0211088582555	0,136437777778	1,61828246914
49,1	-0,0112304582555	0,207629333333	0,919494074074
49,15	0,00139194174455	0,235221777778	0,0283716049383
49,2	0,0140143417445	0,215404	-0,94795037037
49,25	0,0255391417445	0,136895111111	-1,7872417284
49,3	0,0299295417445	0,0121955555556	-2,09204592593
49,35	0,0258135417445	-0,0986315555556	-1,80731358025
49,4	0,0186791417445	-0,178969777778	-1,20913851852
49,45	0,00687994174455	-0,227599555556	-0,395254567901
49,5	-0,00629125825545	-0,223788444444	0,522884444445
49,55	-0,0175416582555	-0,170890222222	1,33261851852
49,6	-0,0249504582555	-0,0791186666667	1,86202419753
49,65	-0,0263224582555	0,0326231111111	1,97220765432
49,7	-0,0213832582555	0,137047555556	1,63242592593
49,75	-0,0112304582555	0,209916	0,939481234568
49,8	0,00139194174455	0,238270666667	0,0436160493827
49,85	0,0142887417445	0,219672444444	-0,94668
49,9	0,0260879417445	0,139791555556	-1,79122222222
49,95	0,0304783417445	0,015092	-2,08764197531
50	0,0266367417445	-0,0961924444444	-1,78995185185
50,05	0,0189535417445	-0,169670666667	-1,25207703704
50,1	0,00962394174455	-0,227599555556	-0,519496790124
50,15	-0,00574245825545	-0,237203555556	0,491463950617
50,2	-0,0175416582555	-0,174396444444	1,40325111111
50,25	-0,0244016582555	-0,0775942222222	1,90352296296
50,3	-0,0257736582555	0,0333853333333	1,96771901235
50,35	-0,0208344582555	0,136742666667	1,59423012346
50,4	-0,0106816582555	0,206867111111	0,876301481482
50,45	0,00166634174455	0,231868	-0,0306582716049
50,5	0,0145631417445	0,205495111111	-0,963025432099
50,55	0,0244415417445	0,127291111111	-1,68645901235
50,6	0,0285575417445	0,0189031111111	-1,99016222222
50,65	0,0263623417445	-0,0916191111111	-1,81874691358
50,7	0,0184047417445	-0,178969777778	-1,2475037037
50,75	0,00687994174455	-0,226837333333	-0,411007160494
50,8	-0,00629125825545	-0,225008	0,541008395062
50,85	-0,0178160582555	-0,169518222222	1,40113382716
50,9	-0,0249504582555	-0,0728684444444	1,94993382716
50,95	-0,0263224582555	0,04802	1,98110024691
51	-0,0191880582555	0,149243111111	1,48472419753
51,05	-0,00903525825545	0,202446222222	0,783395061728
51,1	0,00194074174455	0,226075111111	0,0403130864198
51,15	0,0145631417445	0,216318666667	-0,867070123457
51,2	0,0266367417445	0,140858666667	-1,73430962963
51,25	0,0307527417445	0,0208848888889	-2,12219604938
51,3	0,0285575417445	-0,0998511111111	-1,88277358025
51,35	0,0189535417445	-0,182628444444	-1,24047432099
51,4	0,00907514174455	-0,230648444444	-0,400674814815
51,45	-0,00629125825545	-0,226532444444	0,523561975309
51,5	-0,0156208582555	-0,172567111111	1,31703530864
51,55	-0,0246760582555	-0,0870457777778	1,88777037037
51,6	-0,0260480582555	0,0330804444444	2,0416545679
51,65	-0,0208344582555	0,141468444444	1,65249777778
51,7	-0,0101328582555	0,212507555556	0,901200740741
51,75	0,00221514174455	0,236593777778	-0,0127037037037
51,8	0,0151119417445	0,216166222222	-0,998934567901
51,85	0,0269111417445	0,129730222222	-1,79054469136
51,9	0,0293807417445	0,0125004444444	-2,04724419753
51,95	0,0274599417445	-0,0948204444444	-1,82281209877
52	0,0192279417445	-0,183238222222	-1,23801827161
52,05	0,00742874174455	-0,229276444444	-0,39703308642
52,1	-0,00574245825545	-0,226227555556	0,522291604938
52,15	-0,0172672582555	-0,172414666667	1,33253382716
52,2	-0,0244016582555	-0,0824724444444	1,87371160494
52,25	-0,0265968582555	0,0312511111111	2,01006469136
52,3	-0,0211088582555	0,139944	1,64868666667
52,35	-0,0109560582555	0,211897777778	0,903318024691
52,4	0,00194074174455	0,237203555556	-0,0281175308642
52,45	0,0148375417445	0,210373333333	-0,976152592593
52,5	0,0252647417445	0,130797333333	-1,70559925926
52,55	0,0291063417445	0,0217995555556	-2,0136217284
52,6	0,0274599417445	-0,08918	-1,86422617284
52,65	0,0195023417445	-0,181866222222	-1,29340641975
52,7	0,00742874174455	-0,230800888889	-0,428453580247
52,75	-0,00574245825545	-0,227447111111	0,51322962963
52,8	-0,0172672582555	-0,175006222222	1,34422123457
52,85	-0,0249504582555	-0,0817102222222	1,88988765432
52,9	-0,0263224582555	0,0320133333333	2,00312
52,95	-0,0213832582555	0,137657333333	1,66020469136
53	-0,0112304582555	0,212507555556	0,951338024691
53,05	0,00166634174455	0,241319555556	0,0248992592593
53,1	0,0148375417445	0,219824888889	-0,97454345679
53,15	0,0266367417445	0,134303555556	-1,74116962963
53,2	0,0293807417445	0,0210373333333	-1,98601234568
53,25	0,0277343417445	-0,0789662222222	-1,84398493827
53,3	0,0214231417445	-0,171652444444	-1,41968123457
53,35	0,00989834174455	-0,239642666667	-0,588859012346
53,4	-0,00546805825545	-0,243301333333	0,49434345679
53,45	-0,0172672582555	-0,182018666667	1,41764864198
53,5	-0,0249504582555	-0,0849115555556	1,9603508642
53,55	-0,0265968582555	0,0320133333333	2,05105530864
53,6	-0,0213832582555	0,139639111111	1,66833506173
53,65	-0,0112304582555	0,213879555556	0,916783950617
53,7	0,00194074174455	0,239947555556	-0,0426844444445
53,75	0,0151119417445	0,209611111111	-0,994615308642
53,8	0,0249903417445	0,129730222222	-1,69535160494
53,85	0,0291063417445	0,023324	-1,99541308642
53,9	0,0274599417445	-0,0870457777778	-1,86202419753
53,95	0,0197767417445	-0,180189333333	-1,30712641975
54	0,00770314174455	-0,231410666667	-0,436245185185
54,05	-0,00574245825545	-0,226989777778	0,518734567901
54,1	-0,0169928582555	-0,172872	1,32906148148
54,15	-0,0244016582555	-0,0832346666667	1,86312518519
54,2	-0,0263224582555	0,0289644444444	2,00498320988
54,25	-0,0213832582555	0,1372	1,67273901235
54,3	-0,0112304582555	0,213117333333	0,937448641975
54,35	0,00194074174455	0,2401	-0,0215962962963
54,4	0,0151119417445	0,210678222222	-0,975475061729
54,45	0,0249903417445	0,132931555556	-1,69738419753
54,5	0,0296551417445	0,0248484444444	-2,0279345679
54,55	0,0277343417445	-0,0893324444444	-1,88844790123
54,6	0,0197767417445	-0,181408888889	-1,32330246914
54,65	0,00797754174455	-0,233544888889	-0,464955555556
54,7	-0,00574245825545	-0,232782666667	0,50721654321
54,75	-0,0175416582555	-0,178207555556	1,36641037037
54,8	-0,0252248582555	-0,0830822222222	1,9123308642
54,85	-0,0265968582555	0,0306413333333	2,02886617284
54,9	-0,0219320582555	0,138267111111	1,69653728395
54,95	-0,0115048582555	0,215861333333	0,984621728395
55	0,00166634174455	0,244825777778	0,0603849382716
55,05	0,0148375417445	0,224855555556	-0,921526666667
55,1	0,0266367417445	0,147566222222	-1,75607530864
55,15	0,0313015417445	0,0304888888889	-2,15480222222
55,2	0,0296551417445	-0,0890275555556	-2,03860567901
55,25	0,0219719417445	-0,194214222222	-1,42137506173
55,3	0,00797754174455	-0,247264888889	-0,438108395062
55,35	-0,00546805825545	-0,237813333333	0,570057530864
55,4	-0,0175416582555	-0,181866222222	1,39410444444
55,45	-0,0252248582555	-0,0871982222222	1,92435703704
55,5	-0,0271456582555	0,02744	2,03733530864
55,55	-0,0222064582555	0,135523111111	1,69348839506
55,6	-0,0123280582555	0,212812444444	0,963279506173
55,65	0,00111754174455	0,240862222222	0,013635308642
55,7	0,0140143417445	0,213879555556	-0,932197777778
55,75	0,0244415417445	0,139334222222	-1,67197679012
55,8	0,0293807417445	0,0309462222222	-2,02962839506
55,85	0,0277343417445	-0,0830822222222	-1,91622666667
55,9	0,0203255417445	-0,178512444444	-1,3661562963
55,95	0,00825194174455	-0,233544888889	-0,489770123457
56	-0,00546805825545	-0,231563111111	0,487822222222
56,05	-0,0169928582555	-0,178055111111	1,31957604938
56,1	-0,0246760582555	-0,0882653333333	1,86583530864
56,15	-0,0268712582555	0,0248484444444	2,00870962963
56,2	-0,0219320582555	0,131864444444	1,69780765432
56,25	-0,0123280582555	0,208544	1,0348437037
56,3	0,000568741744545	0,243148888889	0,156340246914
56,35	0,0137399417445	0,230496	-0,843525925926
56,4	0,0263623417445	0,155950666667	-1,73998395062
56,45	0,0313015417445	0,0364342222222	-2,18071777778
56,5	0,0299295417445	-0,0853688888889	-2,06621506173
56,55	0,0222463417445	-0,191317777778	-1,44144691358
56,6	0,00852634174455	-0,244825777778	-0,463515802469
56,65	-0,00491925825545	-0,236593777778	0,525171111111
56,7	-0,0167184582555	-0,184457777778	1,34151111111
56,75	-0,0249504582555	-0,0931435555556	1,89894962963
56,8	-0,0271456582555	0,0221044444444	2,04699012346
56,85	-0,0224808582555	0,131559555556	1,72804246914
56,9	-0,0126024582555	0,209763555556	1,03899358025
56,95	0,000294341744545	0,242996444444	0,141265185185
57	0,0134655417445	0,228666666667	-0,846998271605
57,05	0,0258135417445	0,154426222222	-1,71228987654
57,1	0,0307527417445	0,0376537777778	-2,13058049383
57,15	0,0293807417445	-0,079576	-2,03801283951
57,2	0,0225207417445	-0,185524888889	-1,4664308642
57,25	0,00880074174455	-0,243453777778	-0,507809382716
57,3	-0,00464485825545	-0,237508444444	0,502219753086
57,35	-0,0167184582555	-0,184762666667	1,33329604938
57,4	-0,0246760582555	-0,0929911111111	1,87557481482
57,45	-0,0268712582555	0,0185982222222	2,01963481482
57,5	-0,0227552582555	0,127596	1,71483061728
57,55	-0,0128768582555	0,207019555556	1,00808123457
57,6	1,99417445452E-005	0,237203555556	0,0809649382716
57,65	0,0129167417445	0,215556444444	-0,861226419753
57,7	0,0236183417445	0,144212444444	-1,62632814815
57,75	0,0288319417445	0,0376537777778	-2,0194654321
57,8	0,0277343417445	-0,0775942222222	-1,93587506173
57,85	0,0203255417445	-0,174853777778	-1,39529012346
57,9	0,00852634174455	-0,230343555556	-0,53550345679
57,95	-0,00491925825545	-0,232782666667	0,432942222222
58	-0,0169928582555	-0,181256444444	1,27545185185
58,05	-0,0244016582555	-0,0939057777778	1,83848
58,1	-0,0274200582555	0,0170737777778	2,03377827161
58,15	-0,0227552582555	0,128815555556	1,76657703704
58,2	-0,0131512582555	0,209153777778	1,1097108642
58,25	-0,000528858255455	0,252295555556	0,158034074074
58,3	0,0148375417445	0,231258222222	-0,910601481482
58,35	0,0252647417445	0,149700444444	-1,72880469136
58,4	0,0307527417445	0,0399404444444	-2,1155054321
58,45	0,0296551417445	-0,0792711111111	-2,04521160494
58,5	0,0225207417445	-0,186134666667	-1,46854814815
58,55	0,00880074174455	-0,242691555556	-0,518057037037
58,6	-0,00437045825545	-0,238270666667	0,474017530864
58,65	-0,0167184582555	-0,188268888889	1,31009061728
58,7	-0,0249504582555	-0,0963448888889	1,8649037037
58,75	-0,0271456582555	0,0147871111111	2,0142145679
58,8	-0,0233040582555	0,122260444444	1,73837481482
58,85	-0,0139744582555	0,205037777778	1,06795802469
58,9	-0,000803258255455	0,239947555556	0,145838518519
58,95	0,0123679417445	0,219672444444	-0,789238765432
59	0,0230695417445	0,152139555556	-1,53274419753
59,05	0,0285575417445	0,0559471111111	-1,99507432099
59,1	0,0296551417445	-0,0608253333333	-2,08188296296
59,15	0,0227951417445	-0,178055111111	-1,58821703704
59,2	0,00934954174455	-0,241319555556	-0,619009135803
59,25	-0,00409605825545	-0,241319555556	0,425065925926
59,3	-0,0167184582555	-0,190403111111	1,29747160494
59,35	-0,0246760582555	-0,100156	1,87489728395
59,4	-0,0276944582555	0,012348	2,05952444444
59,45	-0,0235784582555	0,125919111111	1,76471382716
59,5	-0,0137000582555	0,207019555556	1,04348222222
59,55	-0,000803258255455	0,238880444444	0,10374691358
59,6	0,0123679417445	0,216928444444	-0,835395555556
59,65	0,0227951417445	0,147718666667	-1,58474469136
59,7	0,0285575417445	0,0445137777778	-1,98745209877
59,75	0,0277343417445	-0,0698195555556	-1,93938128395
59,8	0,0208743417445	-0,167688888889	-1,46437286419
59,85	0,00934954174455	-0,226837333333	-0,746562790114
59,9	-0,00382165825545	-0,240465866666	-0,0917969629438
59,95	-0,0164440582555	-0,220053555553	0,286561679033
60	-0,0249504582555	-0,193604444441	0,457621283966
