0,05	0,5869416	-0,0435991111111	-0,107761283951
0,1	0,5850208	-0,0496968888889	-0,0641198271605
0,15	0,5822768	-0,0552458666667	0,041973037037
0,2	0,578984	-0,050764	0,235492790123
0,25	0,5765144	-0,031556	0,429148049383
0,3	0,5754168	-0,002744	0,510045234568
0,35	0,57624	0,0262204444444	0,436160493827
0,4	0,5784352	0,0461906666667	0,234425679012
0,45	0,5814536	0,0519835555556	-0,0288797530864
0,5	0,5841976	0,0432942222222	-0,28939037037
0,55	0,5863928	0,0204275555556	-0,477913333333
0,6	0,5866672	-0,0112808888889	-0,510942962963
0,65	0,5850208	-0,0382635555556	-0,37128691358
0,7	0,5822768	-0,052136	-0,136945925926
0,75	0,5792584	-0,0532031111111	0,137030617284
0,8	0,57624	-0,0364342222222	0,37560617284
0,85	0,5756912	-0,0161591111111	0,579204197531
0,9	0,5732216	0,0277448888889	0,617484691358
0,95	0,5787096	0,0647888888889	0,286510864198
1	0,5820024	0,0588435555556	-0,115264938272
1,05	0,5847464	0,043904	-0,358752592593
1,1	0,5866672	0,019208	-0,49434345679
1,15	0,5869416	-0,0100613333333	-0,501372839506
1,2	0,5855696	-0,0367391111111	-0,371371604938
1,25	0,5828256	-0,0525933333333	-0,120007654321
1,3	0,5795328	-0,0506115555556	0,17234691358
1,35	0,5770632	-0,0323182222222	0,399065679012
1,4	0,5759656	-0,00518311111111	0,496714814815
1,45	0,5765144	0,0230191111111	0,450642716049
1,5	0,5784352	0,0458857777778	0,261611604938
1,55	0,581728	0,0539653333333	-0,0290491358025
1,6	0,5847464	0,0420746666667	-0,30268691358
1,65	0,5863928	0,0182933333333	-0,459535308642
1,7	0,5866672	-0,00899422222222	-0,484095802469
1,75	0,5855696	-0,0361293333333	-0,361462716049
1,8	0,5825512	-0,0513737777778	-0,105101975309
1,85	0,5795328	-0,0472577777778	0,171245925926
1,9	0,5773376	-0,0304888888889	0,372726666667
1,95	0,57624	-0,00625022222222	0,475711358025
2	0,5765144	0,0216471111111	0,454284444444
2,05	0,5784352	0,046648	0,267794074074
2,1	0,5820024	0,0539653333333	-0,0348928395062
2,15	0,5847464	0,0410075555556	-0,302009382716
2,2	0,5863928	0,0189031111111	-0,46004345679
2,25	0,5869416	-0,0100613333333	-0,487229382716
2,3	0,5852952	-0,0362817777778	-0,360785185185
2,35	0,5828256	-0,0510688888889	-0,119668888889
2,4	0,5795328	-0,0501542222222	0,164131851852
2,45	0,5770632	-0,0321657777778	0,391189382716
2,5	0,5759656	-0,00533555555556	0,48748345679
2,55	0,5765144	0,0224093333333	0,440056296296
2,6	0,5784352	0,0440564444444	0,26025654321
2,65	0,5814536	0,0525933333333	-0,0131271604938
2,7	0,584472	0,0431417777778	-0,291507654321
2,75	0,5863928	0,019208	-0,471561481481
2,8	0,5866672	-0,0111284444444	-0,489007901235
2,85	0,5850208	-0,0362817777778	-0,350452839506
2,9	0,5825512	-0,0496968888889	-0,123649382716
2,95	0,5795328	-0,0496968888889	0,117805679012
3	0,5767888	-0,0338426666667	0,268640987654
3,05	0,5759656	-0,0144822222222	0,27270617284
3,1	0,57624	-0,00716488888889	0,277194814815
3,15	0,5751424	0,002744	0,423372098765
3,2	0,5745936	0,0437515555556	0,380518271605
3,25	0,5806304	0,0614351111111	-0,0432772839506
3,3	0,5825512	0,0422271111111	-0,50247382716
3,35	0,5863928	-0,00594533333333	-0,622820246914
3,4	0,5814536	-0,045276	-0,26237382716
3,45	0,5787096	-0,0282022222222	0,0717335802469
3,5	0,5795328	-0,0208848888889	0,122294320988
3,55	0,5773376	-0,0211897777778	0,226464691358
3,6	0,57624	-0,00243911111111	0,371879753086
3,65	0,5767888	0,0225617777778	0,391104691358
3,7	0,5787096	0,0440564444444	0,249077283951
3,75	0,581728	0,0525933333333	-0,0126190123457
3,8	0,5847464	0,0432942222222	-0,28642617284
3,85	0,5866672	0,0196653333333	-0,463346419753
3,9	0,5869416	-0,009604	-0,486551851852
3,95	0,5855696	-0,035672	-0,35155382716
4	0,5828256	-0,0490871111111	-0,111284444444
4,05	0,5800816	-0,04802	0,156679012346
4,1	0,5773376	-0,0310986666667	0,36485037037
4,15	0,5765144	-0,00503066666667	0,435398271605
4,2	0,5770632	0,0185982222222	0,371371604938
4,25	0,578984	0,0310986666667	0,28168345679
4,3	0,5795328	0,0500017777778	0,11018345679
4,35	0,5847464	0,0519835555556	-0,229005432099
4,4	0,5863928	0,0222568888889	-0,472239012346
4,45	0,5866672	-0,00564044444444	-0,50205037037
4,5	0,585844	-0,0336902222222	-0,378231604938
4,55	0,5828256	-0,0492395555556	-0,120769876543
4,6	0,5800816	-0,0464955555556	0,153630123457
4,65	0,577612	-0,030184	0,352400740741
4,7	0,5767888	-0,00625022222222	0,434974814815
4,75	0,5770632	0,0170737777778	0,411430617284
4,8	0,5784352	0,0394831111111	0,270842962963
4,85	0,5814536	0,0504591111111	0,00237135802469
4,9	0,584472	0,0405502222222	-0,279820246914
4,95	0,5861184	0,016464	-0,439209382716
5	0,5861184	-0,00975644444444	-0,449372345679
5,05	0,5850208	-0,032928	-0,338850123457
5,1	0,5825512	-0,0481724444444	-0,120854567901
5,15	0,5795328	-0,0477151111111	0,151258765432
5,2	0,5770632	-0,0310986666667	0,37687654321
5,25	0,5759656	-0,00396355555556	0,469274814815
5,3	0,5767888	0,021952	0,414987654321
5,35	0,5784352	0,0413124444444	0,252803703704
5,4	0,5811792	0,0519835555556	-0,0176158024691
5,45	0,584472	0,042532	-0,328348395062
5,5	0,5863928	0,0141773333333	-0,517548888889
5,55	0,5863928	-0,023324	-0,431841234568
5,6	0,5825512	-0,0349097777778	-0,207239753086
5,65	0,5825512	-0,0368915555556	-0,0727498765432
5,7	0,5795328	-0,045276	0,113232345679
5,75	0,5767888	-0,0300315555556	0,354856790123
5,8	0,5759656	-0,00335377777778	0,466564691358
5,85	0,5765144	0,0240862222222	0,414733580247
5,9	0,5787096	0,0435991111111	0,226718765432
5,95	0,5814536	0,0492395555556	-0,0253227160494
6	0,5841976	0,0408551111111	-0,270842962963
6,05	0,5861184	0,0190555555556	-0,438108395062
6,1	0,5863928	-0,00914666666667	-0,461737283951
6,15	0,5850208	-0,0335377777778	-0,335885925926
6,2	0,5825512	-0,046648	-0,112216049383
6,25	0,5798072	-0,0460382222222	0,143382469136
6,3	0,5773376	-0,0309462222222	0,362055555556
6,35	0,57624	-0,00503066666667	0,466310617284
6,4	0,5767888	0,0221044444444	0,419476296296
6,45	0,5787096	0,0428368888889	0,234595061728
6,5	0,581728	0,0486297777778	-0,0236288888889
6,55	0,5841976	0,0394831111111	-0,264321728395
6,6	0,5861184	0,0190555555556	-0,428538271605
6,65	0,5863928	-0,008232	-0,468512592593
6,7	0,5852952	-0,0343	-0,355110864198
6,75	0,5825512	-0,0503066666667	-0,101968395062
6,8	0,5792584	-0,0451235555556	0,171245925926
6,85	0,577612	-0,0285071111111	0,352061975309
6,9	0,57624	-0,00625022222222	0,437176790123
6,95	0,5767888	0,0196653333333	0,404824691358
7	0,5784352	0,0396355555556	0,245435555556
7,05	0,5811792	0,0487822222222	-0,0112639506173
7,1	0,5841976	0,0387208888889	-0,270758271605
7,15	0,5855696	0,0163115555556	-0,41676617284
7,2	0,585844	-0,008232	-0,434720740741
7,25	0,5847464	-0,0318608888889	-0,331312592593
7,3	0,5822768	-0,0460382222222	-0,119414814815
7,35	0,5795328	-0,0458857777778	0,138809135802
7,4	0,5770632	-0,0307937777778	0,361632098765
7,45	0,5759656	-0,00472577777778	0,46648
7,5	0,5765144	0,0230191111111	0,408889876543
7,55	0,5787096	0,0414648888889	0,223839259259
7,6	0,5811792	0,0472577777778	-0,0149056790124
7,65	0,5839232	0,0402453333333	-0,255259753086
7,7	0,585844	0,0190555555556	-0,425997530864
7,75	0,5861184	-0,00868933333333	-0,453522222222
7,8	0,5847464	-0,0321657777778	-0,340543950617
7,85	0,5825512	-0,046648	-0,128730864198
7,9	0,5795328	-0,0474102222222	0,132541975309
7,95	0,5770632	-0,0317084444444	0,352570123457
8	0,5759656	-0,00640266666667	0,4459
8,05	0,5765144	0,0181408888889	0,409228641975
8,1	0,5778864	0,0390257777778	0,257969876543
8,15	0,5809048	0,04802	0,0149903703704
8,2	0,5833744	0,04116	-0,240608148148
8,25	0,5855696	0,0210373333333	-0,42532
8,3	0,585844	-0,00731733333333	-0,468089135802
8,35	0,5847464	-0,0330804444444	-0,344185679012
8,4	0,5820024	-0,0469528888889	-0,10162962963
8,45	0,5792584	-0,0431417777778	0,150327160494
8,5	0,5773376	-0,0291168888889	0,341052098765
8,55	0,5759656	-0,00594533333333	0,445645925926
8,6	0,5765144	0,0213422222222	0,410244938272
8,65	0,5784352	0,04116	0,236966419753
8,7	0,5811792	0,0481724444444	-0,0110945679012
8,75	0,5839232	0,0394831111111	-0,249924197531
8,8	0,5855696	0,0196653333333	-0,406941975309
8,85	0,5861184	-0,00579288888889	-0,448948888889
8,9	0,5850208	-0,0310986666667	-0,351807901235
8,95	0,5825512	-0,0460382222222	-0,137708148148
9	0,5798072	-0,0464955555556	0,11746691358
9,05	0,5773376	-0,0330804444444	0,341221481481
9,1	0,5759656	-0,00777466666667	0,455893580247
9,15	0,5765144	0,0190555555556	0,418629382716
9,2	0,5781608	0,0393306666667	0,252634320988
9,25	0,5809048	0,0478675555556	0,00372641975308
9,3	0,5836488	0,0402453333333	-0,252210864198
9,35	0,5855696	0,0182933333333	-0,41202345679
9,4	0,5855696	-0,00701244444444	-0,432857530864
9,45	0,5847464	-0,0297266666667	-0,333006419753
9,5	0,5822768	-0,0442088888889	-0,135675555556
9,55	0,5798072	-0,0457333333333	0,114418024691
9,6	0,5770632	-0,0323182222222	0,344778518519
9,65	0,5759656	-0,00594533333333	0,455639506173
9,7	0,5765144	0,02058	0,402114567901
9,75	0,5784352	0,038416	0,237389876543
9,8	0,5806304	0,0474102222222	-0,00118567901235
9,85	0,5839232	0,0396355555556	-0,258308641975
9,9	0,5852952	0,0167688888889	-0,413039753086
9,95	0,5855696	-0,00762222222222	-0,431671851852
10	0,584472	-0,0304888888889	-0,338341975309
10,05	0,5822768	-0,0460382222222	-0,136268395062
10,1	0,5792584	-0,0472577777778	0,128984938272
10,15	0,5767888	-0,031556	0,35714345679
10,2	0,5756912	-0,00579288888889	0,456994567901
10,25	0,57624	0,0201226666667	0,411684691358
10,3	0,5778864	0,0407026666667	0,238321481481
10,35	0,5809048	0,0475626666667	-0,0152444444444
10,4	0,5833744	0,0379586666667	-0,24738345679
10,45	0,5850208	0,019208	-0,395847407407
10,5	0,5855696	-0,00579288888889	-0,435821728395
10,55	0,584472	-0,0304888888889	-0,334276790123
10,6	0,5820024	-0,043904	-0,124496296296
10,65	0,5795328	-0,0440564444444	0,116958765432
10,7	0,5770632	-0,0309462222222	0,325638271605
10,75	0,5759656	-0,00731733333333	0,433958518519
10,8	0,57624	0,0185982222222	0,401267654321
10,85	0,5781608	0,0375013333333	0,251702716049
10,9	0,580356	0,046648	0,0282022222222
10,95	0,5833744	0,0420746666667	-0,226464691358
11	0,5852952	0,0214946666667	-0,417274320988
11,05	0,585844	-0,00640266666667	-0,457756790123
11,1	0,584472	-0,0309462222222	-0,343169382716
11,15	0,5822768	-0,0445137777778	-0,130848148148
11,2	0,5795328	-0,0455808888889	0,119076049383
11,25	0,5770632	-0,0314035555556	0,336055308642
11,3	0,5759656	-0,00731733333333	0,443698024691
11,35	0,57624	0,0190555555556	0,409059259259
11,4	0,5781608	0,0388733333333	0,247722222222
11,45	0,5806304	0,046648	0,0156679012346
11,5	0,5833744	0,0408551111111	-0,224516790123
11,55	0,5852952	0,0216471111111	-0,400928888889
11,6	0,585844	-0,00472577777778	-0,447763209877
11,65	0,5847464	-0,0292693333333	-0,349351851852
11,7	0,5825512	-0,0448186666667	-0,132626666667
11,75	0,5795328	-0,0440564444444	0,122548395062
11,8	0,577612	-0,0300315555556	0,325130123457
11,85	0,57624	-0,00807955555556	0,437261481481
11,9	0,5765144	0,019208	0,414902962963
11,95	0,5784352	0,0400928888889	0,243826419753
12	0,5811792	0,046648	-0,00313358024692
12,05	0,5836488	0,0391782222222	-0,24137037037
12,1	0,5855696	0,0201226666667	-0,414648888889
12,15	0,5861184	-0,008232	-0,450473333333
12,2	0,584472	-0,031556	-0,333683950617
12,25	0,5825512	-0,0449711111111	-0,127883950617
12,3	0,5795328	-0,046648	0,127037037037
12,35	0,5770632	-0,0304888888889	0,339612345679
12,4	0,57624	-0,00746977777778	0,435144197531
12,45	0,57624	0,017836	0,408127654321
12,5	0,5781608	0,0387208888889	0,252126172839
12,55	0,5806304	0,0472577777778	0,0058437037037
12,6	0,5836488	0,0390257777778	-0,235696049383
12,65	0,5850208	0,0190555555556	-0,380941728395
12,7	0,5855696	-0,00335377777778	-0,418714074074
12,75	0,5847464	-0,0263728888889	-0,354263950617
12,8	0,5828256	-0,0446662222222	-0,159389135802
12,85	0,5795328	-0,0464955555556	0,11746691358
12,9	0,5773376	-0,030184	0,339273580247
12,95	0,57624	-0,00625022222222	0,42616691358
13	0,5767888	0,0173786666667	0,388140493827
13,05	0,5781608	0,0359768888889	0,254412839506
13,1	0,5806304	0,0469528888889	0,0306582716049
13,15	0,5836488	0,0407026666667	-0,223077037037
13,2	0,5852952	0,0207324444444	-0,395085185185
13,25	0,585844	-0,00365866666667	-0,452421234568
13,3	0,5850208	-0,0292693333333	-0,393306666667
13,35	0,5825512	-0,0472577777778	-0,228412592593
13,4	0,5798072	-0,053508	-0,00957012345679
13,45	0,5770632	-0,052136	0,285325185185
13,5	0,573496	-0,0268302222222	0,584455061728
13,55	0,573496	0,0157017777778	0,667367901235
13,6	0,5751424	0,0553373333333	0,428114814815
13,65	0,580356	0,0676853333333	-0,00686
13,7	0,5833744	0,0487822222222	-0,34384691358
13,75	0,5852952	0,0237813333333	-0,481724444444
13,8	0,585844	-0,00442088888889	-0,478675555556
13,85	0,5847464	-0,028812	-0,352316049383
13,9	0,5825512	-0,0434466666667	-0,137454074074
13,95	0,5798072	-0,043904	0,108828395062
14	0,577612	-0,0310986666667	0,318524197531
14,05	0,57624	-0,00777466666667	0,427521975309
14,1	0,5767888	0,0172262222222	0,403384938272
14,15	0,5781608	0,0373488888889	0,259748395062
14,2	0,5809048	0,0474102222222	0,0210034567901
14,25	0,5836488	0,0405502222222	-0,237135802469
14,3	0,5855696	0,0198177777778	-0,409059259259
14,35	0,585844	-0,00655511111111	-0,439548148148
14,4	0,5847464	-0,0295742222222	-0,336309382716
14,45	0,5825512	-0,0440564444444	-0,136268395062
14,5	0,5798072	-0,0454284444444	0,112300740741
14,55	0,5773376	-0,031556	0,329195308642
14,6	0,57624	-0,00777466666667	0,437684938272
14,65	0,5765144	0,0176835555556	0,413039753086
14,7	0,5781608	0,0388733333333	0,258478024691
14,75	0,5809048	0,0477151111111	0,0111792592593
14,8	0,5836488	0,0403977777778	-0,242301975309
14,85	0,5855696	0,0189031111111	-0,397710617284
14,9	0,5855696	-0,00503066666667	-0,420577283951
14,95	0,5850208	-0,02744	-0,332244197531
15	0,5825512	-0,0426844444444	-0,141095802469
15,05	0,5800816	-0,0429893333333	0,0874014814815
15,1	0,5778864	-0,0330804444444	0,29498
15,15	0,57624	-0,010976	0,431925925926
15,2	0,5765144	0,016464	0,422271111111
15,25	0,5781608	0,0379586666667	0,261865679012
15,3	0,5809048	0,0460382222222	0,0182086419753
15,35	0,5833744	0,0393306666667	-0,220620987654
15,4	0,5852952	0,0211897777778	-0,390765925926
15,45	0,585844	-0,00472577777778	-0,44031037037
15,5	0,5847464	-0,0289644444444	-0,346472345679
15,55	0,5825512	-0,043904	-0,144229382716
15,6	0,5798072	-0,0454284444444	0,104339753086
15,65	0,5773376	-0,0318608888889	0,316491604938
15,7	0,57624	-0,00884177777778	0,419052839506
15,75	0,5765144	0,0143297777778	0,408551111111
15,8	0,577612	0,0367391111111	0,278803950617
15,85	0,5806304	0,0481724444444	0,0259155555556
15,9	0,5833744	0,0396355555556	-0,23493382716
15,95	0,5850208	0,0199702222222	-0,397117777778
16	0,5855696	-0,00518311111111	-0,433789135802
16,05	0,584472	-0,0289644444444	-0,334700246914
16,1	0,5822768	-0,0432942222222	-0,128222716049
16,15	0,5795328	-0,0434466666667	0,117128148148
16,2	0,5773376	-0,0295742222222	0,318016049383
16,25	0,57624	-0,00731733333333	0,416935555556
16,3	0,5765144	0,0172262222222	0,390850617284
16,35	0,5781608	0,0367391111111	0,244503950617
16,4	0,5806304	0,0454284444444	0,0123649382716
16,45	0,5833744	0,0385684444444	-0,231207407407
16,5	0,5850208	0,0190555555556	-0,397964691358
16,55	0,5855696	-0,00701244444444	-0,430062716049
16,6	0,5841976	-0,0303364444444	-0,31598345679
16,65	0,5820024	-0,0420746666667	-0,114418024691
16,7	0,5795328	-0,0422271111111	0,106880493827
16,75	0,5773376	-0,0307937777778	0,307344938272
16,8	0,5759656	-0,00853688888889	0,428284197531
16,85	0,57624	0,0184457777778	0,404147160494
16,9	0,5781608	0,0381111111111	0,239422469136
16,95	0,5806304	0,0446662222222	0,0126190123457
17	0,5831	0,0390257777778	-0,210627407407
17,05	0,5850208	0,0214946666667	-0,377554074074
17,1	0,5855696	-0,00320133333333	-0,433365679012
17,15	0,5847464	-0,0282022222222	-0,343762222222
17,2	0,5822768	-0,0428368888889	-0,134574567901
17,25	0,5798072	-0,042532	0,10417037037
17,3	0,577612	-0,0309462222222	0,308445925926
17,35	0,57624	-0,00853688888889	0,427606666667
17,4	0,5765144	0,0182933333333	0,399404444444
17,45	0,5784352	0,0376537777778	0,231376790123
17,5	0,5809048	0,0431417777778	0,0107558024691
17,55	0,5831	0,038416	-0,205884691358
17,6	0,5852952	0,0210373333333	-0,376622469136
17,65	0,5855696	-0,00426844444444	-0,430147407407
17,7	0,5847464	-0,0275924444444	-0,349351851852
17,75	0,5825512	-0,043904	-0,153799506173
17,8	0,5798072	-0,0464955555556	0,113401728395
17,85	0,5770632	-0,0310986666667	0,34342345679
17,9	0,57624	-0,00518311111111	0,426336296296
17,95	0,5767888	0,0173786666667	0,370101234568
18	0,5781608	0,0349097777778	0,225617777778
18,05	0,5806304	0,0429893333333	0,0116874074074
18,1	0,5831	0,0365866666667	-0,209611111111
18,15	0,5847464	0,019208	-0,365527901235
18,2	0,5852952	-0,00472577777778	-0,408466419753
18,25	0,5841976	-0,0269826666667	-0,323012839506
18,3	0,5822768	-0,0413124444444	-0,135167407407
18,35	0,5795328	-0,0428368888889	0,104424444444
18,4	0,5773376	-0,0294217777778	0,310563209877
18,45	0,57624	-0,00731733333333	0,413971358025
18,5	0,5765144	0,0172262222222	0,38974962963
18,55	0,5781608	0,0367391111111	0,242047901235
18,6	0,5806304	0,045276	0,00728345679012
18,65	0,5833744	0,0381111111111	-0,23882962963
18,7	0,5850208	0,0175311111111	-0,397541234568
18,75	0,5852952	-0,00746977777778	-0,420577283951
18,8	0,5841976	-0,0303364444444	-0,308615308642
18,85	0,581728	-0,0417697777778	-0,111199753086
18,9	0,5795328	-0,0413124444444	0,0974797530864
18,95	0,5773376	-0,0321657777778	0,299468641975
19	0,5756912	-0,00975644444444	0,443698024691
19,05	0,5759656	0,0198177777778	0,422186419753
19,1	0,5781608	0,0399404444444	0,238152098765
19,15	0,5806304	0,045276	0,00025407407407
19,2	0,5831	0,0390257777778	-0,222738271605
19,25	0,5850208	0,0210373333333	-0,388987407407
19,3	0,5855696	-0,00472577777778	-0,438108395062
19,35	0,584472	-0,0289644444444	-0,343508148148
19,4	0,5822768	-0,0437515555556	-0,13804691358
19,45	0,5795328	-0,0449711111111	0,116535308642
19,5	0,5770632	-0,0300315555556	0,325130123457
19,55	0,57624	-0,00746977777778	0,419560987654
19,6	0,57624	0,0170737777778	0,387632345679
19,65	0,5781608	0,0362817777778	0,235103209877
19,7	0,580356	0,0437515555556	0,00838444444444
19,75	0,5831	0,0376537777778	-0,226549382716
19,8	0,5847464	0,0176835555556	-0,383059012346
19,85	0,5850208	-0,00655511111111	-0,405840987654
19,9	0,5839232	-0,0275924444444	-0,31039382716
19,95	0,5820024	-0,0413124444444	-0,123564691358
20	0,5792584	-0,0423795555556	0,112978271605
20,05	0,5770632	-0,0280497777778	0,30785308642
20,1	0,57624	-0,00716488888889	0,400928888889
20,15	0,57624	0,0161591111111	0,385515061728
20,2	0,5778864	0,0371964444444	0,237559259259
20,25	0,5806304	0,0437515555556	0,00440395061728
20,3	0,5828256	0,0368915555556	-0,218757777778
20,35	0,5847464	0,0190555555556	-0,373742962963
20,4	0,5850208	-0,00518311111111	-0,412955061728
20,45	0,5841976	-0,0282022222222	-0,315814074074
20,5	0,581728	-0,0410075555556	-0,118991358025
20,55	0,5795328	-0,0405502222222	0,0988348148148
20,6	0,5773376	-0,0303364444444	0,293286172839
20,65	0,5759656	-0,00853688888889	0,412192839506
20,7	0,57624	0,0176835555556	0,380941728395
20,75	0,5781608	0,0355195555556	0,216132345679
20,8	0,580356	0,0405502222222	0,0078762962963
20,85	0,5825512	0,0359768888889	-0,196060493827
20,9	0,584472	0,0193604444444	-0,355026172839
20,95	0,5847464	-0,00350622222222	-0,414564197531
21	0,5841976	-0,02744	-0,345879506173
21,05	0,581728	-0,0442088888889	-0,144229382716
21,1	0,578984	-0,043904	0,102222469136
21,15	0,5767888	-0,0304888888889	0,275755061728
21,2	0,5756912	-0,0111284444444	0,332837037037
21,25	0,5756912	0,00807955555556	0,274145925926
21,3	0,5770632	0,0170737777778	0,178614074074
21,35	0,5773376	0,0248484444444	0,0829128395062
21,4	0,5795328	0,0297266666667	-0,08918
21,45	0,5811792	0,0175311111111	-0,276178518519
21,5	0,581728	-0,004116	-0,331566666667
21,55	0,5806304	-0,0230191111111	-0,227311604938
21,6	0,578984	-0,0318608888889	-0,0165148148148
21,65	0,5765144	-0,0222568888889	0,157864691358
21,7	0,5767888	-0,0103662222222	0,225702469136
21,75	0,5756912	-0,000304888888889	0,280667160494
21,8	0,57624	0,0184457777778	0,296927901235
21,85	0,577612	0,0347573333333	0,200549135802
21,9	0,5800816	0,0429893333333	0,00745283950617
21,95	0,5825512	0,0365866666667	-0,212151851852
22	0,5841976	0,0190555555556	-0,369508395062
22,05	0,5847464	-0,00518311111111	-0,411515308642
22,1	0,5836488	-0,0282022222222	-0,313358024691
22,15	0,5814536	-0,0408551111111	-0,114418024691
22,2	0,578984	-0,0400928888889	0,104339753086
22,25	0,5770632	-0,0289644444444	0,289305679012
22,3	0,5756912	-0,00853688888889	0,402029876543
22,35	0,5759656	0,0166164444444	0,388309876543
22,4	0,577612	0,0361293333333	0,24137037037
22,45	0,5800816	0,043904	0,0174464197531
22,5	0,5825512	0,0382635555556	-0,215454814815
22,55	0,584472	0,0195128888889	-0,379417283951
22,6	0,5847464	-0,00503066666667	-0,417020246914
22,65	0,5839232	-0,0282022222222	-0,315305925926
22,7	0,5814536	-0,0408551111111	-0,112554814815
22,75	0,5792584	-0,0399404444444	0,109251851852
22,8	0,5770632	-0,0285071111111	0,296335061728
22,85	0,5759656	-0,00701244444444	0,398557530864
22,9	0,57624	0,0169213333333	0,370355308642
22,95	0,5778864	0,0355195555556	0,216725185185
23	0,580356	0,0413124444444	-0,00203259259259
23,05	0,5825512	0,0344524444444	-0,206308148148
23,1	0,5841976	0,0176835555556	-0,342237777778
23,15	0,584472	-0,00335377777778	-0,386531358025
23,2	0,5839232	-0,0251533333333	-0,324706666667
23,25	0,581728	-0,0408551111111	-0,147871111111
23,3	0,5792584	-0,0429893333333	0,0937533333333
23,35	0,5767888	-0,0304888888889	0,309716296296
23,4	0,5756912	-0,00655511111111	0,406264444444
23,45	0,57624	0,0163115555556	0,362055555556
23,5	0,577612	0,032928	0,226972839506
23,55	0,5798072	0,0414648888889	0,0293879012346
23,6	0,5822768	0,0375013333333	-0,195721728395
23,65	0,5841976	0,0195128888889	-0,362902469136
23,7	0,584472	-0,00442088888889	-0,403639012346
23,75	0,5836488	-0,0263728888889	-0,313866172839
23,8	0,5814536	-0,0394831111111	-0,13076345679
23,85	0,5792584	-0,04116	0,0928217283951
23,9	0,5767888	-0,0298791111111	0,299638024691
23,95	0,5756912	-0,00640266666667	0,398896296296
24	0,57624	0,0163115555556	0,356889382716
24,05	0,577612	0,0327755555556	0,221298518519
24,1	0,5798072	0,0410075555556	0,0215962962963
24,15	0,5822768	0,0359768888889	-0,195721728395
24,2	0,5839232	0,0190555555556	-0,355110864198
24,25	0,584472	-0,00457333333333	-0,398134074074
24,3	0,5833744	-0,0263728888889	-0,309631604938
24,35	0,5814536	-0,0393306666667	-0,127375802469
24,4	0,578984	-0,0408551111111	0,0965481481481
24,45	0,5767888	-0,028812	0,29667382716
24,5	0,5756912	-0,00716488888889	0,401352345679
24,55	0,5759656	0,0169213333333	0,374928641975
24,6	0,577612	0,035672	0,224093333333
24,65	0,5800816	0,0419222222222	0,00855382716049
24,7	0,5822768	0,0362817777778	-0,203089876543
24,75	0,5841976	0,019208	-0,354687407407
24,8	0,584472	-0,004116	-0,391528148148
24,85	0,5836488	-0,0248484444444	-0,31039382716
24,9	0,581728	-0,0388733333333	-0,137962222222
24,95	0,5792584	-0,0408551111111	0,0840138271605
25	0,5770632	-0,0294217777778	0,281429382716
25,05	0,5759656	-0,00914666666667	0,392629135802
25,1	0,5759656	0,0149395555556	0,380264197531
25,15	0,577612	0,0349097777778	0,232308395062
25,2	0,5800816	0,0413124444444	0,0106711111111
25,25	0,5822768	0,0349097777778	-0,195128888889
25,3	0,5839232	0,019208	-0,338680740741
25,35	0,584472	-0,002744	-0,386361975309
25,4	0,5836488	-0,0243911111111	-0,315644691358
25,45	0,581728	-0,0387208888889	-0,142027407407
25,5	0,5792584	-0,0408551111111	0,0840985185185
25,55	0,5770632	-0,0292693333333	0,286087407407
25,6	0,5759656	-0,00868933333333	0,400759506173
25,65	0,5759656	0,016464	0,382635555556
25,7	0,5778864	0,0355195555556	0,229682962963
25,75	0,5800816	0,0419222222222	0,0132965432099
25,8	0,5825512	0,0364342222222	-0,197500246914
25,85	0,5841976	0,0196653333333	-0,346980493827
25,9	0,5847464	-0,00259155555556	-0,391951604938
25,95	0,5839232	-0,0243911111111	-0,319879259259
26	0,5820024	-0,0388733333333	-0,145584444444
26,05	0,5795328	-0,04116	0,0792711111111
26,1	0,5773376	-0,0303364444444	0,283800740741
26,15	0,5759656	-0,008232	0,385769135802
26,2	0,5765144	0,0147871111111	0,344016296296
26,25	0,5778864	0,0291168888889	0,218588395062
26,3	0,5795328	0,0385684444444	0,0390427160494
26,35	0,5822768	0,0352146666667	-0,178614074074
26,4	0,5836488	0,0187506666667	-0,345117283951
26,45	0,584472	-0,00472577777778	-0,390427160494
26,5	0,5831	-0,0268302222222	-0,290830123457
26,55	0,5811792	-0,0364342222222	-0,116958765432
26,6	0,5792584	-0,0390257777778	0,0785088888889
26,65	0,5767888	-0,0295742222222	0,281090617284
26,7	0,5756912	-0,00746977777778	0,399235061728
26,75	0,5759656	0,0167688888889	0,374335802469
26,8	0,577612	0,0355195555556	0,220620987654
26,85	0,5800816	0,0414648888889	0,000846913580247
26,9	0,5822768	0,0347573333333	-0,204783703704
26,95	0,5839232	0,0185982222222	-0,349182469136
27	0,584472	-0,00457333333333	-0,386616049383
27,05	0,5833744	-0,0257631111111	-0,294725925926
27,1	0,5814536	-0,0373488888889	-0,119838271605
27,15	0,5792584	-0,0388733333333	0,0854535802469
27,2	0,5770632	-0,0283546666667	0,273468395062
27,25	0,5759656	-0,00777466666667	0,373065432099
27,3	0,57624	0,0143297777778	0,348759012346
27,35	0,577612	0,031556	0,216640493827
27,4	0,5798072	0,0387208888889	0,0191402469136
27,45	0,5820024	0,0336902222222	-0,182509876543
27,5	0,5836488	0,0176835555556	-0,320980246914
27,55	0,5839232	-0,00259155555556	-0,360022962963
27,6	0,5833744	-0,0224093333333	-0,29667382716
27,65	0,5814536	-0,0362817777778	-0,137877530864
27,7	0,5792584	-0,0385684444444	0,0734274074074
27,75	0,5770632	-0,0283546666667	0,268302222222
27,8	0,5759656	-0,00777466666667	0,37213382716
27,85	0,57624	0,0143297777778	0,349690617284
27,9	0,577612	0,031556	0,221806666667
27,95	0,5798072	0,0390257777778	0,0310817283951
28	0,5820024	0,0347573333333	-0,164978765432
28,05	0,5836488	0,0210373333333	-0,321234320988
28,1	0,584472	-0,000762222222222	-0,39059654321
28,15	0,5836488	-0,0237813333333	-0,327332098765
28,2	0,581728	-0,0385684444444	-0,147701728395
28,25	0,5792584	-0,0407026666667	0,0827434567901
28,3	0,5770632	-0,0289644444444	0,282191604938
28,35	0,5759656	-0,00792711111111	0,377130617284
28,4	0,57624	0,0141773333333	0,345201975309
28,45	0,577612	0,0309462222222	0,209695802469
28,5	0,5798072	0,037044	0,024052345679
28,55	0,581728	0,0327755555556	-0,154307654321
28,6	0,5833744	0,02058	-0,300400246914
28,65	0,5841976	-0,000304888888889	-0,367475802469
28,7	0,5833744	-0,0216471111111	-0,309377530864
28,75	0,581728	-0,0359768888889	-0,142620246914
28,8	0,5792584	-0,0381111111111	0,0750365432099
28,85	0,5773376	-0,0269826666667	0,260764691358
28,9	0,57624	-0,00792711111111	0,354348641975
28,95	0,5765144	0,0126528888889	0,343762222222
29	0,577612	0,030184	0,237051111111
29,05	0,5798072	0,0402453333333	0,0436160493827
29,1	0,5822768	0,0359768888889	-0,178105925926
29,15	0,5839232	0,0196653333333	-0,338934814815
29,2	0,584472	-0,00259155555556	-0,390257777778
29,25	0,5836488	-0,0243911111111	-0,319709876543
29,3	0,581728	-0,0388733333333	-0,145923209877
29,35	0,5792584	-0,04116	0,0779160493827
29,4	0,5770632	-0,0304888888889	0,283292592593
29,45	0,5756912	-0,00838444444444	0,387208888889
29,5	0,57624	0,0141773333333	0,354772098765
29,55	0,5773376	0,0314035555556	0,216894567901
29,6	0,5798072	0,038416	0,017192345679
29,65	0,581728	0,0326231111111	-0,174210123457
29,7	0,5833744	0,0187506666667	-0,310901975309
29,75	0,5839232	-0,00213422222222	-0,35756691358
29,8	0,5831	-0,0217995555556	-0,291677037037
29,85	0,5814536	-0,0347573333333	-0,139740740741
29,9	0,5792584	-0,0381111111111	0,065297037037
29,95	0,5770632	-0,0282022222222	0,263220740741
30	0,5759656	-0,00777466666667	0,370185925926
30,05	0,57624	0,0143297777778	0,350960987654
30,1	0,577612	0,0317084444444	0,224008641975
30,15	0,5798072	0,0393306666667	0,0319286419753
30,2	0,5820024	0,035672	-0,174802962963
30,25	0,5839232	0,0196653333333	-0,328687160494
30,3	0,5841976	-0,00198177777778	-0,372896049383
30,35	0,5836488	-0,0222568888889	-0,304719506173
30,4	0,581728	-0,0362817777778	-0,14363654321
30,45	0,5795328	-0,0387208888889	0,0653817283951
30,5	0,5773376	-0,0289644444444	0,255429135802
30,55	0,57624	-0,00975644444444	0,364342222222
30,6	0,57624	0,012348	0,356804691358
30,65	0,577612	0,0309462222222	0,231800246914
30,7	0,5798072	0,0387208888889	0,0317592592593
30,75	0,5820024	0,0341475555556	-0,171415308642
30,8	0,5836488	0,019208	-0,318016049383
30,85	0,5841976	-0,00198177777778	-0,362563703704
30,9	0,5833744	-0,0217995555556	-0,29413308642
30,95	0,581728	-0,0347573333333	-0,140841728395
31	0,5795328	-0,0381111111111	0,0624175308642
31,05	0,5773376	-0,0283546666667	0,256191358025
31,1	0,57624	-0,00838444444444	0,359176049383
31,15	0,5765144	0,0125004444444	0,345540740741
31,2	0,577612	0,0300315555556	0,232477777778
31,25	0,5798072	0,0396355555556	0,0343
31,3	0,5822768	0,0341475555556	-0,177682469136
31,35	0,5836488	0,0182933333333	-0,315475308642
31,4	0,5841976	-0,00106711111111	-0,361886172839
31,45	0,5836488	-0,021952	-0,305397037037
31,5	0,581728	-0,0361293333333	-0,145923209877
31,55	0,5795328	-0,0387208888889	0,0636032098765
31,6	0,5773376	-0,0289644444444	0,255005679012
31,65	0,57624	-0,00975644444444	0,364257530864
31,7	0,57624	0,012348	0,356804691358
31,75	0,577612	0,0309462222222	0,231800246914
31,8	0,5798072	0,0387208888889	0,0317592592593
31,85	0,5820024	0,0341475555556	-0,171330617284
31,9	0,5836488	0,019208	-0,317592592593
31,95	0,5841976	-0,00198177777778	-0,360785185185
32	0,5833744	-0,0216471111111	-0,291761728395
32,05	0,581728	-0,0344524444444	-0,139486666667
32,1	0,5795328	-0,0371964444444	0,0546259259259
32,15	0,577612	-0,0295742222222	0,251702716049
32,2	0,5759656	-0,00914666666667	0,374759259259
32,25	0,5765144	0,0149395555556	0,346472345679
32,3	0,5778864	0,0307937777778	0,19766962963
32,35	0,5800816	0,0355195555556	0,0143975308642
32,4	0,581728	0,0317084444444	-0,160066666667
32,45	0,5836488	0,0184457777778	-0,298452345679
32,5	0,5839232	-0,00198177777778	-0,346641728395
32,55	0,5833744	-0,0211897777778	-0,283716049383
32,6	0,5814536	-0,0330804444444	-0,147278271605
32,65	0,5798072	-0,0373488888889	0,0295572839506
32,7	0,5773376	-0,0317084444444	0,229344197531
32,75	0,5759656	-0,0120431111111	0,367645185185
32,8	0,5759656	0,0114333333333	0,366713580247
32,85	0,5773376	0,0303364444444	0,235611358025
32,9	0,5795328	0,0373488888889	0,0401437037037
32,95	0,5814536	0,0341475555556	-0,155239259259
33	0,5833744	0,02058	-0,312341728395
33,05	0,5839232	-0,00152444444444	-0,365612592593
33,1	0,5831	-0,0214946666667	-0,29413308642
33,15	0,5814536	-0,0343	-0,137792839506
33,2	0,5792584	-0,0367391111111	0,0567432098765
33,25	0,5773376	-0,0283546666667	0,240269382716
33,3	0,5759656	-0,00975644444445	0,352400740741
33,35	0,57624	0,0118906666667	0,349097777778
33,4	0,5773376	0,0295742222222	0,238660246914
33,45	0,5795328	0,0388733333333	0,0521698765432
33,5	0,581728	0,0359768888889	-0,15862691358
33,55	0,5836488	0,0211897777778	-0,323351604938
33,6	0,5841976	-0,001372	-0,374928641975
33,65	0,5833744	-0,0216471111111	-0,302094074074
33,7	0,581728	-0,0347573333333	-0,146600740741
33,75	0,5795328	-0,0382635555556	0,0542871604938
33,8	0,5773376	-0,0289644444444	0,242725432099
33,85	0,57624	-0,0103662222222	0,348674320988
33,9	0,57624	0,0103662222222	0,346387654321
33,95	0,5773376	0,028812	0,235441975309
34	0,5795328	0,0376537777778	0,0420916049383
34,05	0,581728	0,0327755555556	-0,151428148148
34,1	0,5831	0,0198177777778	-0,28684962963
34,15	0,5839232	0,001372	-0,348674320988
34,2	0,5833744	-0,0193604444444	-0,304804197531
34,25	0,581728	-0,0338426666667	-0,153630123457
34,3	0,5795328	-0,0375013333333	0,0579288888889
34,35	0,5773376	-0,0269826666667	0,247214074074
34,4	0,5765144	-0,00838444444444	0,340798024691
34,45	0,5765144	0,010976	0,335801234568
34,5	0,577612	0,0291168888889	0,232562469136
34,55	0,5798072	0,0381111111111	0,044547654321
34,6	0,5820024	0,0341475555556	-0,157102469136
34,65	0,5836488	0,0198177777778	-0,302432839506
34,7	0,5841976	0	-0,354348641975
34,75	0,5836488	-0,0198177777778	-0,302348148148
34,8	0,5820024	-0,0341475555556	-0,15650962963
34,85	0,5798072	-0,0381111111111	0,0473424691358
34,9	0,577612	-0,0289644444444	0,239507160494
34,95	0,5765144	-0,0103662222222	0,346302962963
35	0,5765144	0,0102137777778	0,344016296296
35,05	0,577612	0,0285071111111	0,234679753086
35,1	0,5798072	0,0367391111111	0,0525086419753
35,15	0,581728	0,0341475555556	-0,141011111111
35,2	0,5836488	0,0211897777778	-0,296843209877
35,25	0,5841976	0,000457333333333	-0,35799037037
35,3	0,5836488	-0,0195128888889	-0,305058271605
35,35	0,5820024	-0,0338426666667	-0,159897283951
35,4	0,5798072	-0,0373488888889	0,0336224691358
35,45	0,5778864	-0,0306413333333	0,22595654321
35,5	0,57624	-0,0128053333333	0,361970864198
35,55	0,57624	0,0120431111111	0,357058765432
35,6	0,5778864	0,0286595555556	0,223500493827
35,65	0,5795328	0,0355195555556	0,0470037037037
35,7	0,581728	0,0336902222222	-0,139401975309
35,75	0,5833744	0,0208848888889	-0,298028888889
35,8	0,5841976	0	-0,364680987654
35,85	0,5833744	-0,0211897777778	-0,304126666667
35,9	0,581728	-0,0344524444444	-0,146516049383
35,95	0,5795328	-0,0378062222222	0,0567432098765
36	0,5773376	-0,0275924444444	0,234340987654
36,05	0,5765144	-0,0105186666667	0,326231111111
36,1	0,57624	0,00838444444444	0,330889135803
36,15	0,5773376	0,0265253333333	0,238152098765
36,2	0,5792584	0,0359768888889	0,0620787654321
36,25	0,5814536	0,0336902222222	-0,136268395062
36,3	0,5831	0,0201226666667	-0,286172098765
36,35	0,5836488	0,00152444444444	-0,34901308642
36,4	0,5833744	-0,019208	-0,304296049383
36,45	0,5814536	-0,0335377777778	-0,153291358025
36,5	0,5795328	-0,0365866666667	0,0473424691358
36,55	0,5773376	-0,0283546666667	0,236373580247
36,6	0,57624	-0,00975644444445	0,348759012346
36,65	0,57624	0,0117382222222	0,341136790123
36,7	0,577612	0,0289644444444	0,224093333333
36,75	0,5795328	0,0367391111111	0,0422609876543
36,8	0,581728	0,0336902222222	-0,151089382716
36,85	0,5833744	0,0196653333333	-0,297266666667
36,9	0,5839232	0	-0,349775308642
36,95	0,5833744	-0,0196653333333	-0,297266666667
37	0,581728	-0,0336902222222	-0,151089382716
37,05	0,5795328	-0,0367391111111	0,0422609876543
37,1	0,577612	-0,0289644444444	0,224008641975
37,15	0,57624	-0,0117382222222	0,340713333333
37,2	0,57624	0,00975644444445	0,347065185185
37,25	0,5773376	0,0282022222222	0,234679753086
37,3	0,5795328	0,0362817777778	0,0494597530864
37,35	0,5814536	0,0327755555556	-0,135421481481
37,4	0,5831	0,0211897777778	-0,281175308642
37,45	0,5839232	0,00182933333333	-0,351723209877
37,5	0,5833744	-0,0190555555556	-0,304804197531
37,55	0,581728	-0,0333853333333	-0,150581234568
37,6	0,5795328	-0,0361293333333	0,0522545679012
37,65	0,577612	-0,0269826666667	0,231207407407
37,7	0,5765144	-0,00975644444445	0,333345185185
37,75	0,5765144	0,0103662222222	0,336055308642
37,8	0,577612	0,0285071111111	0,229428888889
37,85	0,5798072	0,0365866666667	0,0467496296296
37,9	0,581728	0,0336902222222	-0,149310864198
37,95	0,5836488	0,0196653333333	-0,299045185185
38	0,5839232	-0,000152444444444	-0,354263950617
38,05	0,5836488	-0,0201226666667	-0,302602222222
38,1	0,581728	-0,0350622222222	-0,146007901235
38,15	0,5795328	-0,0367391111111	0,0576748148148
38,2	0,577612	-0,0275924444444	0,229090123457
38,25	0,5765144	-0,0112808888889	0,335377777778
38,3	0,57624	0,00990888888889	0,34257654321
38,35	0,577612	0,0282022222222	0,232901234568
38,4	0,5795328	0,0362817777778	0,051322962963
38,45	0,581728	0,032928	-0,130594074074
38,5	0,5831	0,0216471111111	-0,274654074074
38,55	0,5841976	0,00335377777778	-0,357482222222
38,6	0,5836488	-0,0189031111111	-0,327416790123
38,65	0,5820024	-0,0344524444444	-0,181239506173
38,7	0,5798072	-0,0400928888889	0,0346387654321
38,75	0,5773376	-0,0309462222222	0,247044691358
38,8	0,57624	-0,010976	0,362987160494
38,85	0,57624	0,0103662222222	0,358244444444
38,9	0,5773376	0,0292693333333	0,243148888889
38,95	0,5795328	0,0390257777778	0,0352316049383
39	0,5820024	0,0326231111111	-0,171838765432
39,05	0,5831	0,0179884444444	-0,299722716049
39,1	0,5839232	-0,000609777777778	-0,344016296296
39,15	0,5831	-0,0199702222222	-0,29582691358
39,2	0,581728	-0,0341475555556	-0,155578024691
39,25	0,5792584	-0,0382635555556	0,0452251851852
39,3	0,5773376	-0,0292693333333	0,237051111111
39,35	0,5759656	-0,0114333333333	0,354518024691
39,4	0,5759656	0,0112808888889	0,354009876543
39,45	0,5773376	0,0289644444444	0,236542962963
39,5	0,5792584	0,0373488888889	0,054710617284
39,55	0,5814536	0,0355195555556	-0,149734320988
39,6	0,5833744	0,0210373333333	-0,314797777778
39,65	0,5839232	-0,00121955555556	-0,36273308642
39,7	0,5831	-0,0208848888889	-0,283631358025
39,75	0,5814536	-0,0323182222222	-0,130678765432
39,8	0,5795328	-0,0347573333333	0,0483587654321
39,85	0,577612	-0,0277448888889	0,224516790123
39,9	0,57624	-0,00975644444445	0,336902222222
39,95	0,5765144	0,0112808888889	0,330635061728
40	0,577612	0,02744	0,223500493827
40,05	0,5795328	0,0362817777778	0,0498832098765
40,1	0,581728	0,0335377777778	-0,146092592593
40,15	0,5833744	0,0196653333333	-0,29540345679
40,2	0,5839232	0	-0,351553827161
40,25	0,5833744	-0,0198177777778	-0,301670617284
40,3	0,581728	-0,0341475555556	-0,155916790123
40,35	0,5795328	-0,0381111111111	0,0497138271605
40,4	0,5773376	-0,028812	0,244588641975
40,45	0,57624	-0,00990888888889	0,353925185185
40,5	0,57624	0,0117382222222	0,343508148148
40,55	0,577612	0,0289644444444	0,224601481482
40,6	0,5795328	0,0367391111111	0,0423456790123
40,65	0,581728	0,0336902222222	-0,151089382716
40,7	0,5833744	0,0196653333333	-0,297181975309
40,75	0,5839232	0	-0,349182469136
40,8	0,5833744	-0,0196653333333	-0,294387160494
40,85	0,581728	-0,0335377777778	-0,14363654321
40,9	0,5795328	-0,0361293333333	0,0550493827161
40,95	0,577612	-0,0269826666667	0,231715555556
41	0,5765144	-0,00975644444445	0,333006419753
41,05	0,5765144	0,0103662222222	0,334192098765
41,1	0,577612	0,0283546666667	0,226634074074
41,15	0,5798072	0,0362817777778	0,0437854320988
41,2	0,581728	0,0326231111111	-0,142959012346
41,25	0,5833744	0,02058	-0,291761728395
41,3	0,5841976	0	-0,354856790123
41,35	0,5833744	-0,02058	-0,291761728395
41,4	0,581728	-0,0326231111111	-0,142959012346
41,45	0,5798072	-0,0362817777778	0,0437854320988
41,5	0,577612	-0,0283546666667	0,226549382716
41,55	0,5765144	-0,0103662222222	0,333599259259
41,6	0,5765144	0,00975644444445	0,330211604938
41,65	0,577612	0,0268302222222	0,224855555556
41,7	0,5795328	0,0355195555556	0,0450558024691
41,75	0,581728	0,0317084444444	-0,14448345679
41,8	0,5831	0,0182933333333	-0,276771358025
41,85	0,5836488	0,00121955555556	-0,33614
41,9	0,5833744	-0,0184457777778	-0,310224444444
41,95	0,581728	-0,0350622222222	-0,168789876543
42	0,5792584	-0,0385684444444	0,0425997530864
42,05	0,5773376	-0,0295742222222	0,231800246914
42,1	0,5759656	-0,0120431111111	0,34342345679
42,15	0,5759656	0,00929911111111	0,346387654321
42,2	0,5770632	0,0269826666667	0,243064197531
42,25	0,578984	0,0365866666667	0,0674990123457
42,3	0,5811792	0,0352146666667	-0,138555061728
42,35	0,5831	0,02058	-0,296673827161
42,4	0,5833744	0,00152444444444	-0,359260740741
42,45	0,5833744	-0,0196653333333	-0,314459012346
42,5	0,5811792	-0,0350622222222	-0,154307654321
42,55	0,5792584	-0,037044	0,0526780246914
42,6	0,5770632	-0,0286595555556	0,236712345679
42,65	0,5759656	-0,0102137777778	0,344778518519
42,7	0,5759656	0,0103662222222	0,342068395062
42,75	0,5770632	0,0286595555556	0,229852345679
42,8	0,5792584	0,0371964444444	0,0338765432099
42,85	0,5814536	0,0312511111111	-0,153121975309
42,9	0,5825512	0,019208	-0,28083654321
42,95	0,5836488	0,000914666666667	-0,341560246914
43	0,5828256	-0,0201226666667	-0,285071111111
43,05	0,5811792	-0,0318608888889	-0,132541975309
43,1	0,5792584	-0,0343	0,0492056790124
43,15	0,5773376	-0,0263728888889	0,216132345679
43,2	0,57624	-0,00990888888889	0,316237530864
43,25	0,57624	0,00945155555556	0,317931358025
43,3	0,5773376	0,0254582222222	0,229259506173
43,35	0,578984	0,035672	0,0640266666667
43,4	0,5814536	0,0335377777778	-0,135844938272
43,45	0,5828256	0,0199702222222	-0,288882222222
43,5	0,5836488	0,00106711111111	-0,353925185185
43,55	0,5831	-0,02058	-0,299129876543
43,6	0,5811792	-0,0335377777778	-0,137877530864
43,65	0,5792584	-0,0352146666667	0,0524239506173
43,7	0,5773376	-0,0278973333333	0,230953333333
43,75	0,5759656	-0,009604	0,343677530864
43,8	0,57624	0,0117382222222	0,336478765432
43,85	0,5773376	0,028812	0,218503703704
43,9	0,5795328	0,0362817777778	0,0345540740741
43,95	0,5814536	0,0321657777778	-0,15049654321
44	0,5831	0,019208	-0,286595555556
44,05	0,5836488	0	-0,336732839506
44,1	0,5831	-0,0190555555556	-0,279735555556
44,15	0,5814536	-0,031556	-0,137792839506
44,2	0,5795328	-0,0343	0,0422609876543
44,25	0,577612	-0,0268302222222	0,210712098765
44,3	0,5765144	-0,0111284444444	0,323097530864
44,35	0,57624	0,00975644444445	0,333429876543
44,4	0,577612	0,0277448888889	0,221129135802
44,45	0,5795328	0,0346048888889	0,0414140740741
44,5	0,5814536	0,0317084444444	-0,140587654321
44,55	0,5831	0,0190555555556	-0,283716049383
44,6	0,5836488	-0,000152444444444	-0,341052098765
44,65	0,5831	-0,0196653333333	-0,288628148148
44,7	0,5814536	-0,0333853333333	-0,135675555556
44,75	0,5792584	-0,0355195555556	0,0672449382716
44,8	0,5773376	-0,0250008888889	0,235950123457
44,85	0,5765144	-0,00792711111111	0,314967160494
44,9	0,5765144	0,0102137777778	0,301247160494
44,95	0,577612	0,0259155555556	0,199278765432
45	0,5795328	0,0323182222222	0,0437854320988
45,05	0,5811792	0,030184	-0,115434320988
45,1	0,5828256	0,0204275555556	-0,257800493827
45,15	0,5836488	0,00182933333333	-0,332159506173
45,2	0,5831	-0,0182933333333	-0,286341481482
45,25	0,5814536	-0,0310986666667	-0,142112098765
45,3	0,5795328	-0,0332328888889	0,030742962963
45,35	0,5778864	-0,0278973333333	0,197754320988
45,4	0,57624	-0,0117382222222	0,31598345679
45,45	0,5765144	0,00868933333333	0,323012839506
45,5	0,5773376	0,0248484444444	0,227735061728
45,55	0,5792584	0,0341475555556	0,0636879012346
45,6	0,5811792	0,0327755555556	-0,130255308642
45,65	0,5831	0,0193604444444	-0,282445679012
45,7	0,5833744	-0,000457333333333	-0,32758617284
45,75	0,5828256	-0,0167688888889	-0,283377283951
45,8	0,581728	-0,0317084444444	-0,161675802469
45,85	0,5792584	-0,0368915555556	0,0390427160494
45,9	0,5773376	-0,0272875555556	0,227735061728
45,95	0,57624	-0,0100613333333	0,329618765432
46	0,57624	0,00990888888889	0,327755555556
46,05	0,5773376	0,0268302222222	0,225363703704
46,1	0,5792584	0,035672	0,0498832098765
46,15	0,5814536	0,0321657777778	-0,135760246914
46,2	0,5828256	0,0198177777778	-0,271435802469
46,25	0,5836488	0,00198177777778	-0,330719753086
46,3	0,5831	-0,0172262222222	-0,291931111111
46,35	0,581728	-0,0314035555556	-0,156001481482
46,4	0,5795328	-0,0355195555556	0,0393814814815
46,45	0,577612	-0,0268302222222	0,220875061728
46,5	0,5765144	-0,00990888888889	0,322504691358
46,55	0,5765144	0,00975644444445	0,320302716049
46,6	0,577612	0,0263728888889	0,216555802469
46,65	0,5795328	0,0341475555556	0,0469190123457
46,7	0,5814536	0,031556	-0,135421481481
46,75	0,5831	0,0190555555556	-0,278634567901
46,8	0,5836488	0	-0,333683950617
46,85	0,5831	-0,0190555555556	-0,278634567901
46,9	0,5814536	-0,031556	-0,13550617284
46,95	0,5795328	-0,0341475555556	0,0463261728395
47	0,577612	-0,0263728888889	0,213760987654
47,05	0,5765144	-0,00990888888889	0,313442716049
47,1	0,5765144	0,00929911111111	0,312680493827
47,15	0,577612	0,0250008888889	0,221213827161
47,2	0,5792584	0,0341475555556	0,0627562962963
47,25	0,5814536	0,032928	-0,128138024691
47,3	0,5831	0,0196653333333	-0,27998962963
47,35	0,5836488	0,000609777777778	-0,33571654321
47,4	0,5831	-0,017836	-0,292862716049
47,45	0,581728	-0,0321657777778	-0,161252345679
47,5	0,5795328	-0,0373488888889	0,0413293827161
47,55	0,5773376	-0,0282022222222	0,24137037037
47,6	0,57624	-0,00853688888889	0,340713333333
47,65	0,5765144	0,0114333333333	0,314882469136
47,7	0,577612	0,0265253333333	0,19851654321
47,75	0,5795328	0,0327755555556	0,0381958024691
47,8	0,5811792	0,0309462222222	-0,133219506173
47,85	0,5831	0,0185982222222	-0,276601975309
47,9	0,5833744	-0,00106711111111	-0,322589382716
47,95	0,5828256	-0,0179884444444	-0,265253333333
48	0,5814536	-0,0309462222222	-0,126020740741
48,05	0,5792584	-0,032928	0,061824691358
48,1	0,577612	-0,0230191111111	0,214946666667
48,15	0,5767888	-0,00792711111111	0,291592345679
48,2	0,5767888	0,00868933333333	0,296335061728
48,25	0,577612	0,0250008888889	0,216555802469
48,3	0,5795328	0,0347573333333	0,0448017283951
48,35	0,581728	0,0307937777778	-0,151597530864
48,4	0,5831	0,0160066666667	-0,276178518519
48,45	0,5833744	-0,001372	-0,300061481482
48,5	0,5828256	-0,0163115555556	-0,255683209877
48,55	0,581728	-0,0294217777778	-0,14533037037
48,6	0,5795328	-0,0338426666667	0,0282022222222
48,65	0,5778864	-0,02744	0,211304938272
48,7	0,57624	-0,009604	0,322928148148
48,75	0,5767888	0,0114333333333	0,296843209877
48,8	0,5778864	0,023324	0,187506666667
48,85	0,5792584	0,0304888888889	0,0525933333333
48,9	0,5811792	0,0303364444444	-0,114502716049
48,95	0,5828256	0,0187506666667	-0,264660493827
49	0,5833744	0	-0,32758617284
49,05	0,5828256	-0,0190555555556	-0,275162222222
49,1	0,5811792	-0,0314035555556	-0,130594074074
49,15	0,5792584	-0,0336902222222	0,0526780246914
49,2	0,5773376	-0,0250008888889	0,213252839506
49,25	0,5765144	-0,009604	0,307175555556
49,3	0,57624	0,00884177777778	0,318270123457
49,35	0,5773376	0,0272875555556	0,216386419753
49,4	0,5795328	0,0339951111111	0,0365866666667
49,45	0,5811792	0,030184	-0,135336790123
49,5	0,5828256	0,0187506666667	-0,265338024691
49,55	0,5833744	0,000457333333333	-0,316322222222
49,6	0,5828256	-0,0170737777778	-0,269233827161
49,65	0,5814536	-0,0295742222222	-0,145499753086
49,7	0,5795328	-0,0336902222222	0,0266777777778
49,75	0,577612	-0,0268302222222	0,195806419753
49,8	0,5765144	-0,0117382222222	0,307344938272
49,85	0,57624	0,00777466666667	0,324621975309
49,9	0,5773376	0,0257631111111	0,22638
49,95	0,5792584	0,0338426666667	0,0492903703704
50	0,5811792	0,0310986666667	-0,139571358025
50,05	0,5828256	0,0175311111111	-0,274654074074
50,1	0,5831	-0,000304888888889	-0,316068148148
50,15	0,5828256	-0,0184457777778	-0,255683209877
50,2	0,5809048	-0,0291168888889	-0,117805679012
50,25	0,5795328	-0,0306413333333	0,0385345679012
50,3	0,577612	-0,0253057777778	0,190470864198
50,35	0,5765144	-0,00975644444445	0,293455555556
50,4	0,5765144	0,00868933333333	0,294725925926
50,45	0,577612	0,0230191111111	0,212914074074
50,5	0,578984	0,0321657777778	0,0726651851852
50,55	0,5811792	0,0324706666667	-0,110014074074
50,6	0,5828256	0,0199702222222	-0,263136049383
50,65	0,5833744	0,00213422222222	-0,324876049383
50,7	0,5831	-0,0169213333333	-0,28126
50,75	0,5814536	-0,0303364444444	-0,139317283951
50,8	0,5795328	-0,0321657777778	0,0366713580247
50,85	0,5778864	-0,0251533333333	0,18522
50,9	0,5767888	-0,0117382222222	0,284139506173
50,95	0,5765144	0,00594533333333	0,310393827161
51	0,5773376	0,0237813333333	0,23324
51,05	0,5792584	0,0333853333333	0,0647888888889
51,1	0,5811792	0,0312511111111	-0,126867654321
51,15	0,5828256	0,0187506666667	-0,272960246914
51,2	0,5833744	-0,000762222222222	-0,314543703704
51,25	0,5825512	-0,0170737777778	-0,252634320988
51,3	0,5814536	-0,0280497777778	-0,13118691358
51,35	0,5795328	-0,0324706666667	0,0386192592593
51,4	0,577612	-0,0242386666667	0,20410617284
51,45	0,5767888	-0,00838444444444	0,291338271605
51,5	0,5767888	0,00838444444444	0,291846419753
51,55	0,577612	0,0242386666667	0,20707037037
51,6	0,5795328	0,0326231111111	0,0464955555556
51,65	0,5814536	0,0286595555556	-0,11662
51,7	0,5825512	0,019208	-0,242725432099
51,75	0,5836488	0,00304888888889	-0,322081234568
51,8	0,5831	-0,0172262222222	-0,299129876543
51,85	0,581728	-0,0326231111111	-0,152783209877
51,9	0,5792584	-0,0353671111111	0,0559809876543
51,95	0,577612	-0,0250008888889	0,224940246914
52	0,5765144	-0,00838444444444	0,296504444444
52,05	0,5767888	0,00868933333333	0,271859259259
52,1	0,577612	0,0208848888889	0,186575061728
52,15	0,578984	0,0291168888889	0,0560656790124
52,2	0,5809048	0,0282022222222	-0,105017283951
52,25	0,5822768	0,0172262222222	-0,234256296296
52,3	0,5828256	0,00106711111111	-0,283716049383
52,35	0,5822768	-0,0138724444444	-0,259579012346
52,4	0,5814536	-0,0275924444444	-0,163284938272
52,45	0,5792584	-0,0343	0,0161760493827
52,5	0,5773376	-0,0265253333333	0,203682716049
52,55	0,57624	-0,0100613333333	0,309377530864
52,6	0,57624	0,00914666666667	0,306413333333
52,65	0,5773376	0,0243911111111	0,209357037037
52,7	0,578984	0,0321657777778	0,0580982716049
52,75	0,5809048	0,0310986666667	-0,112300740741
52,8	0,5825512	0,0196653333333	-0,250940493827
52,85	0,5831	0,00259155555556	-0,310309135803
52,9	0,5828256	-0,015092	-0,278041728395
52,95	0,5814536	-0,0289644444444	-0,156001481482
53	0,5795328	-0,0333853333333	0,0254074074074
53,05	0,577612	-0,0262204444444	0,199956296296
53,1	0,5765144	-0,0100613333333	0,299638024691
53,15	0,5765144	0,00853688888889	0,291761728395
53,2	0,577612	0,0224093333333	0,200718518519
53,25	0,578984	0,030184	0,0634338271605
53,3	0,5809048	0,0303364444444	-0,104085679012
53,35	0,5825512	0,0190555555556	-0,248823209877
53,4	0,5831	0,00121955555556	-0,302348148148
53,45	0,5825512	-0,015092	-0,262035061728
53,5	0,5814536	-0,0275924444444	-0,150750617284
53,55	0,5795328	-0,032928	0,020664691358
53,6	0,577612	-0,026068	0,198177777778
53,65	0,5765144	-0,00990888888889	0,304296049383
53,7	0,5765144	0,00914666666667	0,301670617284
53,75	0,577612	0,0242386666667	0,203174567901
53,8	0,5792584	0,0317084444444	0,0475118518519
53,85	0,5811792	0,0294217777778	-0,119160740741
53,9	0,5825512	0,0185982222222	-0,253057777778
53,95	0,5833744	0,000609777777778	-0,305142962963
54	0,5825512	-0,016464	-0,253904691358
54,05	0,5814536	-0,02744	-0,134998024691
54,1	0,5795328	-0,0314035555556	0,0214269135802
54,15	0,5778864	-0,0251533333333	0,174210123457
54,2	0,5767888	-0,0126528888889	0,286934320988
54,25	0,57624	0,00716488888889	0,311918271605
54,3	0,577612	0,0245435555556	0,208764197531
54,35	0,5792584	0,0303364444444	0,0472577777778
54,4	0,5809048	0,028812	-0,111623209877
54,45	0,5825512	0,0176835555556	-0,234171604938
54,5	0,5828256	0,00243911111111	-0,284986419753
54,55	0,5828256	-0,0135675555556	-0,262797283951
54,6	0,5814536	-0,0278973333333	-0,148379259259
54,65	0,5795328	-0,0312511111111	0,0268471604938
54,7	0,5778864	-0,0243911111111	0,187676049383
54,75	0,5767888	-0,00975644444445	0,285579259259
54,8	0,5767888	0,00777466666667	0,294641234568
54,85	0,577612	0,0237813333333	0,208171358025
54,9	0,5795328	0,031556	0,0525086419753
54,95	0,5811792	0,0294217777778	-0,114672098765
55	0,5828256	0,0187506666667	-0,248484444444
55,05	0,5833744	0,00106711111111	-0,30184
55,1	0,5828256	-0,0152444444444	-0,262712592593
55,15	0,581728	-0,0278973333333	-0,15219037037
55,2	0,5798072	-0,0338426666667	0,0260002469136
55,25	0,577612	-0,0250008888889	0,196483950617
55,3	0,5770632	-0,009604	0,275839753086
55,35	0,5767888	0,00487822222222	0,288628148148
55,4	0,5773376	0,021952	0,227142222222
55,45	0,5792584	0,0323182222222	0,0681765432099
55,5	0,5811792	0,0297266666667	-0,112978271605
55,55	0,5825512	0,0189031111111	-0,249839506173
55,6	0,5833744	0,00106711111111	-0,30184
55,65	0,5825512	-0,015092	-0,261188148148
55,7	0,581728	-0,0275924444444	-0,152867901235
55,75	0,5795328	-0,0330804444444	0,0150750617284
55,8	0,5778864	-0,0265253333333	0,187676049383
55,85	0,5765144	-0,0115857777778	0,297436049383
55,9	0,5765144	0,00807955555556	0,299553333333
55,95	0,577612	0,0222568888889	0,208510123457
56	0,578984	0,0303364444444	0,0726651851852
56,05	0,5809048	0,0309462222222	-0,0935839506173
56,1	0,5825512	0,0208848888889	-0,247891604938
56,15	0,5833744	0,00259155555556	-0,320048641975
56,2	0,5828256	-0,0163115555556	-0,275755061728
56,25	0,5814536	-0,028812	-0,141180493827
56,3	0,5795328	-0,0317084444444	0,0279481481482
56,35	0,5778864	-0,0250008888889	0,17708962963
56,4	0,5767888	-0,0118906666667	0,273722469136
56,45	0,5765144	0,00533555555556	0,294471851852
56,5	0,5773376	0,0216471111111	0,219689382716
56,55	0,578984	0,0307937777778	0,0677530864198
56,6	0,5809048	0,0291168888889	-0,102222469136
56,65	0,5822768	0,0182933333333	-0,226464691358
56,7	0,5828256	0,00396355555556	-0,286764938272
56,75	0,5828256	-0,0131102222222	-0,27312962963
56,8	0,5814536	-0,0278973333333	-0,15820345679
56,85	0,5795328	-0,0317084444444	0,0186320987654
56,9	0,5778864	-0,0257631111111	0,189878024691
56,95	0,5765144	-0,00990888888889	0,29582691358
57	0,5767888	0,00868933333333	0,292100493827
57,05	0,577612	0,0227142222222	0,203343950617
57,1	0,5792584	0,0312511111111	0,0580135802469
57,15	0,5811792	0,0294217777778	-0,106626419753
57,2	0,5825512	0,019208	-0,237982716049
57,25	0,5833744	0,00259155555556	-0,297351358025
57,3	0,5828256	-0,0144822222222	-0,263390123457
57,35	0,581728	-0,0269826666667	-0,150665925926
57,4	0,5798072	-0,031556	0,010247654321
57,45	0,5781608	-0,0262204444444	0,173786666667
57,5	0,5767888	-0,0118906666667	0,28168345679
57,55	0,5767888	0,00640266666667	0,289729135803
57,6	0,577612	0,0211897777778	0,202920493827
57,65	0,5792584	0,0282022222222	0,0699550617284
57,7	0,5806304	0,0289644444444	-0,0833362962963
57,75	0,5825512	0,0202751111111	-0,233494074074
57,8	0,5831	0,00243911111111	-0,307260246914
57,85	0,5828256	-0,0160066666667	-0,260341234568
57,9	0,5811792	-0,0277448888889	-0,120092345679
57,95	0,5795328	-0,0282022222222	0,0357397530864
58	0,5781608	-0,0225617777778	0,161675802469
58,05	0,5770632	-0,0111284444444	0,255937283951
58,1	0,5767888	0,005488	0,285155802469
58,15	0,577612	0,0216471111111	0,218588395062
58,2	0,5792584	0,0309462222222	0,0717335802469
58,25	0,5811792	0,0295742222222	-0,0964634567901
58,3	0,5825512	0,0196653333333	-0,229259506173
58,35	0,5833744	0,004116	-0,297690123457
58,4	0,5831	-0,0140248888889	-0,27355308642
58,45	0,581728	-0,0269826666667	-0,161337037037
58,5	0,5800816	-0,0320133333333	-0,00194790123457
58,55	0,5781608	-0,0278973333333	0,169721481481
58,6	0,5767888	-0,0128053333333	0,288628148148
58,65	0,5767888	0,00518311111111	0,309631604938
58,7	0,5773376	0,0221044444444	0,234256296296
58,75	0,5792584	0,0324706666667	0,0729192592593
58,8	0,5811792	0,0300315555556	-0,106202962963
58,85	0,5825512	0,0196653333333	-0,238914320988
58,9	0,5833744	0,00365866666667	-0,305312345679
58,95	0,5831	-0,0153968888889	-0,26838691358
59	0,5814536	-0,0269826666667	-0,143297777778
59,05	0,5800816	-0,0304888888889	0,00940074074074
59,1	0,5781608	-0,0268302222222	0,1715
59,15	0,5767888	-0,010976	0,277364197531
59,2	0,5770632	0,00594533333333	0,276432592593
59,25	0,577612	0,0189031111111	0,210712098765
59,3	0,578984	0,0291168888889	0,0889259259259
59,35	0,5809048	0,0303364444444	-0,0815577777778
59,4	0,5825512	0,0199702222222	-0,229005432099
59,45	0,5831	0,004116	-0,299468641975
59,5	0,5831	-0,0141773333333	-0,271435802469
59,55	0,5814536	-0,02744	-0,146007901235
59,6	0,5798072	-0,0292693333333	0,00321827160494
59,65	0,5784352	-0,0265253333333	0,143975308642
59,7	0,5767888	-0,015092	0,273044938272
59,75	0,5765144	0,00442088888889	0,315712444444
59,8	0,5773376	0,0217995555556	0,243225111111
59,85	0,578984	0,0323182222222	0,094236074073
59,9	0,5811792	0,0304583999999	-0,0382889629648
59,95	0,5822768	0,0235526666664	-0,0875454567914
60	0,5831	0,0192079999997	-0,0955149135807
